,target,ra,dec,BJD,RV_mlc_nzp,e_RV_mlc_nzp,RV_drs_nzp,e_RV_drs_nzp,RV_mlc,e_RV_mlc,RV_drs,e_RV_drs,RV_mlc_j,e_RV_mlc_j,CRX,e_CRX,dLW,e_dLW,Halpha,e_Halpha,NaD1,e_NaD1,NaD2,e_NaD2,f_RV,FWHM_DRS,CONTRAST_DRS,BIS,RVGUESS,SNR_DRS,BJD_DRS,BERV,BERV_DRS,DRIFT,e_DRIFT,SA,NZP_mlc,dNZP_mlc,NZP_drs,dNZP_drs,TMMEAN,EXPTIME,MLCRX,E_MLCRX,TIMEID,DRIFT_LAMP,MASK,PROGID,PROGPI,AIRMASS,OBHAB,THAR_FP,DPR_TYPE,RHKp,dRHKp,vsinflag,metflag
121634,GJ698.1,269.74168,-51.62689,2453831.9186889,1.668073,1.102142,-10707.148251,1.188727,0.773927,1.007486,-10708.54799,1.057864,-15.920814,1.030228,13.06148,8.384679,-5.879908,1.102423,0.528657,0.001434,0.197517,0.001547,0.259698,0.001926,0,6.018524,47.185356,0.002263,-11,56.9,2453831.9188,25.23444,25.234334,0,-9999999,0.0,-0.860777,0.446866,-1.399739,0.542213,0.48,315,13.065983,8.506653,2006-04-06T09:58:19.318,-9999999,K5,072.C-0488(E),Mayor,-9999999,HARPS_ech_obs_all,HARPS_ech_obs_objA,STAR_DARK_K3,8.23320839506657e-06,1.15405984366121e-06,1,0
121635,GJ698.1,269.74168,-51.62689,2453834.9226049,0.653499,1.780069,-10708.373642,2.219498,0.393676,1.661405,-10710.26328,2.045578,-16.670743,1.681693,10.377653,11.766254,-0.548683,1.629099,0.528703,0.002202,0.203308,0.00256,0.2591,0.003163,0,6.010646,47.11476,0.005605,-11,37.8,2453834.92272,24.791545,24.791443,0,-9999999,0.000459,-0.226453,0.639046,-1.890097,0.861267,0.47,315,10.325804,11.614513,2006-04-09T10:03:39.127,-9999999,K5,072.C-0488(E),Mayor,-9999999,HARPS_ech_obs_all,HARPS_ech_obs_objA,STAR_DARK_K3,1.88009613608236e-05,9.00670297187346e-07,1,0
121636,GJ698.1,269.74168,-51.62689,2453882.7535531,1.659384,1.172205,-10709.590805,1.26869,0.714938,0.800464,-10710.747182,0.80497,-16.522673,0.833647,-6.254645,6.867321,-7.745546,0.763472,0.528839,0.001197,0.20148,0.001263,0.258864,0.0016,0,6.015504,47.208221,0.003488,-11,68.0,2453882.75366,10.835653,10.835745,0,-9999999,0.007775,-0.911077,0.856342,-1.164152,0.980611,0.48,400,-6.267103,6.778042,2006-05-27T05:55:09.442,-9999999,K5,072.C-0488(E),Mayor,-9999999,HARPS_ech_obs_all,HARPS_ech_obs_objA,STAR_DARK_K3,1.18552014347793e-05,8.66270780548667e-07,1,0
121637,GJ698.1,269.74168,-51.62689,2453886.7731231,-5.809389,1.221551,-10714.322849,1.31979,-6.704429,0.871126,-10715.450791,0.883312,-23.672196,0.903694,-5.433063,8.096053,-8.904557,0.909759,0.528581,0.001291,0.197483,0.001373,0.260399,0.001736,0,6.011173,47.253053,0.003666,-11,63.5,2453886.77323,9.141153,9.141251,0,-9999999,0.00839,-0.86167,0.856345,-1.136332,0.980614,0.47,360,-5.403226,8.009527,2006-05-31T06:23:31.519,-9999999,K5,072.C-0488(E),Mayor,-9999999,HARPS_ech_obs_all,HARPS_ech_obs_objA,STAR_DARK_K3,1.43089421075267e-05,6.22664702621344e-07,1,0
121638,GJ698.1,269.74168,-51.62689,2453944.6007165,4.25348,1.818784,-10707.098686,2.180819,4.869226,1.604568,-10706.016695,1.959923,-13.335375,1.63857,4.219543,14.222391,-6.009963,1.686538,0.525939,0.002145,0.194744,0.002464,0.257082,0.003124,0,6.015332,47.076103,0.001034,-11,38.6,2453944.60083,-14.973575,-14.97352,0,-9999999,0.017234,0.649116,0.856351,1.064757,0.956385,0.45,376,4.221045,14.234127,2006-07-28T02:16:08.372,-9999999,K5,077.C-0364(E),Mayor,-9999999,HARPS_ech_obs_all,HARPS_ech_obs_objA,STAR_DARK_K3,-9999999.0,-9999999.0,-9999999,-9999999
121639,GJ698.1,269.74168,-51.62689,2453982.6252152,-4.02242,1.738734,-10714.372253,2.036443,-4.334287,1.513231,-10714.548939,1.784796,-21.292136,1.549185,18.858891,12.474204,-2.919869,1.316662,0.529567,0.001943,0.197994,0.002248,0.253077,0.002815,0,6.015307,47.183509,0.006427,-11,41.8,2453982.62532,-24.993434,-24.993477,0,-9999999,0.02305,-0.278497,0.856345,-0.199736,0.980615,0.46,212,18.81195,12.384178,2006-09-04T02:56:22.356,-9999999,K5,072.C-0488(E),Mayor,-9999999,HARPS_ech_obs_all,HARPS_ech_obs_objA,STAR_DARK_K3,1.37705803807028e-05,1.1777467715199e-06,1,0
121640,GJ698.1,269.74168,-51.62689,2454229.8780046,-1.455995,1.839648,-10711.13391,2.252237,-1.043243,1.661781,-10711.281927,2.101537,-18.576434,1.711402,10.024709,14.632997,1.340732,1.550565,0.53462,0.002352,0.204399,0.002659,0.263638,0.003324,0,6.018986,46.946853,0.004297,-11,36.7,2454229.87813,17.425415,17.425442,0,-9999999,0.060866,0.446121,0.789169,-0.208883,0.810008,0.51,313,10.025596,14.650348,2007-05-09T08:56:09.541,-9999999,K5,072.C-0488(E),Mayor,-9999999,HARPS_ech_obs_all,HARPS_ech_obs_objA,STAR_DARK_K3,1.83641873206744e-05,9.66079618028576e-07,1,0
121641,GJ698.1,269.74168,-51.62689,2454232.8267552,-4.85475,1.168292,-10711.116142,1.271656,-4.925282,0.794705,-10711.714744,0.809614,-21.692287,0.833306,-0.646583,7.849596,-3.382732,0.778378,0.527172,0.001198,0.199872,0.001251,0.262918,0.001583,0,6.010484,47.213457,0.000961,-11,68.5,2454232.82687,16.497761,16.497796,0,-9999999,0.061317,-0.037163,0.856359,-0.659919,0.980629,0.48,600,-0.694978,7.837115,2007-05-12T07:39:58.863,-9999999,K5,072.C-0488(E),Mayor,-9999999,HARPS_ech_obs_all,HARPS_ech_obs_objA,STAR_DARK_K3,9.5438492659866e-06,1.04445014101698e-06,1,0
121642,GJ698.1,269.74168,-51.62689,2455310.8726959,1.894824,1.911053,-10709.045916,2.281509,1.794615,1.708433,-10709.01393,2.060003,-15.092527,1.743556,2.45842,12.900603,3.642396,1.828234,0.53144,0.00226,0.201941,0.002575,0.261284,0.003218,0,6.026837,46.845365,-0.009558,-11,38.1,2455310.87269,21.814426,21.814611,0,-9999999,0.226201,-0.066839,0.856376,-0.194215,0.980648,0.63,900,2.363894,12.95051,2010-04-24T08:43:06.814,-9999999,K5,085.C-0019(A),LoCurto,-9999999,HARPS_ech_obs_all,HARPS_ech_obs_objA,STAR_DARK_K3,7.46523955476319e-06,3.5262310448529e-06,1,0
121643,GJ698.1,269.74168,-51.62689,2455461.5797288,3.641086,1.29314,-10703.712998,1.451833,4.178895,1.040076,-10703.604402,1.070602,-12.822875,1.068343,7.140181,8.14477,-1.359231,0.966151,0.524375,0.001404,0.196778,0.001494,0.261424,0.001892,0,6.022629,47.043387,0.003029,-11,59.2,2455461.57972,-26.322183,-26.322174,0,-9999999,0.249251,0.571179,0.768409,-0.140655,0.980627,0.54,900,7.127006,8.134223,2010-09-22T01:46:35.488,-9999999,K5,085.C-0019(A),LoCurto,-9999999,HARPS_ech_obs_all,HARPS_ech_obs_objA,STAR_DARK_K3,7.73781059521954e-06,1.25072867785021e-06,1,0
121644,GJ698.1,269.74168,-51.62689,2455664.8710839,3.327904,1.685291,-10706.820038,1.90427,4.709741,1.46411,-10707.589471,1.679177,-12.308635,1.481578,11.675495,13.862414,3.428144,1.443732,0.526809,0.001942,0.197362,0.002108,0.257868,0.002621,0,6.028116,47.089281,-0.000695,-11,44.1,2455664.87108,24.27751,24.277558,0,-9999999,0.280344,1.415207,0.834618,-1.049777,0.898115,0.51,313,11.764693,13.901814,2011-04-13T08:48:48.812,-9999999,K5,183.C-0972(A),Udry,-9999999,HARPS_ech_obs_all,HARPS_ech_obs_objA,STAR_DARK_K3,-9999999.0,-9999999.0,-9999999,-9999999
121645,GJ698.1,269.74168,-51.62689,2456382.8800097,1.876828,1.161637,-10707.222162,1.102432,2.322706,0.978426,-10706.240396,0.991516,-15.232553,0.998784,-7.007026,9.515775,2.694831,1.181176,0.531643,0.001359,0.202348,0.001419,0.264716,0.001768,0,6.047355,46.931257,0.000509,-11,62.4,2456382.88001,25.951617,25.95163,0,-9999999,0.390161,0.479248,0.626166,0.591605,0.481926,0.49,900,-7.052086,9.440206,2013-03-31T08:58:28.295,-9999999,K5,090.C-0421(A),LoCurto,-9999999,HARPS_ech_obs_all,HARPS_ech_obs_objA,STAR_DARK_K3,1.50373979268047e-05,8.98777940113139e-07,1,0
121646,GJ698.1,269.74168,-51.62689,2456506.7382814,-0.243656,1.41928,-10709.045841,1.429784,1.791935,1.149466,-10707.153353,1.203507,-15.62235,1.179222,-18.77912,11.164561,7.451314,1.422216,0.527097,0.001534,0.204314,0.001626,0.260347,0.002068,0,6.06439,46.770447,0.004914,-11,54.9,2456506.73827,-17.016557,-17.016448,0,-9999999,0.409104,2.068961,0.832517,1.483384,0.771916,0.5,900,-18.772352,11.144836,2013-08-02T05:29:54.955,-9999999,K5,091.C-0034(A),LoCurto,-9999999,HARPS_ech_obs_all,HARPS_ech_obs_objA,STAR_DARK_K3,1.46653846739134e-05,1.35435450639115e-06,1,0
121647,GJ698.1,269.74168,-51.62689,2457489.8284997,0.0,4.206695,-10693.755203,0.93032,-9.39143,4.142463,-10693.162945,0.522598,-5.051155,0.492125,-2.044405,9.12086,7.537741,0.974017,0.527503,0.000881,0.19812,0.00082,0.255239,0.001027,0,6.056333,46.787554,0.02006,-11,101.2,2457489.82849,24.566954,24.567016,0,-9999999,0.559465,0.365214,0.732312,0.032793,0.769666,0.53,900,-2.063314,9.120639,2016-04-11T07:42:22.425,-9999999,K5,096.C-0460(A),LoCurto,-9999999,HARPS_ech_obs_all,HARPS_ech_obs_objA,STAR_DARK_K3,1.13822502360003e-05,6.06049439990036e-07,1,0
