,target,ra,dec,BJD,RV_mlc_nzp,e_RV_mlc_nzp,RV_drs_nzp,e_RV_drs_nzp,RV_mlc,e_RV_mlc,RV_drs,e_RV_drs,RV_mlc_j,e_RV_mlc_j,CRX,e_CRX,dLW,e_dLW,Halpha,e_Halpha,NaD1,e_NaD1,NaD2,e_NaD2,f_RV,FWHM_DRS,CONTRAST_DRS,BIS,RVGUESS,SNR_DRS,BJD_DRS,BERV,BERV_DRS,DRIFT,e_DRIFT,SA,NZP_mlc,dNZP_mlc,NZP_drs,dNZP_drs,TMMEAN,EXPTIME,MLCRX,E_MLCRX,TIMEID,DRIFT_LAMP,MASK,PROGID,PROGPI,AIRMASS,OBHAB,THAR_FP,DPR_TYPE,RHKp,dRHKp,vsinflag,metflag
9157,GJ3021,4.06886,-79.84782,2453289.6671133,-40.690002,1.484613,-5527.126975,1.402544,-5.908237,1.251009,-5525.425366,1.132495,-5.91066,1.251079,-11.427578,8.560507,-0.997358,1.163532,0.491923,0.001053,0.271299,0.001327,0.374159,0.001717,0,8.939796,42.274369,0.007861,-6,72.8,2453289.66711,-12.448494,-12.44847,0,-9999999,0.0,1.345303,0.799408,1.701609,0.827396,0.53,60,-11.067546,9.055436,2004-10-11T03:59:41.893,-9999999,G2,072.C-0488(E),Mayor,-9999999,HARPS_ech_obs_all,HARPS_ech_obs_thosimult,STAR_WAVE_G6,5.03642555163323e-05,1.30500204942269e-06,0,0
9158,GJ3021,4.06886,-79.84782,2453289.668141,-40.383958,1.363066,-5527.292371,1.30573,-5.602516,1.104037,-5525.592694,1.010122,-5.605229,1.104077,6.341368,9.656376,1.569239,1.27101,0.490996,0.000984,0.271096,0.001212,0.377844,0.001576,0,8.94591,42.258167,0.000365,-6,79.3,2453289.66814,-12.448984,-12.448959,0,-9999999,0.0,1.34498,0.799407,1.699677,0.827396,0.49,60,6.543268,10.059873,2004-10-11T04:01:13.093,-9999999,G2,072.C-0488(E),Mayor,-9999999,HARPS_ech_obs_all,HARPS_ech_obs_thosimult,STAR_WAVE_G6,5.15013252120362e-05,1.21726753593067e-06,0,0
9159,GJ3021,4.06886,-79.84782,2453289.6691796,-40.064654,1.428973,-5529.088013,1.35559,-5.283538,1.184446,-5527.390288,1.073798,-5.277047,1.184497,22.960019,8.552389,4.907423,1.314329,0.490608,0.001016,0.269974,0.001268,0.3748,0.001645,0,8.946796,42.243934,0.008143,-6,75.8,2453289.66918,-12.449478,-12.449459,0,-9999999,0.0,1.344654,0.799407,1.697725,0.827395,0.48,60,23.241475,8.961367,2004-10-11T04:02:43.432,-9999999,G2,072.C-0488(E),Mayor,-9999999,HARPS_ech_obs_all,HARPS_ech_obs_thosimult,STAR_WAVE_G6,5.36642782966728e-05,1.56334602965215e-06,0,0
9160,GJ3021,4.06886,-79.84782,2453289.6702318,-41.166977,1.441913,-5527.321345,1.366873,-6.386192,1.200025,-5525.625596,1.088007,-6.37736,1.200022,19.392008,9.079007,1.513673,1.228552,0.491876,0.001032,0.268842,0.001284,0.373905,0.001668,0,8.94305,42.259653,0.002404,-6,74.8,2453289.67023,-12.449978,-12.449958,0,-9999999,1e-06,1.344323,0.799407,1.695748,0.827395,0.48,60,19.8293,9.512801,2004-10-11T04:04:14.340,-9999999,G2,072.C-0488(E),Mayor,-9999999,HARPS_ech_obs_all,HARPS_ech_obs_thosimult,STAR_WAVE_G6,4.99193281726594e-05,1.24953549008e-06,0,0
9161,GJ3021,4.06886,-79.84782,2453289.6713053,-41.540643,1.415975,-5527.586975,1.351157,-6.760195,1.168731,-5525.893244,1.068196,-6.769769,1.168761,3.417898,10.301061,1.139501,1.073807,0.492007,0.001043,0.270927,0.001284,0.378093,0.001672,0,8.938007,42.287182,0.000594,-6,75.2,2453289.67129,-12.450489,-12.450463,0,-9999999,1e-06,1.343986,0.799407,1.69373,0.827395,0.51,60,3.771093,10.717845,2004-10-11T04:05:45.300,-9999999,G2,072.C-0488(E),Mayor,-9999999,HARPS_ech_obs_all,HARPS_ech_obs_thosimult,STAR_WAVE_G6,5.21335994070978e-05,1.81059425854185e-06,0,0
9162,GJ3021,4.06886,-79.84782,2453289.6723496,-42.220319,1.453927,-5528.811164,1.378688,-7.440199,1.214435,-5527.119396,1.102814,-7.430945,1.214462,4.248362,9.95161,1.36006,1.300849,0.492578,0.001042,0.268815,0.001298,0.373215,0.001683,0,8.946609,42.252594,0.009667,-6,74.0,2453289.67235,-12.450985,-12.450962,0,-9999999,1e-06,1.343658,0.799407,1.691767,0.827395,0.5,60,4.634806,10.421991,2004-10-11T04:07:16.129,-9999999,G2,072.C-0488(E),Mayor,-9999999,HARPS_ech_obs_all,HARPS_ech_obs_thosimult,STAR_WAVE_G6,5.67319017618706e-05,1.44622840946195e-06,0,0
9163,GJ3021,4.06886,-79.84782,2453289.6734075,-46.783513,1.550225,-5535.182512,1.470151,-12.003725,1.328211,-5533.492732,1.215221,-12.000556,1.328295,22.366112,9.472366,0.826863,1.160407,0.491867,0.001161,0.269703,0.001437,0.375615,0.001867,0,8.94515,42.255969,-0.00096,-6,67.4,2453289.6734,-12.451487,-12.451466,0,-9999999,1e-06,1.343326,0.799407,1.689779,0.827395,0.51,60,22.628668,10.110546,2004-10-11T04:08:46.937,-9999999,G2,072.C-0488(E),Mayor,-9999999,HARPS_ech_obs_all,HARPS_ech_obs_thosimult,STAR_WAVE_G6,5.14279480825153e-05,1.49761333546373e-06,0,0
9164,GJ3021,4.06886,-79.84782,2453289.6744189,-42.756707,1.547131,-5531.452286,1.459434,-7.977237,1.324599,-5529.764406,1.202233,-7.995649,1.324593,7.408611,10.322385,3.33062,1.163415,0.491592,0.001116,0.270729,0.001406,0.375815,0.001824,0,8.944571,42.282672,-0.000856,-6,68.9,2453289.67441,-12.451966,-12.451942,0,-9999999,2e-06,1.343008,0.799407,1.687878,0.827395,0.45,60,7.571797,10.740947,2004-10-11T04:10:17.926,-9999999,G2,072.C-0488(E),Mayor,-9999999,HARPS_ech_obs_all,HARPS_ech_obs_thosimult,STAR_WAVE_G6,5.17983113247175e-05,1.53218904892557e-06,0,0
9165,GJ3021,4.06886,-79.84782,2453289.6755307,-42.502983,1.478338,-5530.475246,1.398105,-7.723862,1.243556,-5528.789456,1.126994,-7.735314,1.243593,11.602641,8.853014,3.021572,1.070162,0.492741,0.001078,0.270561,0.001339,0.375509,0.001736,0,8.936898,42.289551,0.00997,-6,72.2,2453289.67552,-12.452493,-12.452467,0,-9999999,2e-06,1.342659,0.799407,1.685788,0.827395,0.53,60,11.782328,9.374541,2004-10-11T04:11:49.185,-9999999,G2,072.C-0488(E),Mayor,-9999999,HARPS_ech_obs_all,HARPS_ech_obs_thosimult,STAR_WAVE_G6,5.48500972446485e-05,1.77322019422041e-06,0,0
9166,GJ3021,4.06886,-79.84782,2453289.6765688,-43.144456,1.468682,-5529.651098,1.391094,-8.365661,1.232062,-5527.967259,1.118284,-8.368455,1.2321,3.274174,9.698614,0.039812,1.045802,0.493432,0.001067,0.269434,0.001324,0.373811,0.001715,0,8.95043,42.251016,-0.001248,-6,72.9,2453289.67656,-12.452984,-12.452958,0,-9999999,2e-06,1.342332,0.799407,1.683837,0.827395,0.51,60,3.438854,10.180013,2004-10-11T04:13:20.084,-9999999,G2,072.C-0488(E),Mayor,-9999999,HARPS_ech_obs_all,HARPS_ech_obs_thosimult,STAR_WAVE_G6,5.14676873462276e-05,1.56042430240951e-06,0,0
9167,GJ3021,4.06886,-79.84782,2453296.7061487,15.649659,1.685343,-5475.247681,1.644041,46.962817,1.45955,-5475.256547,1.319208,46.94891,1.459656,20.516493,12.494587,-1.717565,1.790283,0.495021,0.001204,0.273957,0.001512,0.37743,0.001949,0,8.959672,42.374216,-0.007701,-6,64.4,2453296.70614,-12.557975,-12.557973,0,-9999999,0.00149,-2.123304,0.842671,-0.010356,0.981102,0.48,60,20.47109,11.856483,2004-10-18T04:56:22.911,-9999999,G2,072.C-0488(E),Mayor,-9999999,HARPS_ech_obs_all,HARPS_ech_obs_thosimult,STAR_WAVE_G6,5.20973010680184e-05,1.54269464384752e-06,0,0
9168,GJ3021,4.06886,-79.84782,2453296.7072274,20.597971,1.667157,-5471.740615,1.612286,51.91079,1.438513,-5471.751509,1.279416,51.925917,1.43854,19.431658,12.332822,0.65142,1.550945,0.492651,0.001166,0.269074,0.001455,0.376135,0.00189,0,8.973474,42.325128,-0.012498,-6,66.2,2453296.70722,-12.558408,-12.55841,0,-9999999,0.00149,-2.123643,0.842671,-0.012384,0.981102,0.51,60,19.350421,11.610447,2004-10-18T04:57:54.321,-9999999,G2,072.C-0488(E),Mayor,-9999999,HARPS_ech_obs_all,HARPS_ech_obs_thosimult,STAR_WAVE_G6,5.38164761269743e-05,1.59255350960991e-06,0,0
9169,GJ3021,4.06886,-79.84782,2453296.7082972,20.978702,1.543049,-5467.684756,1.505453,52.291185,1.292635,-5467.69766,1.141853,52.292029,1.292676,-13.132265,11.402805,-0.241961,1.26728,0.493537,0.001046,0.273477,0.001313,0.375528,0.001693,0,8.968455,42.335698,-0.003978,-6,73.3,2453296.70829,-12.558837,-12.55884,0,-9999999,0.00149,-2.123979,0.842671,-0.014394,0.981102,0.53,60,-12.949227,10.422131,2004-10-18T04:59:25.549,-9999999,G2,072.C-0488(E),Mayor,-9999999,HARPS_ech_obs_all,HARPS_ech_obs_thosimult,STAR_WAVE_G6,5.42313673226763e-05,1.65403897305062e-06,0,0
9170,GJ3021,4.06886,-79.84782,2453296.709338,22.208119,1.541465,-5469.481264,1.509138,53.520275,1.290744,-5469.496125,1.146707,53.541842,1.290771,-6.894617,11.46984,-1.63281,1.461506,0.493529,0.001056,0.272255,0.00132,0.37426,0.001703,0,8.96416,42.324206,-0.008305,-6,72.9,2453296.70933,-12.559252,-12.559254,0,-9999999,0.00149,-2.124306,0.842671,-0.016351,0.981102,0.5,60,-6.791032,10.597777,2004-10-18T05:00:57.279,-9999999,G2,072.C-0488(E),Mayor,-9999999,HARPS_ech_obs_all,HARPS_ech_obs_thosimult,STAR_WAVE_G6,5.50138269239545e-05,1.77150824769143e-06,0,0
9171,GJ3021,4.06886,-79.84782,2453296.7103818,20.900212,1.64104,-5467.365688,1.583419,52.21204,1.408161,-5467.382509,1.242842,52.191002,1.408213,-19.323549,10.680833,-0.220184,1.751697,0.494541,0.001125,0.271609,0.001414,0.373567,0.001825,0,8.966401,42.342725,-0.006653,-6,68.2,2453296.71038,-12.559668,-12.559668,0,-9999999,0.001491,-2.124634,0.842671,-0.018312,0.981102,0.49,60,-19.085273,9.803343,2004-10-18T05:02:28.067,-9999999,G2,072.C-0488(E),Mayor,-9999999,HARPS_ech_obs_all,HARPS_ech_obs_thosimult,STAR_WAVE_G6,5.39885862877926e-05,1.678358031523e-06,0,0
9172,GJ3021,4.06886,-79.84782,2453296.7113881,23.092083,1.955498,-5467.187569,1.89105,54.403595,1.764618,-5467.206282,1.616635,54.433437,1.764624,-12.681922,14.933032,-2.264099,1.906101,0.490958,0.001385,0.269041,0.001765,0.370188,0.002269,0,8.960999,42.373579,0.004315,-6,55.4,2453296.71138,-12.560067,-12.560071,0,-9999999,0.001491,-2.12495,0.842671,-0.020204,0.981102,0.42,60,-12.488197,14.162344,2004-10-18T05:03:59.216,-9999999,G2,072.C-0488(E),Mayor,-9999999,HARPS_ech_obs_all,HARPS_ech_obs_thosimult,STAR_WAVE_G6,5.78049811964586e-05,2.55421501307535e-06,0,0
9173,GJ3021,4.06886,-79.84782,2453296.7125427,20.502225,1.785271,-5471.020157,1.719992,51.813375,1.57388,-5471.04104,1.412732,51.830049,1.573896,-5.546912,12.152229,-6.078295,1.865303,0.491173,0.001244,0.271183,0.001582,0.367457,0.002023,0,8.959363,42.383674,-0.016279,-6,61.4,2453296.71254,-12.560523,-12.560526,0,-9999999,0.001491,-2.125313,0.842671,-0.022374,0.981102,0.55,60,-5.41593,11.546099,2004-10-18T05:05:31.175,-9999999,G2,072.C-0488(E),Mayor,-9999999,HARPS_ech_obs_all,HARPS_ech_obs_thosimult,STAR_WAVE_G6,5.12415391463675e-05,1.61926195952038e-06,0,0
9174,GJ3021,4.06886,-79.84782,2453296.7135736,19.982844,1.731144,-5469.051868,1.682057,51.29367,1.512205,-5469.074688,1.366292,51.308352,1.512243,10.732225,10.814532,-0.141058,1.604292,0.49262,0.001254,0.273172,0.001566,0.372423,0.002007,0,8.964106,42.354743,-0.013101,-6,62.4,2453296.71357,-12.560929,-12.560931,0,-9999999,0.001491,-2.125636,0.842671,-0.024311,0.981102,0.5,60,10.669491,9.92407,2004-10-18T05:07:03.254,-9999999,G2,072.C-0488(E),Mayor,-9999999,HARPS_ech_obs_all,HARPS_ech_obs_thosimult,STAR_WAVE_G6,5.18236399148578e-05,1.57288936013342e-06,0,0
9175,GJ3021,4.06886,-79.84782,2453296.7145937,22.117763,1.817943,-5468.422791,1.77166,53.428268,1.610845,-5468.447528,1.475201,53.423616,1.610887,-10.064638,12.949974,-5.682744,1.977262,0.492407,0.001333,0.27112,0.001666,0.374255,0.002149,0,8.961983,42.359872,-0.008778,-6,58.8,2453296.71459,-12.561329,-12.561329,0,-9999999,0.001492,-2.125957,0.842671,-0.026229,0.981102,0.46,60,-9.882092,12.060199,2004-10-18T05:08:33.793,-9999999,G2,072.C-0488(E),Mayor,-9999999,HARPS_ech_obs_all,HARPS_ech_obs_thosimult,STAR_WAVE_G6,5.17422361512452e-05,1.72160190251282e-06,0,0
9176,GJ3021,4.06886,-79.84782,2453296.7156607,22.623009,1.962587,-5468.307576,1.883828,53.933179,1.772471,-5468.334318,1.608181,53.944725,1.772523,-13.41785,18.504947,-7.159121,1.991047,0.494071,0.001362,0.2757,0.001772,0.374977,0.002264,0,8.953773,42.436311,-0.003146,-6,55.9,2453296.71565,-12.561745,-12.561748,0,-9999999,0.001492,-2.126292,0.842671,-0.028234,0.981102,0.48,60,-13.22089,18.130146,2004-10-18T05:10:04.782,-9999999,G2,072.C-0488(E),Mayor,-9999999,HARPS_ech_obs_all,HARPS_ech_obs_thosimult,STAR_WAVE_G6,5.68074216681013e-05,2.31456618008346e-06,0,0
9177,GJ3021,4.06886,-79.84782,2453297.6984997,28.618643,1.491626,-5459.606189,1.310224,61.315391,1.350369,-5460.505351,1.166157,61.32669,1.350407,-3.005543,10.574772,1.535574,1.693383,0.496146,0.001048,0.271555,0.001317,0.374178,0.001703,0,8.999949,42.224845,-0.008488,-6,73.0,2453297.69849,-12.551735,-12.551739,0,-9999999,0.0017,-0.739715,0.633601,-0.900862,0.597298,0.5,60,-2.800373,9.406251,2004-10-19T04:45:24.425,-9999999,G2,072.C-0488(E),Mayor,-9999999,HARPS_ech_obs_all,HARPS_ech_obs_thosimult,STAR_WAVE_G6,5.46624799584281e-05,1.81764253764058e-06,0,0
9178,GJ3021,4.06886,-79.84782,2453297.6995631,26.000515,1.439236,-5461.257145,1.273287,58.696929,1.292265,-5462.158306,1.124498,58.712797,1.292299,-25.470862,11.632951,-1.946648,1.414987,0.496536,0.001023,0.27059,0.001273,0.372748,0.001643,0,8.999893,42.240896,-0.016594,-6,75.4,2453297.69956,-12.552164,-12.552169,0,-9999999,0.0017,-0.740049,0.633601,-0.902861,0.597298,0.51,60,-25.081013,10.492254,2004-10-19T04:46:55.704,-9999999,G2,072.C-0488(E),Mayor,-9999999,HARPS_ech_obs_all,HARPS_ech_obs_thosimult,STAR_WAVE_G6,5.46858649002848e-05,1.66215675526378e-06,0,0
9179,GJ3021,4.06886,-79.84782,2453297.7006176,28.013174,1.446487,-5461.073979,1.286114,60.709256,1.300336,-5461.977122,1.139001,60.716021,1.300373,-10.963976,11.518337,-0.72629,1.548609,0.496471,0.001049,0.274782,0.001305,0.374874,0.001679,0,8.99886,42.240076,-0.015917,-6,74.1,2453297.70061,-12.552589,-12.552596,0,-9999999,0.0017,-0.74038,0.633601,-0.904843,0.597298,0.51,60,-11.00705,10.401509,2004-10-19T04:48:26.813,-9999999,G2,072.C-0488(E),Mayor,-9999999,HARPS_ech_obs_all,HARPS_ech_obs_thosimult,STAR_WAVE_G6,4.97547591268787e-05,1.5135712888759e-06,0,0
9180,GJ3021,4.06886,-79.84782,2453297.7016518,27.584023,1.554219,-5461.161608,1.360995,60.279781,1.419206,-5462.066695,1.222924,60.259288,1.419248,7.440689,9.691732,2.157985,1.55335,0.497116,0.001086,0.273581,0.001375,0.377496,0.001775,0,9.010062,42.219873,-0.009062,-6,70.3,2453297.70164,-12.553005,-12.553009,0,-9999999,0.0017,-0.740705,0.633601,-0.906787,0.597298,0.48,60,7.288015,8.264515,2004-10-19T04:49:57.971,-9999999,G2,072.C-0488(E),Mayor,-9999999,HARPS_ech_obs_all,HARPS_ech_obs_thosimult,STAR_WAVE_G6,5.27768902377155e-05,1.67337549655108e-06,0,0
9181,GJ3021,4.06886,-79.84782,2453297.7027324,26.210499,1.449209,-5461.355357,1.284526,58.905917,1.303363,-5462.262474,1.137208,58.89546,1.303411,-12.348099,11.268756,-0.978266,1.395785,0.497923,0.001049,0.272839,0.0013,0.37337,0.001674,0,9.008398,42.209003,-0.018189,-6,74.1,2453297.70273,-12.553437,-12.553443,0,-9999999,0.001701,-0.741044,0.633601,-0.908818,0.597298,0.51,60,-12.18482,10.127318,2004-10-19T04:51:29.540,-9999999,G2,072.C-0488(E),Mayor,-9999999,HARPS_ech_obs_all,HARPS_ech_obs_thosimult,STAR_WAVE_G6,5.09751987638648e-05,1.5574415744751e-06,0,0
9182,GJ3021,4.06886,-79.84782,2453297.7037757,27.201755,1.395679,-5461.648498,1.238352,59.896845,1.243571,-5462.557575,1.084781,59.926525,1.243577,-6.834689,11.62036,0.643169,1.395387,0.497234,0.000995,0.271431,0.001232,0.377032,0.0016,0,9.000531,42.20093,-0.012778,-6,77.8,2453297.70377,-12.553853,-12.553858,0,-9999999,0.001701,-0.741372,0.633601,-0.910778,0.597298,0.49,60,-6.685234,10.393999,2004-10-19T04:53:00.890,-9999999,G2,072.C-0488(E),Mayor,-9999999,HARPS_ech_obs_all,HARPS_ech_obs_thosimult,STAR_WAVE_G6,4.93760171160097e-05,1.50122253905392e-06,0,0
9183,GJ3021,4.06886,-79.84782,2453297.7048378,28.336844,1.449685,-5462.366838,1.280507,61.031601,1.303893,-5463.277912,1.132666,61.030184,1.303917,-10.201109,10.756288,-1.272571,1.513095,0.497069,0.001039,0.27212,0.00129,0.373333,0.001664,0,8.99462,42.236117,-0.009917,-6,74.5,2453297.70484,-12.554276,-12.554284,0,-9999999,0.001701,-0.741705,0.633601,-0.912775,0.597298,0.5,60,-9.890724,9.481401,2004-10-19T04:54:32.058,-9999999,G2,072.C-0488(E),Mayor,-9999999,HARPS_ech_obs_all,HARPS_ech_obs_thosimult,STAR_WAVE_G6,5.33261982157667e-05,2.05571866041112e-06,0,0
9184,GJ3021,4.06886,-79.84782,2453297.7058858,27.052027,1.478756,-5463.753543,1.305538,59.746455,1.33614,-5464.666586,1.160889,59.782525,1.33619,-1.552013,10.35323,-1.473025,1.401746,0.496454,0.00105,0.273071,0.001314,0.375818,0.001698,0,9.01342,42.205373,-0.014032,-6,73.4,2453297.70588,-12.554691,-12.554696,0,-9999999,0.001701,-0.742035,0.633601,-0.914744,0.597298,0.49,60,-1.588611,8.942777,2004-10-19T04:56:03.207,-9999999,G2,072.C-0488(E),Mayor,-9999999,HARPS_ech_obs_all,HARPS_ech_obs_thosimult,STAR_WAVE_G6,5.19995218686095e-05,1.61193420805271e-06,0,0
9185,GJ3021,4.06886,-79.84782,2453297.7069353,28.247835,1.533696,-5459.827659,1.350522,60.941933,1.396701,-5460.742674,1.211257,60.942094,1.396736,-14.612464,10.53466,1.545384,1.456692,0.496312,0.001087,0.271033,0.001363,0.372735,0.001758,0,8.997372,42.250092,-0.017598,-6,70.6,2453297.70693,-12.555105,-12.555111,0,-9999999,0.001702,-0.742364,0.633601,-0.916717,0.597298,0.49,60,-14.260899,9.287892,2004-10-19T04:57:33.886,-9999999,G2,072.C-0488(E),Mayor,-9999999,HARPS_ech_obs_all,HARPS_ech_obs_thosimult,STAR_WAVE_G6,5.62861026058139e-05,2.35145145020372e-06,0,0
9186,GJ3021,4.06886,-79.84782,2453297.7080035,26.530998,1.486021,-5461.262678,1.319002,59.22476,1.344175,-5462.179701,1.176011,59.22367,1.344216,-2.766233,10.787069,0.354432,1.965457,0.497267,0.001074,0.271954,0.001336,0.375672,0.001729,0,9.011539,42.214038,-0.003798,-6,72.1,2453297.708,-12.555525,-12.555528,0,-9999999,0.001702,-0.7427,0.633601,-0.918725,0.597298,0.51,60,-2.814023,9.562237,2004-10-19T04:59:04.985,-9999999,G2,072.C-0488(E),Mayor,-9999999,HARPS_ech_obs_all,HARPS_ech_obs_thosimult,STAR_WAVE_G6,5.39682373500318e-05,1.73643895779388e-06,0,0
