,target,ra,dec,BJD,RV_mlc_nzp,e_RV_mlc_nzp,RV_drs_nzp,e_RV_drs_nzp,RV_mlc,e_RV_mlc,RV_drs,e_RV_drs,RV_mlc_j,e_RV_mlc_j,CRX,e_CRX,dLW,e_dLW,Halpha,e_Halpha,NaD1,e_NaD1,NaD2,e_NaD2,f_RV,FWHM_DRS,CONTRAST_DRS,BIS,RVGUESS,SNR_DRS,BJD_DRS,BERV,BERV_DRS,DRIFT,e_DRIFT,SA,NZP_mlc,dNZP_mlc,NZP_drs,dNZP_drs,TMMEAN,EXPTIME,MLCRX,E_MLCRX,TIMEID,DRIFT_LAMP,MASK,PROGID,PROGPI,AIRMASS,OBHAB,THAR_FP,DPR_TYPE,RHKp,dRHKp,vsinflag,metflag
6755,GJ9055,20.7646915,-12.965375,2452945.6857629,-0.783483,0.879877,34778.060357,1.027812,-4.42184,0.350743,34778.529664,0.310937,-4.428785,0.350728,0.863478,4.825168,-18.258483,1.760559,0.499388,0.000444,0.197011,0.000476,0.262978,0.000615,0,6.466833,49.733206,0.008975,35,173.0,2452945.68576,-12.502951,-12.503836,0,-9999999,0.0,-0.113836,0.806947,0.469307,0.979651,0.5,900,0.868964,4.808273,2003-11-02T04:12:58.182,-9999999,K5,072.C-0488(E),M. Mayor,-9999999,HARPS_ech_obs_all,HARPS_ech_obs_thosimult,STAR_WAVE_K0IV,1.03500417508885e-05,4.52428472842985e-07,0,0
6756,GJ9055,20.7646915,-12.965375,2453288.7204103,6.930152,0.894053,34786.692872,1.007234,3.421386,0.259435,34786.777569,0.234103,3.41812,0.259446,5.64973,2.927379,-12.668842,1.536791,0.496848,0.000359,0.19769,0.000378,0.25277,0.000486,0,6.484161,49.717725,0.011946,35,216.8,2453288.72041,-2.026858,-2.026491,0,-9999999,0.138818,0.015755,0.855584,-0.054121,0.979651,0.5,900,5.659815,2.944208,2004-10-10T05:02:04.358,-9999999,K5,072.C-0488(E),Mayor,-9999999,HARPS_ech_obs_all,HARPS_ech_obs_thosimult,STAR_WAVE_K0,1.1965677700355e-05,5.38914350405796e-07,0,0
6757,GJ9055,20.7646915,-12.965375,2454298.9137698,-3.489284,0.857393,34776.436495,0.970687,-6.862357,0.357099,34776.231306,0.30314,-6.861722,0.357103,11.807483,3.24379,-11.213462,1.017368,0.502408,0.000494,0.192676,0.000499,0.26475,0.000647,0,6.455259,49.727783,0.00507,35,164.5,2454298.9139,27.112444,27.112175,0,-9999999,0.547618,0.151448,0.779489,-0.752807,0.922139,0.51,900,11.764935,3.208146,2007-07-17T09:46:44.129,-9999999,K5,072.C-0488(E),Mayor,-9999999,HARPS_ech_obs_all,HARPS_ech_obs_thosimult,STAR_WAVE_K0,7.95089091394063e-06,3.4516700876625e-07,0,0
6758,GJ9055,20.7646915,-12.965375,2454299.921135,-3.704977,0.924193,34774.867066,0.740745,-7.267115,0.34929,34775.895586,0.298075,-7.270333,0.349303,10.893078,3.659891,-16.524385,0.939839,0.503149,0.00049,0.192554,0.000494,0.26636,0.000642,0,6.450829,49.766749,0.006459,35,166.4,2454299.92125,26.997509,26.997268,0,-9999999,0.548026,-0.037617,0.855646,0.480494,0.678126,0.49,900,10.854877,3.625132,2007-07-18T09:57:30.648,-9999999,K5,072.C-0488(E),Mayor,-9999999,HARPS_ech_obs_all,HARPS_ech_obs_thosimult,STAR_WAVE_K0,9.62540857207235e-06,4.21643765045629e-07,0,0
6759,GJ9055,20.7646915,-12.965375,2454387.6608309,-3.789736,0.903298,34776.440386,1.009093,-6.274439,0.289693,34778.154015,0.24197,-6.280751,0.289661,10.006533,3.196335,-12.515468,0.749748,0.502857,0.000388,0.192943,0.000395,0.256151,0.000512,0,6.459447,49.72392,0.004055,35,207.6,2454387.66096,-3.456824,-3.456838,0,-9999999,0.583532,1.039818,0.855585,1.130097,0.979653,0.52,900,10.021756,3.161215,2007-10-14T03:36:02.174,-9999999,K5,072.C-0488(E),Mayor,-9999999,HARPS_ech_obs_all,HARPS_ech_obs_thosimult,STAR_WAVE_K0,8.63749527062318e-06,3.28750852007425e-07,0,0
6760,GJ9055,20.7646915,-12.965375,2454724.778797,0.639679,0.703813,34780.726478,1.022009,-3.796737,0.338707,34780.687844,0.291154,-3.796379,0.338685,8.601991,3.319454,-14.810119,0.851439,0.508322,0.000488,0.194072,0.000488,0.259203,0.000633,0,6.464552,49.748455,0.005253,31,169.8,2454724.77891,9.696655,9.696675,0,-9999999,0.719956,-0.911895,0.616952,-0.75859,0.979659,0.48,900,8.579019,3.302535,2008-09-15T06:26:57.275,-9999999,K5,081.C-0148(B),UNKNOWN,-9999999,HARPS_ech_obs_all,HARPS_ech_obs_thosimult,STAR_WAVE_K0IV,8.23994849758947e-06,3.40141555316643e-07,0,0
6761,GJ9055,20.7646915,-12.965375,2454725.7240701,-1.455943,0.732085,34779.789752,1.03781,-4.826572,0.396933,34779.881956,0.342539,-4.832766,0.396952,4.816538,3.742125,-10.600219,0.942606,0.502888,0.000549,0.192958,0.000558,0.263023,0.000722,0,6.469859,49.713499,0.006671,31,148.2,2454725.72419,9.406724,9.406714,0,-9999999,0.720338,0.153892,0.615136,-0.628134,0.979652,0.52,900,4.792031,3.723924,2008-09-16T05:07:30.283,-9999999,K5,081.C-0148(B),UNKNOWN,-9999999,HARPS_ech_obs_all,HARPS_ech_obs_thosimult,STAR_WAVE_K0IV,7.89667407043654e-06,4.18323918926311e-07,0,0
6762,GJ9055,20.7646915,-12.965375,2454726.7098936,-1.939611,0.89057,34778.445836,1.001409,-5.576679,0.247168,34778.646898,0.207614,-5.589168,0.24715,5.85027,3.196717,-10.969818,0.856847,0.504596,0.000335,0.19708,0.000335,0.25978,0.000438,0,6.469667,49.730717,0.006384,31,243.6,2454726.71001,8.995095,8.995118,0,-9999999,0.720737,-0.112547,0.855583,-0.519675,0.979651,0.5,900,5.827875,3.16961,2008-09-17T04:47:20.854,-9999999,K5,081.C-0148(B),UNKNOWN,-9999999,HARPS_ech_obs_all,HARPS_ech_obs_thosimult,STAR_WAVE_K0IV,7.99750061729054e-06,3.40937904946071e-07,0,0
6763,GJ9055,20.7646915,-12.965375,2455805.7809034,-3.589301,0.64783,34776.663441,0.764966,-7.487889,0.327557,34777.076063,0.285377,-7.504021,0.327557,7.881358,3.580474,-4.677363,0.675216,0.507413,0.000444,0.192424,0.00044,0.256761,0.000571,0,6.473176,49.638168,0.006319,35,186.8,2455805.7809,15.939699,15.939866,1,-9999999,1.157411,-0.374067,0.558919,-0.744789,0.709741,0.49,900,7.856692,3.547608,2011-09-01T06:30:46.605,-9999999,K5,183.C-0972(A),Udry,-9999999,HARPS_ech_obs_all,HARPS_ech_obs_thosimult,STAR_WAVE_K0,7.38796012034401e-06,3.94462993751307e-07,0,0
6764,GJ9055,20.7646915,-12.965375,2455815.7801422,0.465459,0.707538,34780.117488,0.811182,-3.365842,0.368767,34781.034433,0.32575,-3.378608,0.368769,5.446326,3.267578,2.777093,0.837194,0.502353,0.000503,0.192707,0.000503,0.264368,0.000653,0,6.484446,49.57035,0.007885,35,164.4,2455815.78013,11.80936,11.809525,0,-9999999,1.161457,-0.30678,0.603838,-0.244512,0.742901,0.49,900,5.437924,3.260135,2011-09-11T06:29:00.905,-9999999,K5,183.C-0972(A),Udry,-9999999,HARPS_ech_obs_all,HARPS_ech_obs_thosimult,STAR_WAVE_K0,8.24191730343291e-06,4.46321834748299e-07,0,0
6765,GJ9055,20.7646915,-12.965375,2455816.7487177,1.025269,0.755172,34780.900694,0.845606,-3.937102,0.380474,34780.297438,0.334162,-3.940338,0.380485,6.748804,3.937618,-1.564827,0.756081,0.502183,0.00052,0.19728,0.000519,0.262826,0.000673,0,6.481903,49.602223,0.008961,35,159.2,2455816.74871,11.467196,11.467356,0,-9999999,1.161849,-1.43785,0.652322,-1.765105,0.776779,0.49,900,6.744425,3.926119,2011-09-12T05:43:42.597,-9999999,K5,183.C-0972(A),Udry,-9999999,HARPS_ech_obs_all,HARPS_ech_obs_thosimult,STAR_WAVE_K0,9.96991293353401e-06,4.16092406615251e-07,0,0
6766,GJ9055,20.7646915,-12.965375,2455883.6268493,-4.15451,0.937539,34759.080166,1.035184,-7.435606,0.383334,34760.48766,0.334479,-7.44363,0.383332,3.615272,4.035474,-7.635981,0.851036,0.502438,0.000532,0.196342,0.000528,0.260827,0.000685,0,7.134947,61.486569,-0.040958,31,157.1,2455883.62684,-18.953162,-18.953005,0,-9999999,1.188913,0.243425,0.85559,0.218581,0.979658,0.48,900,3.591202,4.009264,2011-11-18T02:49:40.901,-9999999,G2,088.C-0662(A),UNKNOWN,-9999999,HARPS_ech_obs_all,HARPS_ech_obs_thosimult,STAR_WAVE_K0IV,7.65092092123825e-06,4.07456888810079e-07,0,0
6767,GJ9055,20.7646915,-12.965375,2455894.622023,-1.116262,0.891468,34779.799917,1.004351,-4.396461,0.250357,34781.272747,0.221335,-4.403315,0.250353,-2.086345,2.988741,-1.852735,0.478594,0.500847,0.00035,0.195918,0.000342,0.255836,0.000446,0,6.483441,49.578753,0.009911,35,240.1,2455894.62201,-22.746757,-22.746643,0,-9999999,1.193363,0.244322,0.855591,0.279467,0.979659,0.49,900,-2.11762,2.968869,2011-11-29T02:43:40.880,-9999999,K5,183.C-0972(A),Udry,-9999999,HARPS_ech_obs_all,HARPS_ech_obs_thosimult,STAR_WAVE_K0,9.12059107572328e-06,3.81638437549693e-07,0,0
6768,GJ9055,20.7646915,-12.965375,2455896.5976938,-1.53917,0.744643,34778.911168,0.903126,-4.055721,0.328617,34781.314891,0.290797,-4.055398,0.32861,2.704056,2.802334,-2.990329,0.564161,0.502057,0.000468,0.192598,0.000461,0.262081,0.000599,0,6.482,49.585863,0.012102,35,180.1,2455896.59768,-23.283196,-23.283093,0,-9999999,1.194162,1.00797,0.668209,1.209561,0.855029,0.46,900,2.682498,2.789454,2011-12-01T02:09:18.887,-9999999,K5,183.C-0972(A),Udry,-9999999,HARPS_ech_obs_all,HARPS_ech_obs_thosimult,STAR_WAVE_K0,1.1072530010185e-05,5.01281319453103e-07,0,0
6769,GJ9055,20.7646915,-12.965375,2455902.6419961,0.763189,0.521948,34782.256796,0.492687,-2.743763,0.2789,34782.917994,0.245417,-2.748806,0.278904,-0.554446,3.227592,1.245218,0.596191,0.500209,0.000373,0.197226,0.000371,0.256033,0.000482,0,6.48461,49.54549,0.009355,35,222.6,2455902.64199,-25.022147,-25.022076,0,-9999999,1.196608,0.017569,0.441185,-0.53541,0.427213,0.48,900,-0.576471,3.218548,2011-12-07T03:13:30.454,-9999999,K5,183.C-0972(A),Udry,-9999999,HARPS_ech_obs_all,HARPS_ech_obs_thosimult,STAR_WAVE_K0,1.00794211238015e-05,4.11723981195881e-07,0,0
6770,GJ9055,20.7646915,-12.965375,2455932.600734,0.025888,0.613178,34781.094936,0.684568,-3.194937,0.336768,34782.301636,0.289677,-3.202135,0.336768,2.497366,3.061115,0.025664,0.656618,0.499913,0.000424,0.194702,0.000435,0.261224,0.000558,0,6.48563,49.560118,0.010118,35,193.4,2455932.60073,-28.730199,-28.730195,0,-9999999,1.208732,0.303696,0.512421,-0.002032,0.620259,0.5,900,2.521019,3.051514,2012-01-06T02:17:42.745,-9999999,K5,183.C-0972(A),Udry,-9999999,HARPS_ech_obs_all,HARPS_ech_obs_thosimult,STAR_WAVE_K0,1.06549949376224e-05,5.78824959083125e-07,0,0
6771,GJ9055,20.7646915,-12.965375,2455944.5258558,2.781219,0.900888,34783.372582,1.009865,-0.476868,0.281976,34784.955046,0.245011,-0.476853,0.281982,-8.53199,3.1537,7.146414,0.538399,0.499224,0.000386,0.192107,0.000378,0.264629,0.000494,0,6.493989,49.460981,0.011053,35,219.1,2455944.52585,-27.944826,-27.944881,0,-9999999,1.213558,0.266434,0.855622,0.368906,0.979693,0.49,900,-8.535579,3.158342,2012-01-18T00:31:39.095,-9999999,K5,183.C-0972(A),Udry,-9999999,HARPS_ech_obs_all,HARPS_ech_obs_thosimult,STAR_WAVE_K0,1.17092913435316e-05,4.69139478658593e-07,0,0
6772,GJ9055,20.7646915,-12.965375,2455944.5365393,2.587134,0.909724,34783.045294,1.015861,-0.674273,0.309059,34784.607746,0.268672,-0.680771,0.309058,-3.633605,3.242061,4.678645,0.672325,0.498882,0.000419,0.192938,0.000414,0.263908,0.000539,0,6.491066,49.477918,0.011406,35,200.5,2455944.53654,-27.964965,-27.965005,0,-9999999,1.213562,0.263114,0.855617,0.34889,0.979688,0.48,900,-3.634242,3.245412,2012-01-18T00:47:11.237,-9999999,K5,183.C-0972(A),Udry,-9999999,HARPS_ech_obs_all,HARPS_ech_obs_thosimult,STAR_WAVE_K0,1.16514453739174e-05,4.82879354146048e-07,0,0
6773,GJ9055,20.7646915,-12.965375,2456152.8468814,2.084477,0.940478,34781.190552,1.037598,-2.36763,0.390422,34781.983388,0.341812,-2.37507,0.390437,2.421872,4.510134,9.854423,0.794364,0.501266,0.000517,0.195903,0.000515,0.264262,0.000671,0,6.488491,49.500558,0.011653,35,159.6,2456152.84688,22.000434,22.00056,0,-9999999,1.29786,-0.927586,0.855611,-0.505024,0.979681,0.54,900,2.390041,4.505655,2012-08-13T08:06:41.471,-9999999,K5,183.C-0972(A),Udry,-9999999,HARPS_ech_obs_all,HARPS_ech_obs_thosimult,STAR_WAVE_K0,1.13424124265532e-05,4.66954107394511e-07,0,0
6774,GJ9055,20.7646915,-12.965375,2456160.8386542,-1.574674,0.712611,34779.192205,0.882695,-6.939507,0.38009,34777.474743,0.335111,-6.946739,0.380063,10.276826,4.647024,2.361006,0.724998,0.505478,0.00053,0.195322,0.00052,0.261492,0.000674,0,6.490023,49.549837,0.011027,35,158.6,2456160.83864,19.515865,19.516016,0,-9999999,1.301094,-1.840312,0.602782,-3.018556,0.816609,0.52,900,10.239301,4.628281,2012-08-21T07:54:20.807,-9999999,K5,183.C-0972(A),Udry,-9999999,HARPS_ech_obs_all,HARPS_ech_obs_thosimult,STAR_WAVE_K0,1.07690361621392e-05,4.59893423698351e-07,0,0
6775,GJ9055,20.7646915,-12.965375,2456183.763412,-2.501822,0.57879,34777.845582,0.905709,-5.058729,0.270129,34779.884969,0.237025,-5.064602,0.270141,0.444783,4.089405,3.42856,0.589072,0.50302,0.000356,0.19612,0.000353,0.263221,0.00046,0,6.494022,49.573631,0.012315,31,231.4,2456183.7634,10.678159,10.67834,1,-9999999,1.310371,0.967614,0.511887,0.729016,0.874144,0.51,900,0.420483,4.07459,2012-09-13T06:04:27.981,-9999999,K5,089.C-0497(B),UNKNOWN,-9999999,HARPS_ech_obs_all,HARPS_ech_obs_thosimult,STAR_WAVE_K0IV,1.01461856421624e-05,3.43714323643029e-07,0,0
6776,GJ9055,20.7646915,-12.965375,2456192.7989444,-0.988319,0.934673,34779.643732,1.034609,-3.473995,0.376257,34781.368756,0.332677,-3.469424,0.376242,-2.086346,4.244825,7.313139,0.720393,0.499197,0.000519,0.191537,0.000511,0.263909,0.000666,0,6.485449,49.510573,0.009631,35,161.3,2456192.79894,6.440987,6.441167,0,-9999999,1.314028,1.038845,0.855596,0.410996,0.979664,0.46,900,-2.099673,4.236169,2012-09-22T06:56:00.553,-9999999,K5,183.C-0972(A),Udry,-9999999,HARPS_ech_obs_all,HARPS_ech_obs_thosimult,STAR_WAVE_K0,1.02702755466105e-05,3.92813689512191e-07,0,0
6777,GJ9055,20.7646915,-12.965375,2456195.7437341,-0.708277,0.887049,34778.776858,0.958961,-3.895974,0.36214,34780.9559,0.319427,-3.903057,0.362155,8.406106,4.465267,1.956518,0.702487,0.498477,0.000503,0.197341,0.000498,0.257542,0.000647,0,6.481794,49.545346,0.011646,35,165.9,2456195.74373,5.185414,5.185583,1,-9999999,1.315219,0.336824,0.809759,0.863823,0.904198,0.49,900,8.388313,4.457257,2012-09-25T05:35:58.411,-9999999,K5,183.C-0972(A),Udry,-9999999,HARPS_ech_obs_all,HARPS_ech_obs_thosimult,STAR_WAVE_K0,1.07405661792437e-05,4.49498075208153e-07,0,0
6778,GJ9055,20.7646915,-12.965375,2456225.7125711,-2.034043,0.907888,34778.58076,1.015268,-5.896244,0.303708,34779.280154,0.266558,-5.899599,0.303692,-14.490638,4.386102,0.331934,0.58993,0.498461,0.000415,0.196145,0.000408,0.263402,0.000533,0,6.482186,49.569225,0.011618,35,201.1,2456225.71256,-9.218293,-9.218096,0,-9999999,1.327347,-0.33768,0.855583,-0.627953,0.979651,0.51,900,-14.528784,4.365125,2012-10-25T04:51:04.936,-9999999,K5,183.C-0972(A),Udry,-9999999,HARPS_ech_obs_all,HARPS_ech_obs_thosimult,STAR_WAVE_K0,1.06305125836198e-05,4.42864374403788e-07,0,0
6779,GJ9055,20.7646915,-12.965375,2456230.7355117,-1.401376,0.607475,34778.705457,0.624849,-4.741195,0.325842,34780.534129,0.287035,-4.755351,0.325843,-6.498147,4.379516,1.441799,0.633193,0.501922,0.000461,0.196777,0.00045,0.263425,0.000587,0,6.479567,49.560769,0.007828,35,183.3,2456230.7355,-11.583329,-11.583176,0,-9999999,1.32938,0.184702,0.512692,0.499292,0.55502,0.51,900,-6.526516,4.364059,2012-10-30T05:24:21.840,-9999999,K5,183.C-0972(A),Udry,-9999999,HARPS_ech_obs_all,HARPS_ech_obs_thosimult,STAR_WAVE_K0,1.01227937501947e-05,4.12502318808873e-07,0,0
6780,GJ9055,20.7646915,-12.965375,2456255.5492394,2.562253,0.90761,34782.890981,1.014593,-0.995501,0.302792,34784.170357,0.263859,-1.004263,0.302793,-5.219556,4.971629,9.603447,0.692392,0.502982,0.000394,0.196484,0.000396,0.257435,0.000518,0,6.497293,49.468482,0.010018,35,207.7,2456255.54924,-21.15359,-21.153479,1,-9999999,1.339421,-0.033233,0.855612,-0.060045,0.979682,0.49,900,-5.225984,4.974033,2012-11-24T00:58:24.328,-9999999,K5,183.C-0972(A),Udry,-9999999,HARPS_ech_obs_all,HARPS_ech_obs_thosimult,STAR_WAVE_K0,1.18450437838231e-05,4.37860631994986e-07,0,0
6781,GJ9055,20.7646915,-12.965375,2456262.6409015,0.018937,0.622699,34780.61999,0.712228,-2.843998,0.371018,34782.324562,0.325847,-2.8553,0.37099,-5.624368,4.894843,5.002585,0.802332,0.497509,0.000505,0.197155,0.000504,0.258674,0.00065,0,6.497827,49.489062,0.009941,35,165.5,2456262.64089,-23.590189,-23.59009,0,-9999999,1.342291,0.661586,0.5001,0.362281,0.633318,0.51,900,-5.647792,4.890275,2012-12-01T03:10:51.600,-9999999,K5,183.C-0972(A),Udry,-9999999,HARPS_ech_obs_all,HARPS_ech_obs_thosimult,STAR_WAVE_K0,1.12417712145197e-05,4.90930070934394e-07,0,0
6782,GJ9055,20.7646915,-12.965375,2456262.65235,0.331298,0.640997,34781.725277,0.724692,-2.535194,0.400973,34783.408404,0.352265,-2.53943,0.400954,-15.105098,5.353687,4.270086,0.732278,0.49622,0.000543,0.198262,0.000548,0.258236,0.000703,0,6.497234,49.50384,0.013305,35,153.2,2456262.65234,-23.61805,-23.617954,1,-9999999,1.342296,0.658029,0.500098,0.340831,0.633316,0.51,900,-15.130515,5.349459,2012-12-01T03:27:20.831,-9999999,K5,183.C-0972(A),Udry,-9999999,HARPS_ech_obs_all,HARPS_ech_obs_thosimult,STAR_WAVE_K0,1.16458661739207e-05,5.22828017361445e-07,0,0
6783,GJ9055,20.7646915,-12.965375,2456270.6611246,5.878429,0.926817,34786.991438,1.027558,2.87772,0.356321,34788.825786,0.310091,2.865178,0.356314,-11.068722,5.061575,15.847279,1.142343,0.504659,0.000456,0.193572,0.000459,0.262701,0.000596,0,6.524689,49.428829,0.017869,31,180.7,2456270.66112,-25.721821,-25.721751,0,-9999999,1.345537,0.523812,0.855585,0.488811,0.979653,0.52,900,-11.089951,5.07411,2012-12-09T03:40:46.427,-9999999,K5,090.C-0395(B),UNKNOWN,-9999999,HARPS_ech_obs_all,HARPS_ech_obs_thosimult,STAR_WAVE_K0IV,1.29169811357389e-05,4.45122471869953e-07,0,0
6784,GJ9055,20.7646915,-12.965375,2456305.5591739,7.194435,0.923903,34789.267255,1.025491,2.433196,0.348613,34788.111222,0.303087,2.427791,0.348622,-9.085058,5.409414,7.157625,0.909625,0.501197,0.000472,0.19863,0.000471,0.260673,0.000605,0,6.514644,49.463104,0.008631,31,178.8,2456305.55917,-28.385723,-28.385757,0,-9999999,1.359659,-1.236718,0.855609,-2.515692,0.979678,0.49,900,-9.084933,5.419926,2013-01-13T01:19:03.054,-9999999,K5,090.C-0395(C),UNKNOWN,-9999999,HARPS_ech_obs_all,HARPS_ech_obs_thosimult,STAR_WAVE_K0IV,1.23701427636203e-05,5.22787910631253e-07,0,0
6785,GJ9055,20.7646915,-12.965375,2456561.7692433,1.836416,0.676806,34782.901387,1.010518,-0.178288,0.285867,34785.169786,0.247828,-0.183306,0.285858,-10.036474,3.762214,18.722994,0.891525,0.495044,0.000386,0.193163,0.000379,0.263246,0.000492,0,6.525582,49.394091,0.014381,31,217.1,2456561.76924,4.780127,4.780282,0,-9999999,1.463341,1.509817,0.613471,0.805058,0.979657,0.48,900,-10.060665,3.765007,2013-09-26T06:12:49.288,-9999999,K5,091.C-0866(C),UNKNOWN,-9999999,HARPS_ech_obs_all,HARPS_ech_obs_thosimult,STAR_WAVE_K0IV,1.38774886074112e-05,4.97578786538488e-07,0,0
6786,GJ9055,20.7646915,-12.965375,2456562.5867905,3.656723,0.961086,34781.708099,1.029079,1.039924,0.437762,34786.690118,0.377621,1.047358,0.437793,-6.857634,4.731999,21.644541,1.154341,0.495699,0.000545,0.192981,0.000561,0.263672,0.000727,0,6.52949,49.36424,0.013134,31,147.4,2456562.58679,4.784245,4.784402,0,-9999999,1.463672,0.907722,0.8556,3.518347,0.957291,0.5,900,-6.861948,4.738827,2013-09-27T01:49:46.270,-9999999,K5,091.C-0866(C),UNKNOWN,-9999999,HARPS_ech_obs_all,HARPS_ech_obs_thosimult,STAR_WAVE_K0IV,1.404125897437e-05,5.9471293322025e-07,0,0
6787,GJ9055,20.7646915,-12.965375,2456562.7637914,3.764314,0.909179,34782.125849,0.993775,1.092514,0.307532,34786.776321,0.266846,1.09603,0.307531,-10.536894,3.653395,19.771884,0.779642,0.496745,0.000412,0.196463,0.000406,0.25842,0.00053,0,6.530961,49.371594,0.013643,31,202.1,2456562.76378,4.319121,4.319311,0,-9999999,1.463743,0.852721,0.855588,3.186729,0.957279,0.51,900,-10.575554,3.664969,2013-09-27T06:04:29.924,-9999999,K5,091.C-0866(C),UNKNOWN,-9999999,HARPS_ech_obs_all,HARPS_ech_obs_thosimult,STAR_WAVE_K0IV,1.37836126303184e-05,5.91762475894512e-07,0,0
6788,GJ9055,20.7646915,-12.965375,2459168.7259997,-0.825066,1.521676,34789.039969,1.56761,-4.806089,0.889103,34790.454876,0.803223,3.331387,0.906506,34.398537,13.630638,27.639847,5.280207,0.505291,0.001169,0.196687,0.001259,0.258395,0.00162,0,6.499101,49.466785,0.01929,35,68.5,2459168.726,-18.361517,-18.362504,0,-9999999,2.518313,-1.037024,1.234906,-1.103406,1.346192,0.48,300,34.366788,13.638989,2020-11-15T05:17:04.219,-9999999,K5,106.21DB.001,UNKNOWN,-9999999,HARPS_ech_obs_all,HARPS_ech_obs_wavesimult,STAR_WAVE_K0,2.90837238610412e-06,1.18434310054861e-06,0,0
6789,GJ9055,20.7646915,-12.965375,2459168.7299375,0.485392,1.537345,34791.569595,1.582743,-3.488424,0.91566,34792.984612,0.832371,4.971031,0.931933,18.934688,13.112213,29.641653,5.335104,0.504288,0.001195,0.200471,0.001308,0.26621,0.00169,0,6.499593,49.457593,0.020936,35,66.8,2459168.72993,-18.37015,-18.371132,0,-9999999,2.518314,-1.029817,1.234907,-1.103297,1.346193,0.51,300,18.891114,13.121278,2020-11-15T05:22:35.466,-9999999,K5,106.21DB.001,UNKNOWN,-9999999,HARPS_ech_obs_all,HARPS_ech_obs_wavesimult,STAR_WAVE_K0,1.03634831959261e-05,8.64644609023884e-07,0,0
6790,GJ9055,20.7646915,-12.965375,2459168.7336993,0.086407,1.546145,34790.048195,1.591022,-3.880524,0.930358,34791.463319,0.848005,4.367177,0.947684,34.847816,13.747176,26.166551,5.733943,0.504481,0.001212,0.195744,0.00131,0.262118,0.0017,0,6.491408,49.484847,0.016651,35,65.9,2459168.73369,-18.378238,-18.379221,0,-9999999,2.518316,-1.022932,1.234908,-1.103192,1.346194,0.49,300,34.822284,13.754105,2020-11-15T05:28:06.503,-9999999,K5,106.21DB.001,UNKNOWN,-9999999,HARPS_ech_obs_all,HARPS_ech_obs_wavesimult,STAR_WAVE_K0,1.18202864393962e-05,8.66654108687069e-07,0,0
6791,GJ9055,20.7646915,-12.965375,2459170.7150648,2.580482,1.519411,34791.975936,1.565747,-1.62911,0.885223,34792.981519,0.799585,6.729439,0.90224,21.842817,14.603605,25.706774,5.13839,0.511389,0.001175,0.197563,0.001264,0.258809,0.001624,0,6.496195,49.476207,0.022241,35,68.5,2459170.71506,-19.105068,-19.10607,0,-9999999,2.519118,-1.265593,1.234905,-1.513535,1.34619,0.51,300,21.824008,14.611603,2020-11-17T05:01:21.029,-9999999,K5,106.21DB.001,UNKNOWN,-9999999,HARPS_ech_obs_all,HARPS_ech_obs_wavesimult,STAR_WAVE_K0,3.12797103050529e-06,1.12342383362613e-06,0,0
6792,GJ9055,20.7646915,-12.965375,2459170.7188223,0.283879,1.537944,34790.135908,1.583696,-3.918836,0.916668,34791.141596,0.834185,4.057485,0.932888,40.981323,13.438133,24.185602,5.067712,0.510463,0.001214,0.200405,0.001321,0.260546,0.001693,0,6.492424,49.497282,0.013786,35,66.3,2459170.71881,-19.113478,-19.114464,0,-9999999,2.519119,-1.258716,1.234905,-1.513431,1.34619,0.49,300,40.956955,13.446328,2020-11-17T05:06:51.697,-9999999,K5,106.21DB.001,UNKNOWN,-9999999,HARPS_ech_obs_all,HARPS_ech_obs_wavesimult,STAR_WAVE_K0,1.28431814374282e-05,7.14143750886689e-07,0,0
6793,GJ9055,20.7646915,-12.965375,2459170.7226549,3.355087,1.528475,34793.574813,1.573021,-0.840613,0.90069,34794.58061,0.813734,7.285089,0.916727,27.208162,15.402208,25.73089,5.065686,0.507043,0.001187,0.199729,0.00129,0.262226,0.001658,0,6.487314,49.504109,0.020127,35,67.6,2459170.72264,-19.121902,-19.122865,0,-9999999,2.519121,-1.251701,1.234906,-1.513324,1.346191,0.49,300,27.18561,15.413049,2020-11-17T05:12:22.856,-9999999,K5,106.21DB.001,UNKNOWN,-9999999,HARPS_ech_obs_all,HARPS_ech_obs_wavesimult,STAR_WAVE_K0,1.08735089658686e-05,7.81312584206654e-07,0,0
6794,GJ9055,20.7646915,-12.965375,2459171.6642352,0.509838,1.466058,34788.674275,1.413475,-4.690984,0.839516,34789.931148,0.74967,3.214326,0.857277,9.891309,10.622592,25.626126,5.304858,0.503627,0.001114,0.193661,0.001198,0.261052,0.00154,0,6.493188,49.493001,0.020822,35,72.2,2459171.66423,-19.354994,-19.355968,0,-9999999,2.519502,-2.256823,1.20189,-1.262629,1.198293,0.42,300,9.878889,10.631004,2020-11-18T03:48:41.556,-9999999,K5,106.21DB.001,UNKNOWN,-9999999,HARPS_ech_obs_all,HARPS_ech_obs_wavesimult,STAR_WAVE_K0,1.01762878404748e-05,7.33188172791914e-07,0,0
6795,GJ9055,20.7646915,-12.965375,2459171.6684495,0.617958,1.475872,34789.908539,1.423354,-4.575151,0.85654,34791.16553,0.768137,3.52867,0.873528,9.914215,10.781593,26.457185,5.207213,0.504062,0.001138,0.197329,0.001239,0.260268,0.001576,0,6.495282,49.482394,0.018766,35,70.7,2459171.66844,-19.366119,-19.367089,0,-9999999,2.519503,-2.24911,1.201889,-1.262512,1.198291,0.53,300,9.88785,10.790202,2020-11-18T03:54:12.694,-9999999,K5,106.21DB.001,UNKNOWN,-9999999,HARPS_ech_obs_all,HARPS_ech_obs_wavesimult,STAR_WAVE_K0,7.30162696999838e-06,8.13921339319955e-07,0,0
6796,GJ9055,20.7646915,-12.965375,2459171.6720046,-0.392952,1.451862,34787.4615,1.399499,-5.579554,0.814475,34788.718592,0.722979,2.59379,0.832091,-2.431533,10.404066,28.955295,5.362824,0.50706,0.001081,0.191568,0.001153,0.258824,0.001483,0,6.494458,49.453039,0.019967,35,74.4,2459171.67199,-19.375412,-19.376381,0,-9999999,2.519505,-2.242603,1.201888,-1.262413,1.19829,0.45,300,-2.455175,10.410833,2020-11-18T03:59:43.873,-9999999,K5,106.21DB.001,UNKNOWN,-9999999,HARPS_ech_obs_all,HARPS_ech_obs_wavesimult,STAR_WAVE_K0,8.97457940659649e-06,6.4522661234721e-07,0,0
6797,GJ9055,20.7646915,-12.965375,2459173.6152618,-0.556576,1.458273,34789.198832,1.511863,-4.747577,0.775572,34790.617153,0.688056,3.20651,0.79332,16.37978,12.647447,28.01399,5.174676,0.509832,0.00105,0.197775,0.001107,0.260252,0.001427,0,6.493838,49.487707,0.016195,35,77.1,2459173.61526,-19.954293,-19.955266,0,-9999999,2.520291,-1.247002,1.234928,-1.10197,1.34622,0.5,300,16.391445,12.651583,2020-11-20T02:37:57.248,-9999999,K5,106.21DB.001,UNKNOWN,-9999999,HARPS_ech_obs_all,HARPS_ech_obs_wavesimult,STAR_WAVE_K0,7.74038996182151e-06,6.07832914977014e-07,0,0
6798,GJ9055,20.7646915,-12.965375,2459173.6191672,-0.77533,1.421262,34788.803405,1.482567,-4.959183,0.703522,34790.221836,0.621051,2.947446,0.721172,16.816237,10.623335,27.727552,4.843516,0.509156,0.00095,0.197232,0.000994,0.262494,0.001289,0,6.498451,49.454342,0.019193,35,85.0,2459173.61916,-19.965311,-19.966272,0,-9999999,2.520293,-1.239854,1.234926,-1.101862,1.346217,0.52,300,16.808697,10.629936,2020-11-20T02:43:28.698,-9999999,K5,106.21DB.001,UNKNOWN,-9999999,HARPS_ech_obs_all,HARPS_ech_obs_wavesimult,STAR_WAVE_K0,5.29439520321561e-06,8.4797952758997e-07,0,0
6799,GJ9055,20.7646915,-12.965375,2459173.6229305,-0.196479,1.402089,34790.269532,1.468717,-4.373445,0.663939,34791.688069,0.587228,3.644259,0.682151,15.18319,11.631918,27.021162,5.15598,0.509302,0.000897,0.198909,0.00094,0.260062,0.00121,0,6.489875,49.488017,0.021286,35,89.9,2459173.62292,-19.975891,-19.976849,0,-9999999,2.520294,-1.232967,1.234924,-1.101757,1.346214,0.5,300,15.161574,11.639581,2020-11-20T02:48:59.866,-9999999,K5,106.21DB.001,UNKNOWN,-9999999,HARPS_ech_obs_all,HARPS_ech_obs_wavesimult,STAR_WAVE_K0,6.41789523704465e-06,7.38744850315752e-07,0,0
6800,GJ9055,20.7646915,-12.965375,2459174.6444151,0.654865,1.355616,34789.428875,1.434909,-3.440827,0.559178,34790.918237,0.496692,4.545884,0.57959,29.727643,14.224924,29.313486,4.830683,0.50571,0.000746,0.197205,0.000771,0.263068,0.001001,0,6.496806,49.450725,0.017961,35,107.9,2459174.64441,-20.392649,-20.393596,0,-9999999,2.520708,-1.151693,1.234914,-1.031346,1.346202,0.5,300,29.768407,14.23101,2020-11-21T03:20:02.052,-9999999,K5,106.21DB.001,UNKNOWN,-9999999,HARPS_ech_obs_all,HARPS_ech_obs_wavesimult,STAR_WAVE_K0,9.10384881566416e-06,5.37825041792676e-07,0,0
6801,GJ9055,20.7646915,-12.965375,2459174.6481436,-0.099511,1.375596,34790.042724,1.449272,-4.188379,0.606016,34791.532191,0.536782,3.879946,0.625639,29.402652,13.604802,27.260657,4.847719,0.505879,0.000811,0.198389,0.000844,0.261055,0.00109,0,6.493367,49.479093,0.019796,35,99.2,2459174.64814,-20.402679,-20.403625,0,-9999999,2.520709,-1.144869,1.234913,-1.031242,1.3462,0.47,300,29.433075,13.608642,2020-11-21T03:25:33.212,-9999999,K5,106.21DB.001,UNKNOWN,-9999999,HARPS_ech_obs_all,HARPS_ech_obs_wavesimult,STAR_WAVE_K0,9.47202402001558e-06,6.555801524844e-07,0,0
6802,GJ9055,20.7646915,-12.965375,2459174.6520427,0.505382,1.366468,34791.221203,1.442639,-3.576349,0.585003,34792.71078,0.51861,4.490736,0.605446,25.341198,13.277395,27.665503,4.850885,0.505421,0.000784,0.197357,0.000813,0.262892,0.001055,0,6.497511,49.484995,0.022662,35,102.7,2459174.65204,-20.413085,-20.414036,0,-9999999,2.520711,-1.137732,1.234912,-1.031134,1.346199,0.49,300,25.344282,13.285419,2020-11-21T03:31:04.121,-9999999,K5,106.21DB.001,UNKNOWN,-9999999,HARPS_ech_obs_all,HARPS_ech_obs_wavesimult,STAR_WAVE_K0,7.0438181915249e-06,6.41065760384323e-07,0,0
6803,GJ9055,20.7646915,-12.965375,2459176.6306598,-1.754999,1.356275,34788.555065,1.436137,-5.666463,0.560762,34790.273988,0.50021,2.796967,0.58249,17.075705,9.727353,26.935409,4.962428,0.504963,0.000744,0.194324,0.000774,0.260959,0.000995,0,6.494926,49.48963,0.020537,35,108.2,2459176.63066,-21.050712,-21.051623,-1,-9999999,2.521512,-0.967465,1.23492,-0.802589,1.34621,0.51,300,17.066792,9.734463,2020-11-23T03:00:22.391,-9999999,K5,106.21DB.001,UNKNOWN,-9999999,HARPS_ech_obs_all,HARPS_ech_obs_wavesimult,STAR_WAVE_K0,7.50375137583064e-06,7.16403288253376e-07,0,0
6804,GJ9055,20.7646915,-12.965375,2459176.6344528,-1.715592,1.348816,34788.364011,1.43064,-5.620114,0.542477,34790.083041,0.484207,2.64854,0.563623,16.40946,10.881523,26.293004,4.708711,0.503855,0.000718,0.193065,0.000744,0.260828,0.000959,0,6.493265,49.497189,0.019878,35,112.1,2459176.63445,-21.061023,-21.061944,-1,-9999999,2.521513,-0.960523,1.234919,-0.802483,1.346207,0.5,300,16.40168,10.888177,2020-11-23T03:05:53.130,-9999999,K5,106.21DB.001,UNKNOWN,-9999999,HARPS_ech_obs_all,HARPS_ech_obs_wavesimult,STAR_WAVE_K0,8.85885285233442e-06,6.24847125349695e-07,0,0
6805,GJ9055,20.7646915,-12.965375,2459176.6382768,-3.247916,1.348917,34787.405144,1.430648,-7.145439,0.542731,34789.124282,0.484238,1.14108,0.564316,9.386568,9.47914,28.231337,4.828607,0.503892,0.000718,0.193087,0.000743,0.260896,0.000958,0,6.496483,49.447269,0.020528,35,112.2,2459176.63827,-21.071347,-21.072258,-1,-9999999,2.521515,-0.953525,1.234917,-0.802377,1.346205,0.5,300,9.399148,9.484229,2020-11-23T03:11:23.539,-9999999,K5,106.21DB.001,UNKNOWN,-9999999,HARPS_ech_obs_all,HARPS_ech_obs_wavesimult,STAR_WAVE_K0,1.10595380323515e-05,5.93157163547737e-07,0,0
6806,GJ9055,20.7646915,-12.965375,2459181.6394811,-1.985437,1.38978,34789.297621,1.459002,-5.522584,0.637551,34791.238777,0.562512,2.696293,0.658352,27.729317,12.732766,25.025698,4.823346,0.508139,0.000859,0.194369,0.000894,0.259872,0.001148,0,6.493042,49.491134,0.019852,35,94.7,2459181.63947,-22.698634,-22.699478,0,-9999999,2.523539,-0.593148,1.234916,-0.582383,1.346205,0.5,300,27.70022,12.742249,2020-11-28T03:13:38.945,-9999999,K5,106.21DB.001,UNKNOWN,-9999999,HARPS_ech_obs_all,HARPS_ech_obs_wavesimult,STAR_WAVE_K0,5.30520199064656e-06,7.41306006635719e-07,0,0
6807,GJ9055,20.7646915,-12.965375,2459181.6433486,-1.92532,1.3816,34788.605395,1.452606,-5.455389,0.619519,34790.546659,0.545714,2.402347,0.641391,26.19784,11.474907,27.218966,4.693684,0.506402,0.000829,0.193971,0.000859,0.260008,0.001104,0,6.495532,49.483963,0.021356,35,98.1,2459181.64335,-22.708516,-22.709386,0,-9999999,2.52354,-0.58607,1.234915,-0.582276,1.346203,0.51,300,26.165594,11.485098,2020-11-28T03:19:10.125,-9999999,K5,106.21DB.001,UNKNOWN,-9999999,HARPS_ech_obs_all,HARPS_ech_obs_wavesimult,STAR_WAVE_K0,8.68305155999321e-06,6.07907705395817e-07,0,0
6808,GJ9055,20.7646915,-12.965375,2459181.6471568,-0.626881,1.381887,34790.145865,1.45271,-4.14998,0.620162,34792.087237,0.545994,3.639813,0.641648,21.919977,11.536508,26.100647,4.875343,0.505459,0.000827,0.194383,0.000859,0.258014,0.001098,0,6.492768,49.485947,0.018752,35,98.1,2459181.64715,-22.718144,-22.719015,0,-9999999,2.523542,-0.5791,1.234913,-0.58217,1.346201,0.5,300,21.869209,11.550008,2020-11-28T03:24:42.174,-9999999,K5,106.21DB.001,UNKNOWN,-9999999,HARPS_ech_obs_all,HARPS_ech_obs_wavesimult,STAR_WAVE_K0,7.32675002460303e-06,6.37059013922909e-07,0,0
6809,GJ9055,20.7646915,-12.965375,2459182.6463844,-4.361619,1.36833,34786.476978,1.443657,-7.797987,0.589335,34788.50457,0.521429,0.189947,0.610799,18.221412,10.555232,25.845582,4.674505,0.505715,0.000797,0.197723,0.000817,0.260633,0.001054,0,6.492937,49.484066,0.018794,35,102.6,2459182.64637,-23.021107,-23.021935,0,-9999999,2.523946,-0.492369,1.234914,-0.496354,1.346201,0.51,300,18.174433,10.562363,2020-11-29T03:23:38.971,-9999999,K5,106.21DB.001,UNKNOWN,-9999999,HARPS_ech_obs_all,HARPS_ech_obs_wavesimult,STAR_WAVE_K0,6.55691772748143e-06,7.41809882566483e-07,0,0
6810,GJ9055,20.7646915,-12.965375,2459182.6501413,-4.144446,1.376154,34785.849494,1.449781,-7.573938,0.607282,34787.877193,0.538155,0.345372,0.629001,20.583926,11.166192,26.893912,4.590816,0.505409,0.000822,0.198436,0.000847,0.258501,0.001087,0,6.489028,49.488205,0.018028,35,99.4,2459182.65013,-23.03042,-23.031262,0,-9999999,2.523948,-0.485493,1.234912,-0.496249,1.3462,0.49,300,20.532437,11.173107,2020-11-29T03:29:09.590,-9999999,K5,106.21DB.001,UNKNOWN,-9999999,HARPS_ech_obs_all,HARPS_ech_obs_wavesimult,STAR_WAVE_K0,9.8331216272912e-06,5.61724520620971e-07,0,0
6811,GJ9055,20.7646915,-12.965375,2459182.6540082,-4.119623,1.381278,34786.031556,1.453133,-7.542038,0.618808,34788.059363,0.547126,0.322032,0.639903,24.33307,11.50962,25.585447,4.710737,0.50536,0.00084,0.197213,0.000864,0.259239,0.001112,0,6.491004,49.485749,0.020605,35,97.4,2459182.654,-23.039891,-23.040732,0,-9999999,2.523949,-0.478416,1.234911,-0.496142,1.346198,0.5,300,24.309589,11.515115,2020-11-29T03:34:40.719,-9999999,K5,106.21DB.001,UNKNOWN,-9999999,HARPS_ech_obs_all,HARPS_ech_obs_wavesimult,STAR_WAVE_K0,1.08925384832267e-05,6.0536425736677e-07,0,0
6812,GJ9055,20.7646915,-12.965375,2459183.6068902,-2.998464,1.397844,34788.562844,1.464508,-6.432029,0.654909,34789.938421,0.576594,1.474236,0.676337,29.313986,12.739002,24.940729,4.761485,0.50384,0.000881,0.197566,0.000908,0.26098,0.001175,0,6.491679,49.493225,0.0154,35,92.8,2459183.60689,-23.216938,-23.217806,0,-9999999,2.524335,-0.489566,1.234934,-1.148758,1.346226,0.5,300,29.28618,12.746084,2020-11-30T02:26:56.033,-9999999,K5,106.21DB.001,UNKNOWN,-9999999,HARPS_ech_obs_all,HARPS_ech_obs_wavesimult,STAR_WAVE_K0,5.54019333571394e-06,7.67431231927934e-07,0,0
6813,GJ9055,20.7646915,-12.965375,2459183.6106808,-2.905291,1.421029,34788.405334,1.482351,-6.331918,0.703042,34789.781018,0.620523,1.700144,0.724149,24.025559,13.255586,23.195576,4.953601,0.50411,0.000948,0.198532,0.000986,0.264188,0.00128,0,6.489866,49.515752,0.016251,35,86.3,2459183.61067,-23.22714,-23.227966,0,-9999999,2.524336,-0.482628,1.234931,-1.148652,1.346223,0.49,300,24.005237,13.261927,2020-11-30T02:32:26.572,-9999999,K5,106.21DB.001,UNKNOWN,-9999999,HARPS_ech_obs_all,HARPS_ech_obs_wavesimult,STAR_WAVE_K0,8.59396490791935e-06,7.27071139133049e-07,0,0
6814,GJ9055,20.7646915,-12.965375,2459183.6145464,-3.805692,1.401778,34788.223939,1.467541,-7.225244,0.663274,34789.599732,0.584266,0.691309,0.685495,18.190209,12.735015,25.916532,5.214903,0.510478,0.000893,0.197461,0.000921,0.260061,0.001189,0,6.493021,49.498476,0.015473,35,91.7,2459183.61454,-23.237477,-23.238306,0,-9999999,2.524338,-0.475553,1.234929,-1.148545,1.34622,0.5,300,18.160132,12.740662,2020-11-30T02:37:57.581,-9999999,K5,106.21DB.001,UNKNOWN,-9999999,HARPS_ech_obs_all,HARPS_ech_obs_wavesimult,STAR_WAVE_K0,9.3520922890453e-06,6.58908845412414e-07,0,0
6815,GJ9055,20.7646915,-12.965375,2459184.6359289,-1.541513,1.426169,34788.167949,1.485538,-4.793126,0.713397,34789.667137,0.628132,2.903995,0.73458,38.832106,12.002945,26.631168,4.92588,0.509376,0.000969,0.197738,0.001005,0.254995,0.0013,0,6.491874,49.50212,0.018159,35,84.7,2459184.63592,-23.585142,-23.585961,0,-9999999,2.524751,-0.307614,1.234918,-1.025563,1.346207,0.52,300,38.807249,12.015006,2020-12-01T03:08:45.876,-9999999,K5,106.21DB.001,UNKNOWN,-9999999,HARPS_ech_obs_all,HARPS_ech_obs_wavesimult,STAR_WAVE_K0,4.61808390009124e-06,8.14093305543682e-07,0,0
6816,GJ9055,20.7646915,-12.965375,2459184.6396868,-1.514178,1.427253,34789.4516,1.485896,-4.758913,0.715565,34790.950895,0.628984,3.501509,0.737106,26.838133,14.141516,26.017294,5.096618,0.507114,0.000971,0.197723,0.001005,0.256902,0.001305,0,6.492856,49.480757,0.021343,35,84.8,2459184.63968,-23.594543,-23.595374,0,-9999999,2.524753,-0.300736,1.234916,-1.025458,1.346205,0.5,300,26.82051,14.149141,2020-12-01T03:14:16.585,-9999999,K5,106.21DB.001,UNKNOWN,-9999999,HARPS_ech_obs_all,HARPS_ech_obs_wavesimult,STAR_WAVE_K0,7.3099278363914e-06,6.23526392654842e-07,0,0
6817,GJ9055,20.7646915,-12.965375,2459184.6435522,-0.289332,1.430489,34791.057191,1.488693,-3.526992,0.722,34792.556594,0.635568,4.55895,0.742522,40.986033,13.3342,25.017904,5.155508,0.505676,0.000981,0.198625,0.001021,0.255595,0.001317,0,6.492398,49.490157,0.016822,35,83.8,2459184.64355,-23.604105,-23.604937,0,-9999999,2.524754,-0.293661,1.234915,-1.025351,1.346203,0.51,300,40.984589,13.344272,2020-12-01T03:19:47.584,-9999999,K5,106.21DB.001,UNKNOWN,-9999999,HARPS_ech_obs_all,HARPS_ech_obs_wavesimult,STAR_WAVE_K0,6.14916376412542e-06,8.40952265232032e-07,0,0
6818,GJ9055,20.7646915,-12.965375,2459185.6082838,-2.357934,1.447183,34789.681463,1.503994,-5.55835,0.754506,34791.181617,0.670579,2.700309,0.775726,28.805696,12.407387,24.031968,5.183757,0.506634,0.001059,0.19774,0.001097,0.2618,0.00142,0,6.488763,49.510537,0.021149,35,78.2,2459185.60827,-23.799151,-23.799955,0,-9999999,2.525145,-0.256417,1.234933,-1.024991,1.346225,0.5,300,28.799963,12.414608,2020-12-02T02:29:09.939,-9999999,K5,106.21DB.001,UNKNOWN,-9999999,HARPS_ech_obs_all,HARPS_ech_obs_wavesimult,STAR_WAVE_K0,9.62366526501876e-06,7.001935104215e-07,0,0
6819,GJ9055,20.7646915,-12.965375,2459185.6121915,-2.613389,1.465111,34789.371372,1.517603,-5.806653,0.788352,34790.871636,0.700575,2.240166,0.809314,24.707267,12.106539,23.139932,5.219522,0.505786,0.001099,0.198983,0.001148,0.259616,0.001474,0,6.486883,49.522947,0.019437,35,75.3,2459185.61218,-23.809489,-23.810305,0,-9999999,2.525146,-0.249265,1.23493,-1.024882,1.346222,0.52,300,24.690068,12.11325,2020-12-02T02:34:41.588,-9999999,K5,106.21DB.001,UNKNOWN,-9999999,HARPS_ech_obs_all,HARPS_ech_obs_wavesimult,STAR_WAVE_K0,4.65648935911249e-06,8.22973765505168e-07,0,0
6820,GJ9055,20.7646915,-12.965375,2459185.6159878,-1.980483,1.427833,34788.069872,1.487955,-5.166799,0.716701,34789.570243,0.633802,2.73357,0.738617,15.931959,12.944173,25.554082,4.944279,0.505759,0.000994,0.197304,0.001027,0.261834,0.001331,0,6.496154,49.488371,0.01863,35,82.8,2459185.61598,-23.819457,-23.820276,0,-9999999,2.525148,-0.242317,1.234928,-1.024777,1.346219,0.51,300,15.916328,12.952579,2020-12-02T02:40:12.618,-9999999,K5,106.21DB.001,UNKNOWN,-9999999,HARPS_ech_obs_all,HARPS_ech_obs_wavesimult,STAR_WAVE_K0,4.73030714830177e-06,8.13471970621262e-07,0,0
6821,GJ9055,20.7646915,-12.965375,2459188.5935407,-2.341061,1.401401,34787.799128,1.469851,-5.35748,0.662452,34789.606114,0.590006,2.372109,0.68396,16.96159,14.507902,23.422594,4.745965,0.50405,0.000933,0.199,0.000962,0.259988,0.001237,0,6.497522,49.502728,0.012524,35,89.6,2459188.59353,-24.57776,-24.578512,0,-9999999,2.526353,-0.07242,1.234943,-0.719367,1.346237,0.52,300,16.925106,14.514401,2020-12-05T02:08:10.857,-9999999,K5,106.21DB.001,UNKNOWN,-9999999,HARPS_ech_obs_all,HARPS_ech_obs_wavesimult,STAR_WAVE_K0,8.57908058557317e-06,6.18552050986395e-07,0,0
6822,GJ9055,20.7646915,-12.965375,2459188.5973412,-0.394367,1.4007,34790.150196,1.468075,-3.40383,0.660972,34791.957288,0.585576,4.061437,0.682243,18.285764,14.0397,26.327074,4.925221,0.504998,0.000933,0.197391,0.000955,0.260171,0.001234,0,6.499345,49.488726,0.013792,35,89.8,2459188.59734,-24.58785,-24.588623,0,-9999999,2.526354,-0.065464,1.23494,-0.719262,1.346234,0.51,300,18.273964,14.048234,2020-12-05T02:13:42.246,-9999999,K5,106.21DB.001,UNKNOWN,-9999999,HARPS_ech_obs_all,HARPS_ech_obs_wavesimult,STAR_WAVE_K0,9.03992711688632e-06,6.12053506743154e-07,0,0
6823,GJ9055,20.7646915,-12.965375,2459188.6011032,-3.250827,1.395744,34788.151654,1.465896,-6.253404,0.650408,34789.958853,0.580098,1.867163,0.672708,32.698287,13.347769,27.79689,4.822006,0.505345,0.000923,0.197862,0.000945,0.263636,0.001226,0,6.50369,49.464871,0.017569,35,90.8,2459188.6011,-24.597773,-24.598548,0,-9999999,2.526356,-0.058578,1.234937,-0.719157,1.346231,0.49,300,32.662253,13.355305,2020-12-05T02:19:13.306,-9999999,K5,106.21DB.001,UNKNOWN,-9999999,HARPS_ech_obs_all,HARPS_ech_obs_wavesimult,STAR_WAVE_K0,8.7369885548944e-06,6.75706823783099e-07,0,0
6824,GJ9055,20.7646915,-12.965375,2459190.5771679,0.411295,1.322211,34792.505056,1.412079,-2.007166,0.472362,34794.687737,0.426109,6.110781,0.497741,29.239482,14.066727,26.937086,4.517873,0.504831,0.000661,0.193489,0.000666,0.259153,0.000857,0,6.502049,49.462224,0.017233,35,126.2,2459190.57716,-25.045313,-25.046063,-1,-9999999,2.527155,0.525538,1.234955,-0.344474,1.346253,0.49,300,29.242055,14.076741,2020-12-07T01:44:59.377,-9999999,K5,106.21DB.001,UNKNOWN,-9999999,HARPS_ech_obs_all,HARPS_ech_obs_wavesimult,STAR_WAVE_K0,7.41812961961594e-06,5.12388035671694e-07,0,0
6825,GJ9055,20.7646915,-12.965375,2459190.5810326,0.896232,1.329295,34792.451661,1.417248,-1.515156,0.491852,34794.634451,0.44295,6.29535,0.516825,36.879425,13.003163,24.649176,4.770063,0.50414,0.000686,0.194592,0.000696,0.259574,0.000892,0,6.499588,49.470536,0.018726,35,121.4,2459190.58103,-25.055677,-25.056404,0,-9999999,2.527157,0.532611,1.234952,-0.344367,1.346249,0.5,300,36.890846,13.014623,2020-12-07T01:50:30.316,-9999999,K5,106.21DB.001,UNKNOWN,-9999999,HARPS_ech_obs_all,HARPS_ech_obs_wavesimult,STAR_WAVE_K0,7.75734681715625e-06,5.3700772538778e-07,0,0
6826,GJ9055,20.7646915,-12.965375,2459190.5848625,-0.199277,1.328185,34790.447967,1.416377,-2.603655,0.488852,34792.630866,0.440167,5.394363,0.513441,36.444217,14.461702,26.223882,4.611237,0.509507,0.000684,0.195256,0.000693,0.258925,0.000887,0,6.501113,49.458416,0.016902,35,122.0,2459190.58486,-25.065897,-25.066628,-1,-9999999,2.527159,0.539621,1.234949,-0.34426,1.346246,0.5,300,36.440096,14.471915,2020-12-07T01:56:01.245,-9999999,K5,106.21DB.001,UNKNOWN,-9999999,HARPS_ech_obs_all,HARPS_ech_obs_wavesimult,STAR_WAVE_K0,7.31047617467407e-06,5.65447716713962e-07,0,0
6827,GJ9055,20.7646915,-12.965375,2459191.5900263,0.410979,1.4339,34792.505735,1.493298,-2.068562,0.728684,34794.540244,0.6462,6.349157,0.752294,8.647021,11.775929,27.535579,5.244867,0.509473,0.000998,0.197738,0.00104,0.263125,0.00135,0,6.495655,49.482577,0.014939,35,82.1,2459191.59002,-25.324488,-25.325195,-1,-9999999,2.527565,0.464458,1.234945,-0.493056,1.346241,0.49,300,8.62201,11.791301,2020-12-08T02:03:37.674,-9999999,K5,106.21DB.001,UNKNOWN,-9999999,HARPS_ech_obs_all,HARPS_ech_obs_wavesimult,STAR_WAVE_K0,7.49193122821235e-06,7.27529147772688e-07,0,0
6828,GJ9055,20.7646915,-12.965375,2459191.5938517,0.81207,1.43631,34791.890395,1.495196,-1.66047,0.73342,34793.925013,0.650582,6.239606,0.756466,8.71582,9.73545,27.58489,4.994013,0.509796,0.001003,0.197664,0.001045,0.261254,0.001351,0,6.49914,49.481339,0.016392,35,81.6,2459191.59385,-25.334477,-25.3352,0,-9999999,2.527567,0.471459,1.234942,-0.492949,1.346237,0.49,300,8.69781,9.755765,2020-12-08T02:09:08.213,-9999999,K5,106.21DB.001,UNKNOWN,-9999999,HARPS_ech_obs_all,HARPS_ech_obs_wavesimult,STAR_WAVE_K0,9.29364698321005e-06,7.29665269366587e-07,0,0
6829,GJ9055,20.7646915,-12.965375,2459191.5977517,1.120134,1.43816,34792.347353,1.496773,-1.345268,0.73704,34794.38208,0.654206,6.512459,0.760578,14.617335,10.436878,24.504606,5.027403,0.510525,0.001015,0.197755,0.001054,0.26103,0.001363,0,6.494589,49.489717,0.014996,35,81.0,2459191.59775,-25.344585,-25.345311,-1,-9999999,2.527568,0.478597,1.23494,-0.492841,1.346234,0.51,300,14.615068,10.452008,2020-12-08T02:14:39.202,-9999999,K5,106.21DB.001,UNKNOWN,-9999999,HARPS_ech_obs_all,HARPS_ech_obs_wavesimult,STAR_WAVE_K0,4.29070541939335e-06,7.8123332792046e-07,0,0
6830,GJ9055,20.7646915,-12.965375,2459490.7155675,0.509008,1.328594,34791.178347,1.530315,-0.995775,0.827633,34794.080302,0.727761,6.564411,0.843527,24.787549,13.596632,35.675125,5.184868,0.503313,0.001168,0.201461,0.00111,0.260459,0.001412,0,6.499846,49.4018,0.026206,35,77.3,2459490.71556,1.566653,1.565523,0,-9999999,2.648614,1.439216,1.03932,0.253341,1.34619,0.5,300,24.756381,13.607514,2021-10-03T05:00:10.562,-9999999,K5,106.21TJ.001,UNKNOWN,-9999999,HARPS_ech_obs_all,HARPS_ech_obs_wavesimult,STAR_WAVE_K0,7.8356695367025e-06,8.59667369638999e-07,0,0
6831,GJ9055,20.7646915,-12.965375,2459490.7193252,1.165082,1.349474,34791.985882,1.546454,-0.332824,0.860751,34794.887943,0.761111,7.393952,0.876375,32.817404,12.445396,33.575578,5.363074,0.503848,0.00121,0.19829,0.001159,0.259215,0.001464,0,6.495251,49.414492,0.025898,35,74.6,2459490.71932,1.555484,1.554339,0,-9999999,2.648616,1.446093,1.039321,0.253445,1.346191,0.48,300,32.800644,12.455401,2021-10-03T05:05:41.219,-9999999,K5,106.21TJ.001,UNKNOWN,-9999999,HARPS_ech_obs_all,HARPS_ech_obs_wavesimult,STAR_WAVE_K0,9.0450534483e-06,7.38495039501949e-07,0,0
6832,GJ9055,20.7646915,-12.965375,2459490.723186,1.104015,1.338855,34791.956194,1.537521,-0.386825,0.844005,34794.858364,0.742792,7.246954,0.859993,31.40538,15.082781,33.571796,4.7329,0.50431,0.001178,0.196625,0.001125,0.263164,0.001436,0,6.496116,49.409868,0.025903,35,76.3,2459490.72318,1.543997,1.542869,0,-9999999,2.648617,1.453159,1.039321,0.253553,1.346191,0.49,300,31.385698,15.088779,2021-10-03T05:11:11.796,-9999999,K5,106.21TJ.001,UNKNOWN,-9999999,HARPS_ech_obs_all,HARPS_ech_obs_wavesimult,STAR_WAVE_K0,7.57082682066146e-06,7.56416003597271e-07,0,0
6833,GJ9055,20.7646915,-12.965375,2459491.6926953,2.393825,1.576651,34790.14678,1.702576,-0.942366,1.094867,34792.949568,1.042372,6.542588,1.110772,22.908061,15.520538,35.077173,5.574224,0.505276,0.001574,0.203987,0.001519,0.259466,0.001945,0,6.498494,49.378938,0.022505,35,58.7,2459491.69269,1.145533,1.14439,-2,-9999999,2.64901,-0.392192,1.134502,0.153778,1.346189,0.49,300,22.883218,15.52727,2021-10-04T04:27:17.033,-9999999,K5,108.22CE.001,UNKNOWN,-9999999,HARPS_ech_obs_all,HARPS_ech_obs_wavesimult,STAR_WAVE_K0,6.43742225966298e-06,9.41127929393446e-07,0,0
6834,GJ9055,20.7646915,-12.965375,2459491.6965942,2.734233,1.552094,34790.652264,1.678417,-0.594822,1.059198,34793.455162,1.002427,7.310252,1.074823,21.124066,15.443344,34.5519,5.302463,0.50473,0.001528,0.200394,0.001463,0.260563,0.001894,0,6.500418,49.394308,0.028485,35,60.4,2459491.69658,1.134087,1.13297,-2,-9999999,2.649011,-0.385056,1.134502,0.153887,1.346189,0.51,300,21.095877,15.450528,2021-10-04T04:32:47.900,-9999999,K5,108.22CE.001,UNKNOWN,-9999999,HARPS_ech_obs_all,HARPS_ech_obs_wavesimult,STAR_WAVE_K0,8.30838313897841e-06,7.8435620382479e-07,0,0
6835,GJ9055,20.7646915,-12.965375,2459491.7003859,2.251685,1.594875,34790.628069,1.721397,-1.070431,1.120951,34793.431074,1.072838,6.612584,1.136558,23.754538,17.150364,39.493983,5.143256,0.506731,0.001604,0.20136,0.00154,0.255975,0.001972,0,6.50442,49.358766,0.020554,35,57.8,2459491.70038,1.122916,1.121783,-2,-9999999,2.649013,-0.378117,1.134502,0.153992,1.346189,0.5,300,23.736146,17.155493,2021-10-04T04:38:18.497,-9999999,K5,108.22CE.001,UNKNOWN,-9999999,HARPS_ech_obs_all,HARPS_ech_obs_wavesimult,STAR_WAVE_K0,4.41910582281674e-06,1.39951652244922e-06,0,0
6836,GJ9055,20.7646915,-12.965375,2459492.7370014,-0.005181,1.042583,34790.70437,1.450201,-1.699564,0.617226,34793.577279,0.539299,6.015063,0.635343,10.758627,11.037128,36.569634,4.733261,0.507078,0.000818,0.194855,0.000783,0.261334,0.001001,0,6.503372,49.386173,0.026878,35,106.1,2459492.73699,0.524226,0.523106,0,-9999999,2.649432,1.249616,0.840245,0.223477,1.346195,0.5,300,10.741817,11.046718,2021-10-05T05:31:01.837,-9999999,K5,106.21TJ.001,UNKNOWN,-9999999,HARPS_ech_obs_all,HARPS_ech_obs_wavesimult,STAR_WAVE_K0,1.10785265796502e-05,7.05720822881396e-07,0,0
6837,GJ9055,20.7646915,-12.965375,2459492.7408977,1.069407,1.039683,34790.746255,1.448599,-0.617845,0.612313,34793.619274,0.534972,7.13664,0.6303,26.612502,10.964901,34.396639,4.731818,0.508885,0.000812,0.194382,0.000773,0.261327,0.000991,0,6.499927,49.414832,0.024252,35,107.1,2459492.74089,0.512681,0.511546,0,-9999999,2.649434,1.256747,0.840247,0.223585,1.346196,0.52,300,26.616172,10.974733,2021-10-05T05:36:32.473,-9999999,K5,106.21TJ.001,UNKNOWN,-9999999,HARPS_ech_obs_all,HARPS_ech_obs_wavesimult,STAR_WAVE_K0,1.01294240731679e-05,7.30380983322386e-07,0,0
6838,GJ9055,20.7646915,-12.965375,2459492.7446582,-0.250558,1.022108,34790.997477,1.439672,-1.930927,0.581968,34793.870602,0.510303,5.841306,0.600503,4.987677,10.254681,34.458637,4.795323,0.508013,0.000774,0.195929,0.000737,0.259992,0.000939,0,6.500243,49.394896,0.020817,35,112.5,2459492.74465,0.501566,0.500424,0,-9999999,2.649435,1.26363,0.840248,0.22369,1.346197,0.5,300,4.951731,10.268697,2021-10-05T05:42:03.380,-9999999,K5,106.21TJ.001,UNKNOWN,-9999999,HARPS_ech_obs_all,HARPS_ech_obs_wavesimult,STAR_WAVE_K0,7.65053829947002e-06,8.28601472608559e-07,0,0
6839,GJ9055,20.7646915,-12.965375,2459493.7498975,1.71496,1.187713,34789.968148,1.4897,-2.204859,0.73576,34792.767197,0.637929,5.489222,0.753105,-0.766676,11.311236,33.286776,5.003583,0.504279,0.000982,0.197917,0.000946,0.260848,0.001215,0,6.499272,49.410591,0.024021,35,88.5,2459493.74989,-0.004551,-0.005683,0,-9999999,2.649842,-0.97582,0.932373,0.149207,1.3462,0.49,300,-0.814276,11.323641,2021-10-06T05:49:38.962,-9999999,K5,106.21TJ.001,UNKNOWN,-9999999,HARPS_ech_obs_all,HARPS_ech_obs_wavesimult,STAR_WAVE_K0,9.96197928211728e-06,7.19853015584931e-07,0,0
6840,GJ9055,20.7646915,-12.965375,2459493.7537606,0.168231,1.253933,34788.8269,1.533289,-3.744517,0.838466,34791.626058,0.733974,3.74528,0.855773,22.358528,11.616817,39.098094,4.694581,0.503029,0.001119,0.200104,0.001091,0.259265,0.00139,0,6.501812,49.383312,0.024214,35,77.9,2459493.75375,-0.015848,-0.016991,0,-9999999,2.649844,-0.968749,0.932375,0.149314,1.346201,0.5,300,22.330621,11.6269,2021-10-06T05:55:09.739,-9999999,K5,106.21TJ.001,UNKNOWN,-9999999,HARPS_ech_obs_all,HARPS_ech_obs_wavesimult,STAR_WAVE_K0,1.31481128621985e-05,7.53049382691444e-07,0,0
6841,GJ9055,20.7646915,-12.965375,2459493.7575891,1.736202,1.297368,34789.730617,1.564053,-2.169539,0.902129,34792.529883,0.79624,5.49644,0.918529,24.086076,12.40751,33.910225,4.903245,0.500907,0.001195,0.199473,0.001173,0.260767,0.0015,0,6.501056,49.404849,0.02924,35,73.0,2459493.75758,-0.026993,-0.028146,0,-9999999,2.649845,-0.961742,0.932376,0.149421,1.346203,0.5,300,24.05194,12.420514,2021-10-06T06:00:40.516,-9999999,K5,106.21TJ.001,UNKNOWN,-9999999,HARPS_ech_obs_all,HARPS_ech_obs_wavesimult,STAR_WAVE_K0,7.67351600606181e-06,1.04263091569132e-06,0,0
6842,GJ9055,20.7646915,-12.965375,2459514.7152605,2.659145,1.43356,34792.022254,1.486564,-2.138061,0.728083,34793.555325,0.630591,5.965968,0.746471,31.787935,12.37066,23.692645,4.828696,0.507213,0.000957,0.200357,0.000943,0.264673,0.001215,0,6.486816,49.541462,0.023188,35,89.2,2459514.71526,-10.015511,-10.016703,0,-9999999,2.658326,-1.853207,1.234905,-1.125255,1.34619,0.5,300,31.765695,12.382749,2021-10-27T05:00:13.250,-9999999,K5,108.22CE.001,UNKNOWN,-9999999,HARPS_ech_obs_all,HARPS_ech_obs_wavesimult,STAR_WAVE_K0,1.57702807084594e-06,1.28520176206859e-06,0,0
6843,GJ9055,20.7646915,-12.965375,2459514.7191925,2.905186,1.428168,34792.310799,1.483091,-1.884823,0.717408,34793.843982,0.622359,5.758931,0.7368,20.239803,12.653722,26.81931,4.75878,0.507931,0.000944,0.199641,0.000928,0.264112,0.001195,0,6.488478,49.518124,0.029116,35,90.5,2459514.71918,-10.026512,-10.027654,0,-9999999,2.658328,-1.84601,1.234905,-1.125145,1.346191,0.53,300,20.202899,12.666701,2021-10-27T05:05:43.987,-9999999,K5,108.22CE.001,UNKNOWN,-9999999,HARPS_ech_obs_all,HARPS_ech_obs_wavesimult,STAR_WAVE_K0,6.88374437088926e-06,8.01650104422696e-07,0,0
6844,GJ9055,20.7646915,-12.965375,2459514.7229528,1.892447,1.42829,34790.578301,1.483191,-2.89068,0.71765,34792.111589,0.622595,4.98384,0.737011,26.26488,13.95097,24.926563,4.584508,0.508093,0.000938,0.200067,0.000926,0.26146,0.001186,0,6.489774,49.51482,0.022611,35,90.7,2459514.72294,-10.03695,-10.038099,0,-9999999,2.658329,-1.839128,1.234906,-1.125041,1.346191,0.51,300,26.198025,13.963486,2021-10-27T05:11:14.883,-9999999,K5,108.22CE.001,UNKNOWN,-9999999,HARPS_ech_obs_all,HARPS_ech_obs_wavesimult,STAR_WAVE_K0,8.63964885845752e-06,8.25699147398686e-07,0,0
6845,GJ9055,20.7646915,-12.965375,2459515.7227106,-0.529458,1.076321,34788.897491,1.45357,-5.12959,0.624133,34790.474282,0.548302,3.060774,0.643965,15.793586,9.845937,27.445737,4.490433,0.504043,0.000831,0.195113,0.00081,0.257505,0.001042,0,6.491849,49.478795,0.020431,35,102.7,2459515.7227,-10.500448,-10.501605,0,-9999999,2.658734,-1.656133,0.876884,-1.081943,1.346191,0.51,300,15.735688,9.861519,2021-10-28T05:10:56.871,-9999999,K5,108.22CE.001,UNKNOWN,-9999999,HARPS_ech_obs_all,HARPS_ech_obs_wavesimult,STAR_WAVE_K0,6.51033614011334e-06,6.95575117372874e-07,0,0
6846,GJ9055,20.7646915,-12.965375,2459515.7265044,1.416885,1.061877,34789.629987,1.445626,-3.176303,0.598879,34791.206884,0.526879,4.892255,0.618588,14.495744,9.794786,27.113199,4.553173,0.502048,0.000799,0.193955,0.000774,0.258689,0.001002,0,6.492083,49.485367,0.022306,35,106.9,2459515.7265,-10.510825,-10.511991,0,-9999999,2.658735,-1.649189,0.876885,-1.081838,1.346192,0.5,300,14.448165,9.813822,2021-10-28T05:16:27.668,-9999999,K5,108.22CE.001,UNKNOWN,-9999999,HARPS_ech_obs_all,HARPS_ech_obs_wavesimult,STAR_WAVE_K0,7.57667973643532e-06,7.17964485537483e-07,0,0
6847,GJ9055,20.7646915,-12.965375,2459515.7302955,0.580757,1.062849,34791.087159,1.446399,-4.005492,0.600598,34792.664164,0.528994,3.783146,0.61915,12.160398,9.645551,26.751583,4.386259,0.502898,0.000801,0.193008,0.000775,0.261074,0.000997,0,6.487851,49.479056,0.024369,35,106.6,2459515.73029,-10.5211,-10.522281,0,-9999999,2.658737,-1.64225,0.876886,-1.081732,1.346193,0.49,300,12.131478,9.660527,2021-10-28T05:21:58.234,-9999999,K5,108.22CE.001,UNKNOWN,-9999999,HARPS_ech_obs_all,HARPS_ech_obs_wavesimult,STAR_WAVE_K0,1.04489851294707e-05,6.58995270175859e-07,0,0
6848,GJ9055,20.7646915,-12.965375,2459517.6724301,1.287662,1.371678,34791.723894,0.961088,-3.660498,0.597081,34792.613016,0.523517,4.439158,0.616156,22.381318,10.996078,28.293271,4.329839,0.502269,0.000792,0.194629,0.000775,0.25674,0.000997,0,6.488965,49.467421,0.026315,35,107.1,2459517.67242,-11.279189,-11.280326,0,-9999999,2.659523,-2.004161,1.234906,-1.770401,0.80599,0.51,300,22.360565,11.010221,2021-10-30T03:58:38.698,-9999999,K5,108.22CE.001,UNKNOWN,-9999999,HARPS_ech_obs_all,HARPS_ech_obs_wavesimult,STAR_WAVE_K0,7.10535797278358e-06,6.84705242580577e-07,0,0
6849,GJ9055,20.7646915,-12.965375,2459517.676152,2.579168,1.383159,34792.062856,0.971876,-2.36218,0.623007,34792.952083,0.543069,5.624939,0.641665,18.873951,10.146206,25.906056,4.650924,0.503041,0.000824,0.193956,0.000807,0.257734,0.001042,0,6.484283,49.472485,0.023934,35,102.9,2459517.67615,-11.290072,-11.291226,0,-9999999,2.659524,-1.997349,1.234906,-1.770297,0.805989,0.48,300,18.808751,10.166102,2021-10-30T04:04:09.285,-9999999,K5,108.22CE.001,UNKNOWN,-9999999,HARPS_ech_obs_all,HARPS_ech_obs_wavesimult,STAR_WAVE_K0,7.52149115319899e-06,8.08715164005143e-07,0,0
6850,GJ9055,20.7646915,-12.965375,2459517.6800486,1.685267,1.369801,34791.1506,0.959402,-3.24895,0.592759,34792.039937,0.52042,4.905432,0.612919,20.035911,10.708856,28.371735,4.490326,0.504279,0.000791,0.193793,0.000771,0.263457,0.000994,0,6.486264,49.471735,0.022352,35,107.5,2459517.68004,-11.301429,-11.302563,0,-9999999,2.659526,-1.990218,1.234905,-1.770189,0.805988,0.5,300,20.010082,10.723766,2021-10-30T04:09:39.962,-9999999,K5,108.22CE.001,UNKNOWN,-9999999,HARPS_ech_obs_all,HARPS_ech_obs_wavesimult,STAR_WAVE_K0,8.63388721291229e-06,7.18826323612152e-07,0,0
6851,GJ9055,20.7646915,-12.965375,2459518.6938128,1.880657,1.388297,34792.515284,1.047291,-2.688373,0.634335,34793.316599,0.555481,5.750169,0.653879,35.302924,15.085631,31.119493,4.523514,0.507231,0.000839,0.198583,0.000818,0.262701,0.001054,0,6.485476,49.454652,0.024142,35,101.5,2459518.69381,-11.798604,-11.799748,0,-9999999,2.659936,-1.625031,1.234904,-1.858621,0.887839,0.5,300,35.307937,15.091088,2021-10-31T04:29:32.542,-9999999,K5,108.22CE.001,UNKNOWN,-9999999,HARPS_ech_obs_all,HARPS_ech_obs_wavesimult,STAR_WAVE_K0,5.45706450324116e-06,8.10732330977053e-07,0,0
6852,GJ9055,20.7646915,-12.965375,2459518.6976746,1.328663,1.383299,34791.37606,1.041307,-3.233299,0.623321,34792.177485,0.544115,4.830593,0.644082,36.907894,14.218325,29.592518,4.561559,0.505848,0.00082,0.199996,0.000803,0.263228,0.001032,0,6.486262,49.468633,0.023028,35,103.7,2459518.69767,-11.809572,-11.81073,0,-9999999,2.659938,-1.617963,1.234904,-1.858513,0.887839,0.51,300,36.900933,14.223736,2021-10-31T04:35:03.209,-9999999,K5,108.22CE.001,UNKNOWN,-9999999,HARPS_ech_obs_all,HARPS_ech_obs_wavesimult,STAR_WAVE_K0,1.22212028345843e-05,6.53366316090104e-07,0,0
6853,GJ9055,20.7646915,-12.965375,2459518.7014695,0.769152,1.382018,34790.463252,1.04075,-3.785864,0.620473,34791.264783,0.54305,4.198217,0.640462,31.990058,12.700935,30.439646,4.995862,0.508236,0.000823,0.199032,0.000801,0.263755,0.001033,0,6.486685,49.455418,0.022535,35,103.8,2459518.70147,-11.820283,-11.821446,0,-9999999,2.659939,-1.611017,1.234904,-1.858408,0.887839,0.5,300,31.996647,12.706119,2021-10-31T04:40:34.106,-9999999,K5,108.22CE.001,UNKNOWN,-9999999,HARPS_ech_obs_all,HARPS_ech_obs_wavesimult,STAR_WAVE_K0,1.06521582195591e-05,5.69983704673967e-07,0,0
6854,GJ9055,20.7646915,-12.965375,2459519.7282546,-0.087342,1.168832,34788.680418,1.210424,-8.151074,0.841375,34786.84062,0.735037,-0.193128,0.858294,24.120337,13.872638,28.589329,4.906918,0.505237,0.001109,0.194675,0.001099,0.262408,0.00141,0,6.48659,49.481817,0.019697,35,77.6,2459519.72824,-12.347513,-12.348622,0,-9999999,2.660355,-5.119733,0.81133,-4.500153,0.96169,0.5,300,24.141666,13.873475,2021-11-01T05:19:11.865,-9999999,K5,108.22CE.001,UNKNOWN,-9999999,HARPS_ech_obs_all,HARPS_ech_obs_wavesimult,STAR_WAVE_K0,8.35023549039829e-06,6.98247770553809e-07,0,0
6855,GJ9055,20.7646915,-12.965375,2459519.732118,1.064372,1.160553,34789.878188,1.20218,-6.992289,0.829834,34788.038498,0.721378,1.543664,0.848489,14.353911,14.862621,29.944391,5.134714,0.503095,0.001087,0.193193,0.001075,0.264301,0.001389,0,6.483141,49.465344,0.019364,35,78.8,2459519.73211,-12.35758,-12.358697,0,-9999999,2.660356,-5.112662,0.811331,-4.500046,0.961691,0.51,300,14.355361,14.865208,2021-11-01T05:24:42.672,-9999999,K5,108.22CE.001,UNKNOWN,-9999999,HARPS_ech_obs_all,HARPS_ech_obs_wavesimult,STAR_WAVE_K0,9.93975450932237e-06,6.95338720173988e-07,0,0
6856,GJ9055,20.7646915,-12.965375,2459519.7358753,1.687176,1.181587,34791.376766,1.220331,-6.362608,0.859004,34789.537183,0.751236,1.628287,0.876515,33.353855,12.771168,29.275666,4.956367,0.503531,0.001128,0.194974,0.001121,0.262819,0.001439,0,6.486245,49.465683,0.022107,35,76.1,2459519.73587,-12.367256,-12.368386,0,-9999999,2.660358,-5.105785,0.811332,-4.499941,0.961693,0.49,300,33.368257,12.774233,2021-11-01T05:30:13.319,-9999999,K5,108.22CE.001,UNKNOWN,-9999999,HARPS_ech_obs_all,HARPS_ech_obs_wavesimult,STAR_WAVE_K0,7.80868001053846e-06,8.36574765972995e-07,0,0
6857,GJ9055,20.7646915,-12.965375,2459532.5829022,1.337938,1.396337,34792.058997,1.458759,-2.766628,0.651654,34794.579917,0.56178,5.31766,0.674807,21.097793,12.136158,27.039384,4.793933,0.503293,0.000872,0.19935,0.00084,0.261272,0.00108,0,6.494746,49.464511,0.027608,35,99.6,2459532.58289,-17.474069,-17.475091,-1,-9999999,2.665557,-1.160567,1.234951,-0.144637,1.346248,0.5,300,21.04771,12.149612,2021-11-14T01:50:48.667,-9999999,K5,108.22CE.001,UNKNOWN,-9999999,HARPS_ech_obs_all,HARPS_ech_obs_wavesimult,STAR_WAVE_K0,1.01877693667208e-05,6.90681224428008e-07,0,0
6858,GJ9055,20.7646915,-12.965375,2459532.5867313,3.00434,1.409074,34792.442395,1.466233,-1.093218,0.678523,34794.963423,0.58092,6.695343,0.701944,19.968335,12.96333,29.620816,4.497207,0.502477,0.000904,0.19967,0.000874,0.261893,0.001123,0,6.498805,49.428994,0.022857,35,96.2,2459532.58673,-17.48498,-17.486009,-1,-9999999,2.665558,-1.153559,1.234948,-0.14453,1.346244,0.5,300,19.931243,12.975803,2021-11-14T01:56:19.526,-9999999,K5,108.22CE.001,UNKNOWN,-9999999,HARPS_ech_obs_all,HARPS_ech_obs_wavesimult,STAR_WAVE_K0,1.20705549337918e-05,6.27776520448404e-07,0,0
6859,GJ9055,20.7646915,-12.965375,2459532.590454,2.262785,1.432665,34791.58517,1.482047,-1.82796,0.72625,34794.106303,0.619758,6.550066,0.749348,15.392981,11.512224,31.015998,4.877424,0.504212,0.000966,0.199565,0.000935,0.261425,0.001201,0,6.498957,49.425497,0.023747,35,90.3,2459532.59045,-17.49562,-17.496665,0,-9999999,2.66556,-1.146746,1.234945,-0.144427,1.34624,0.47,300,15.35374,11.525774,2021-11-14T02:01:50.184,-9999999,K5,108.22CE.001,UNKNOWN,-9999999,HARPS_ech_obs_all,HARPS_ech_obs_wavesimult,STAR_WAVE_K0,1.12525689609442e-05,7.32612383776508e-07,0,0
6860,GJ9055,20.7646915,-12.965375,2459535.6500494,1.80499,1.35882,34790.665034,1.434854,-2.230662,0.566906,34793.438553,0.496541,5.624804,0.590974,-3.848133,8.715353,28.478681,4.48833,0.5045,0.00077,0.199147,0.000732,0.259317,0.000938,0,6.501086,49.426438,0.021261,35,113.6,2459535.65005,-18.823007,-18.824038,-2,-9999999,2.666798,-1.091653,1.234912,0.106721,1.3462,0.5,300,-3.893005,8.73186,2021-11-17T03:27:46.211,-9999999,K5,108.22CE.001,UNKNOWN,-9999999,HARPS_ech_obs_all,HARPS_ech_obs_wavesimult,STAR_WAVE_K0,1.23663555655851e-05,6.75641997029118e-07,0,0
6861,GJ9055,20.7646915,-12.965375,2459535.6538767,2.186155,1.371023,34791.32142,1.442665,-1.842492,0.595565,34794.095047,0.518683,6.258018,0.619349,-2.567652,8.86094,29.301592,4.703476,0.509697,0.000797,0.199006,0.000763,0.258766,0.000976,0,6.50326,49.409437,0.024233,35,109.1,2459535.65387,-18.833515,-18.834526,-2,-9999999,2.6668,-1.084648,1.234911,0.106827,1.346198,0.5,300,-2.600287,8.875467,2021-11-17T03:33:16.909,-9999999,K5,108.22CE.001,UNKNOWN,-9999999,HARPS_ech_obs_all,HARPS_ech_obs_wavesimult,STAR_WAVE_K0,8.95540852401875e-06,6.52378504546163e-07,0,0
6862,GJ9055,20.7646915,-12.965375,2459535.6576688,1.954821,1.362952,34790.293417,1.437462,-2.066886,0.576745,34793.067151,0.504035,5.842141,0.600381,1.463535,7.974762,28.075451,4.324606,0.507637,0.000772,0.198602,0.000739,0.261343,0.000951,0,6.502316,49.443345,0.025685,35,112.4,2459535.65766,-18.843853,-18.844879,-2,-9999999,2.666801,-1.077708,1.23491,0.106933,1.346197,0.49,300,1.408402,7.992991,2021-11-17T03:38:47.568,-9999999,K5,108.22CE.001,UNKNOWN,-9999999,HARPS_ech_obs_all,HARPS_ech_obs_wavesimult,STAR_WAVE_K0,8.9478858769309e-06,7.39547081532732e-07,0,0
6863,GJ9055,20.7646915,-12.965375,2459536.7094237,6.829271,1.379349,34792.748642,1.243211,2.690193,0.614504,34797.661341,0.527652,10.566427,0.636805,31.208226,12.739297,30.053738,4.827992,0.506315,0.000789,0.197138,0.000769,0.261648,0.000982,0,6.505343,49.410139,0.026878,35,108.9,2459536.70941,-19.348584,-19.349595,0,-9999999,2.667227,-1.195079,1.234904,2.245472,1.125681,0.51,300,31.192877,12.755754,2021-11-18T04:53:18.925,-9999999,K5,108.22CE.001,UNKNOWN,-9999999,HARPS_ech_obs_all,HARPS_ech_obs_wavesimult,STAR_WAVE_K0,1.14581835902706e-05,7.01614302800558e-07,0,0
6864,GJ9055,20.7646915,-12.965375,2459536.7132188,5.582108,1.375668,34791.781822,1.240497,1.449976,0.606195,34796.694628,0.521225,9.617834,0.630556,24.83468,12.857849,29.789741,4.50986,0.505195,0.000775,0.194437,0.000752,0.262618,0.000969,0,6.502935,49.410223,0.027625,35,110.6,2459536.71321,-19.357188,-19.358203,0,-9999999,2.667228,-1.188133,1.234904,2.245578,1.125681,0.5,300,24.845146,12.868727,2021-11-18T04:58:49.844,-9999999,K5,108.22CE.001,UNKNOWN,-9999999,HARPS_ech_obs_all,HARPS_ech_obs_wavesimult,STAR_WAVE_K0,1.22111862160281e-05,7.00162524034566e-07,0,0
6865,GJ9055,20.7646915,-12.965375,2459536.7170466,4.070763,1.376121,34791.461884,1.240835,-0.054363,0.607222,34796.374798,0.522027,8.325789,0.631105,34.733109,13.813002,32.027262,4.549835,0.503764,0.000774,0.195597,0.000754,0.258958,0.000962,0,6.505234,49.389318,0.028177,35,110.6,2459536.71704,-19.365716,-19.366718,0,-9999999,2.66723,-1.181127,1.234905,2.245684,1.125682,0.5,300,34.708014,13.829026,2021-11-18T05:04:20.582,-9999999,K5,108.22CE.001,UNKNOWN,-9999999,HARPS_ech_obs_all,HARPS_ech_obs_wavesimult,STAR_WAVE_K0,1.40558314204404e-05,6.46412983108151e-07,0,0
6866,GJ9055,20.7646915,-12.965375,2459560.5545509,-1.369454,1.440985,34790.478763,1.490522,-4.777751,0.742477,34793.039761,0.639677,3.563543,0.773709,9.903262,9.763741,24.613348,5.170717,0.509274,0.000999,0.198698,0.00096,0.260699,0.001235,0,6.489919,49.481291,0.023404,35,88.2,2459560.55455,-26.072238,-26.072926,0,-9999999,2.676876,-0.464298,1.234976,-0.115878,1.346279,0.55,300,9.898937,9.775149,2021-12-12T01:12:43.202,-9999999,K5,108.22CE.001,UNKNOWN,-9999999,HARPS_ech_obs_all,HARPS_ech_obs_wavesimult,STAR_WAVE_K0,1.16301248418106e-05,7.14608640162766e-07,0,0
6867,GJ9055,20.7646915,-12.965375,2459560.5582781,-0.176771,1.404065,34790.353998,1.46563,-3.578246,0.668014,34792.915102,0.579323,4.734979,0.697948,-5.02307,9.461375,27.061554,4.72846,0.507974,0.000901,0.199382,0.000865,0.2637,0.001117,0,6.494501,49.459805,0.022848,35,97.4,2459560.55827,-26.082178,-26.082867,0,-9999999,2.676878,-0.457476,1.234973,-0.115774,1.346275,0.52,300,-5.04949,9.473729,2021-12-12T01:18:14.261,-9999999,K5,108.22CE.001,UNKNOWN,-9999999,HARPS_ech_obs_all,HARPS_ech_obs_wavesimult,STAR_WAVE_K0,8.35539819773779e-06,6.65642542065036e-07,0,0
6868,GJ9055,20.7646915,-12.965375,2459560.5622818,-1.766377,1.443036,34789.202908,1.491972,-5.160524,0.746462,34791.764124,0.643068,2.954884,0.77727,12.464027,9.375805,27.26145,5.174613,0.509243,0.001003,0.198914,0.000965,0.261731,0.001243,0,6.501561,49.447634,0.028081,35,87.9,2459560.56228,-26.092814,-26.093506,0,-9999999,2.676879,-0.450148,1.234969,-0.115663,1.34627,0.57,300,12.443819,9.386424,2021-12-12T01:23:45.210,-9999999,K5,108.22CE.001,UNKNOWN,-9999999,HARPS_ech_obs_all,HARPS_ech_obs_wavesimult,STAR_WAVE_K0,1.26729947547171e-05,8.0548448397967e-07,0,0
6869,GJ9055,20.7646915,-12.965375,2459560.6035446,-0.093008,1.357447,34790.949139,1.434996,-3.411634,0.563557,34793.511519,0.496871,4.77322,0.594481,15.000885,8.358268,27.372756,4.507798,0.508506,0.000765,0.199358,0.000727,0.259017,0.000931,0,6.491016,49.470854,0.026587,35,114.7,2459560.60354,-26.198553,-26.199211,0,-9999999,2.676896,-0.374627,1.234936,-0.114516,1.346229,0.49,300,14.977003,8.376281,2021-12-12T02:23:34.625,-9999999,K5,108.22CE.001,UNKNOWN,-9999999,HARPS_ech_obs_all,HARPS_ech_obs_wavesimult,STAR_WAVE_K0,1.20134531493173e-05,6.2575029848827e-07,0,0
6870,GJ9055,20.7646915,-12.965375,2459560.6074401,-1.280464,1.353126,34791.294425,1.43231,-4.591961,0.553073,34793.856915,0.489068,3.780353,0.583193,2.703184,8.771511,28.63912,4.378984,0.50813,0.000754,0.199763,0.000715,0.260445,0.000919,0,6.495057,49.461636,0.031053,35,116.4,2459560.60744,-26.208034,-26.208706,0,-9999999,2.676898,-0.367498,1.234933,-0.114408,1.346226,0.51,300,2.672746,8.784662,2021-12-12T02:29:05.224,-9999999,K5,108.22CE.001,UNKNOWN,-9999999,HARPS_ech_obs_all,HARPS_ech_obs_wavesimult,STAR_WAVE_K0,1.06705993819516e-05,6.05245608624147e-07,0,0
6871,GJ9055,20.7646915,-12.965375,2459560.611201,-0.820351,1.348587,34791.198684,1.428937,-4.124964,0.54188,34793.76128,0.479109,4.182915,0.572708,4.973171,8.195804,28.729844,4.651333,0.507699,0.000735,0.199805,0.000698,0.260092,0.000895,0,6.491557,49.44931,0.027761,35,119.3,2459560.6112,-26.217084,-26.21776,0,-9999999,2.676899,-0.360614,1.234931,-0.114303,1.346223,0.49,300,4.937106,8.211688,2021-12-12T02:34:36.193,-9999999,K5,108.22CE.001,UNKNOWN,-9999999,HARPS_ech_obs_all,HARPS_ech_obs_wavesimult,STAR_WAVE_K0,1.29688693902683e-05,4.70798508324807e-07,0,0
6872,GJ9055,20.7646915,-12.965375,2459562.5503087,1.293265,0.88556,34792.488859,0.88445,-1.992102,0.509291,34795.38336,0.452707,6.075771,0.540158,7.197905,10.813041,27.463164,4.430327,0.503169,0.000694,0.194166,0.000655,0.258578,0.000838,0,6.496517,49.445399,0.023871,35,127.0,2459562.5503,-26.459212,-26.459856,0,-9999999,2.677684,-0.341368,0.724458,0.216817,0.759808,0.51,300,7.177435,10.826839,2021-12-14T01:07:03.756,-9999999,K5,108.22CE.001,UNKNOWN,-9999999,HARPS_ech_obs_all,HARPS_ech_obs_wavesimult,STAR_WAVE_K0,1.14250277241439e-05,6.44709646731658e-07,0,0
6873,GJ9055,20.7646915,-12.965375,2459562.5540636,0.501164,0.886328,34791.437724,0.884946,-2.777331,0.510635,34794.33233,0.45369,5.627175,0.541043,7.439361,10.941684,27.697055,4.44053,0.504524,0.000701,0.196092,0.000663,0.25951,0.000846,0,6.494785,49.450064,0.026038,35,126.2,2459562.55406,-26.469152,-26.469816,-1,-9999999,2.677685,-0.334496,0.724451,0.216921,0.759799,0.49,300,7.427933,10.953217,2021-12-14T01:12:34.205,-9999999,K5,108.22CE.001,UNKNOWN,-9999999,HARPS_ech_obs_all,HARPS_ech_obs_wavesimult,STAR_WAVE_K0,9.83409767510427e-06,6.06217715250204e-07,0,0
6874,GJ9055,20.7646915,-12.965375,2459562.5578943,0.842597,0.881137,34792.011043,0.881951,-2.428887,0.50158,34794.905758,0.447834,6.013623,0.533591,11.159574,11.428994,27.116028,4.476271,0.503599,0.000691,0.194245,0.000649,0.260557,0.000834,0,6.493049,49.462316,0.025642,35,128.0,2459562.55789,-26.479253,-26.47992,0,-9999999,2.677687,-0.327485,0.724445,0.217028,0.759791,0.49,300,11.15486,11.439005,2021-12-14T01:18:05.204,-9999999,K5,108.22CE.001,UNKNOWN,-9999999,HARPS_ech_obs_all,HARPS_ech_obs_wavesimult,STAR_WAVE_K0,1.33593944301486e-05,4.81881697750223e-07,0,0
6875,GJ9055,20.7646915,-12.965375,2459563.5621785,-1.867507,1.464212,34792.120166,1.202403,-3.025181,0.941054,34796.073796,0.825974,5.102697,0.973574,2.244596,11.858989,21.357989,5.118464,0.502811,0.001282,0.198399,0.001256,0.25878,0.001609,0,6.489798,49.494955,0.025637,35,70.2,2459563.56218,-26.677474,-26.67812,0,-9999999,2.678093,1.786325,1.121756,1.275537,0.873807,0.46,300,2.223156,11.868502,2021-12-15T01:24:32.029,-9999999,K5,108.22CE.001,UNKNOWN,-9999999,HARPS_ech_obs_all,HARPS_ech_obs_wavesimult,STAR_WAVE_K0,7.8778547817981e-06,9.71757802363533e-07,0,0
6876,GJ9055,20.7646915,-12.965375,2459563.5662197,-0.669848,1.492618,34790.350281,1.229061,-1.820125,0.984674,34794.304025,0.864329,6.384018,1.019384,28.603296,14.345543,21.447463,5.284278,0.505373,0.00134,0.199756,0.001317,0.255765,0.001673,0,6.492591,49.465323,0.02004,35,67.5,2459563.56622,-26.687945,-26.688586,1,-9999999,2.678095,1.793722,1.121751,1.275649,0.8738,0.52,300,28.589154,14.354404,2021-12-15T01:30:03.218,-9999999,K5,108.22CE.001,UNKNOWN,-9999999,HARPS_ech_obs_all,HARPS_ech_obs_wavesimult,STAR_WAVE_K0,1.01041251285974e-05,1.14614716778775e-06,0,0
6877,GJ9055,20.7646915,-12.965375,2459563.5699116,-0.900255,1.479085,34790.302436,1.219769,-2.043775,0.964041,34794.256284,0.851071,6.450761,0.996422,12.914994,14.628961,20.452989,5.101069,0.502257,0.001321,0.198033,0.001294,0.258886,0.001638,0,6.491538,49.481566,0.02553,35,68.3,2459563.56991,-26.697451,-26.698096,0,-9999999,2.678096,1.800479,1.121748,1.275752,0.873794,0.48,300,12.895966,14.636735,2021-12-15T01:35:34.227,-9999999,K5,108.22CE.001,UNKNOWN,-9999999,HARPS_ech_obs_all,HARPS_ech_obs_wavesimult,STAR_WAVE_K0,2.60923143059675e-06,1.47841254224379e-06,0,0
6878,GJ9055,20.7646915,-12.965375,2459563.6541157,-2.780595,1.430166,34791.508692,1.155094,-3.770001,0.887232,34795.464916,0.755578,4.114381,0.919384,5.593763,14.150579,22.282917,4.852771,0.507511,0.001151,0.2008,0.001135,0.260081,0.001448,0,6.489407,49.485924,0.024579,35,76.4,2459563.65411,-26.888638,-26.889282,0,-9999999,2.678131,1.954593,1.121692,1.278093,0.873696,0.54,300,5.569594,14.158179,2021-12-15T03:36:32.109,-9999999,K5,108.22CE.001,UNKNOWN,-9999999,HARPS_ech_obs_all,HARPS_ech_obs_wavesimult,STAR_WAVE_K0,5.51398312075321e-06,1.23999192269818e-06,0,0
6879,GJ9055,20.7646915,-12.965375,2459563.6578784,-2.344569,1.382983,34788.94838,1.112043,-3.327088,0.808982,34792.904709,0.687967,5.071015,0.840743,-1.368317,11.560164,23.477379,5.060742,0.508695,0.001053,0.201763,0.001035,0.261897,0.001322,0,6.496234,49.462849,0.021979,35,83.2,2459563.65788,-26.895613,-26.896255,0,-9999999,2.678132,1.96148,1.121691,1.278197,0.873694,0.52,300,-1.392245,11.571619,2021-12-15T03:42:03.237,-9999999,K5,108.22CE.001,UNKNOWN,-9999999,HARPS_ech_obs_all,HARPS_ech_obs_wavesimult,STAR_WAVE_K0,1.38316231433366e-05,7.47479659034059e-07,0,0
6880,GJ9055,20.7646915,-12.965375,2459563.6615703,-3.101117,1.455319,34788.377687,1.178918,-4.076879,0.927236,34792.334121,0.791524,4.19254,0.959688,-9.855193,13.32914,17.08357,5.069638,0.508151,0.001196,0.200691,0.001185,0.260205,0.001513,0,6.491659,49.495716,0.022462,35,73.5,2459563.66157,-26.902294,-26.902938,0,-9999999,2.678134,1.968237,1.12169,1.2783,0.873692,0.48,300,-9.870481,13.338037,2021-12-15T03:47:34.246,-9999999,K5,108.22CE.001,UNKNOWN,-9999999,HARPS_ech_obs_all,HARPS_ech_obs_wavesimult,STAR_WAVE_K0,6.30336767569725e-06,1.36322598369249e-06,0,0
6881,GJ9055,20.7646915,-12.965375,2459564.5516129,-1.323945,1.121613,34789.209622,1.127885,-5.22005,0.603216,34791.529096,0.527112,2.946265,0.634555,18.63945,9.6262,24.052919,4.589915,0.507283,0.000805,0.198988,0.000774,0.260114,0.000995,0,6.491856,49.486997,0.026315,35,107.6,2459564.5516,-26.829014,-26.829624,0,-9999999,2.678494,-0.952106,0.945593,-0.35902,0.997134,0.51,300,18.604154,9.637737,2021-12-16T01:09:11.765,-9999999,K5,108.22CE.001,UNKNOWN,-9999999,HARPS_ech_obs_all,HARPS_ech_obs_wavesimult,STAR_WAVE_K0,8.938169488017e-06,8.08050385839004e-07,0,0
6882,GJ9055,20.7646915,-12.965375,2459564.55545,-2.01287,1.110365,34789.683039,1.121187,-5.901952,0.582044,34792.002621,0.512636,2.261537,0.614214,17.759045,9.539616,22.304317,4.520356,0.508867,0.000778,0.198501,0.000746,0.261704,0.000962,0,6.488645,49.496869,0.024004,35,111.4,2459564.55545,-26.839034,-26.83966,0,-9999999,2.678495,-0.945083,0.945588,-0.358913,0.997128,0.51,300,17.755566,9.549978,2021-12-16T01:14:43.323,-9999999,K5,108.22CE.001,UNKNOWN,-9999999,HARPS_ech_obs_all,HARPS_ech_obs_wavesimult,STAR_WAVE_K0,1.16510853808263e-05,5.87634101215278e-07,0,0
6883,GJ9055,20.7646915,-12.965375,2459564.5592101,-0.888794,1.100466,34790.014537,1.11286,-4.770994,0.562938,34792.334225,0.494172,3.578021,0.59394,15.262766,9.340856,25.801802,4.645287,0.507899,0.000744,0.200392,0.000717,0.262265,0.000923,0,6.493791,49.476422,0.026563,35,116.1,2459564.55921,-26.848805,-26.849437,0,-9999999,2.678497,-0.938201,0.945583,-0.358809,0.997122,0.49,300,15.231233,9.356106,2021-12-16T01:20:14.222,-9999999,K5,108.22CE.001,UNKNOWN,-9999999,HARPS_ech_obs_all,HARPS_ech_obs_wavesimult,STAR_WAVE_K0,8.07204596290185e-06,7.59993495597926e-07,0,0
6884,GJ9055,20.7646915,-12.965375,2459564.6255612,-1.110922,1.105449,34790.503977,1.117107,-4.871684,0.572722,34792.825536,0.503826,3.585555,0.603766,16.589442,10.629268,25.953989,4.401885,0.509379,0.000755,0.19712,0.000723,0.263949,0.000941,0,6.493662,49.458418,0.024609,35,114.4,2459564.62556,-27.007953,-27.008583,0,-9999999,2.678524,-0.816763,0.945519,-0.356965,0.997039,0.49,300,16.586332,10.640125,2021-12-16T02:55:47.467,-9999999,K5,108.22CE.001,UNKNOWN,-9999999,HARPS_ech_obs_all,HARPS_ech_obs_wavesimult,STAR_WAVE_K0,1.09175487281197e-05,7.51251689151209e-07,0,0
6885,GJ9055,20.7646915,-12.965375,2459564.6294353,-3.22119,1.130872,34787.046656,1.133629,-6.974861,0.620379,34789.368324,0.539476,1.413921,0.651116,17.883222,10.964687,23.530476,4.611604,0.508286,0.000814,0.198847,0.000786,0.261226,0.001014,0,6.489485,49.481878,0.026674,35,106.1,2459564.62943,-27.016172,-27.01681,0,-9999999,2.678525,-0.809672,0.945516,-0.356857,0.997036,0.5,300,17.865791,10.972593,2021-12-16T03:01:19.226,-9999999,K5,108.22CE.001,UNKNOWN,-9999999,HARPS_ech_obs_all,HARPS_ech_obs_wavesimult,STAR_WAVE_K0,1.0598326869864e-05,6.46742481429698e-07,0,0
6886,GJ9055,20.7646915,-12.965375,2459564.6332662,-2.152609,1.147146,34789.037314,1.144508,-5.899268,0.649575,34791.359091,0.561981,2.473255,0.681502,27.538477,10.734442,27.8722,4.851481,0.505571,0.000842,0.199857,0.000822,0.261894,0.001057,0,6.488558,49.458622,0.02175,35,102.0,2459564.63326,-27.024153,-27.024792,0,-9999999,2.678527,-0.802661,0.945514,-0.35675,0.997033,0.5,300,27.534217,10.742966,2021-12-16T03:06:50.245,-9999999,K5,108.22CE.001,UNKNOWN,-9999999,HARPS_ech_obs_all,HARPS_ech_obs_wavesimult,STAR_WAVE_K0,1.16135268336427e-05,6.11107222351068e-07,0,0
