,target,ra,dec,BJD,RV_mlc_nzp,e_RV_mlc_nzp,RV_drs_nzp,e_RV_drs_nzp,RV_mlc,e_RV_mlc,RV_drs,e_RV_drs,RV_mlc_j,e_RV_mlc_j,CRX,e_CRX,dLW,e_dLW,Halpha,e_Halpha,NaD1,e_NaD1,NaD2,e_NaD2,f_RV,FWHM_DRS,CONTRAST_DRS,BIS,RVGUESS,SNR_DRS,BJD_DRS,BERV,BERV_DRS,DRIFT,e_DRIFT,SA,NZP_mlc,dNZP_mlc,NZP_drs,dNZP_drs,TMMEAN,EXPTIME,MLCRX,E_MLCRX,TIMEID,DRIFT_LAMP,MASK,PROGID,PROGPI,AIRMASS,OBHAB,THAR_FP,DPR_TYPE,RHKp,dRHKp,vsinflag,metflag
4156,GJ166,63.805391,-7.67218,2458768.741652,0.368142,0.987286,-42175.878371,1.379685,2.526975,0.373857,-42175.616218,0.317444,2.526975,0.373857,-5.235232,7.176932,7.511639,0.848379,0.497097,0.000439,0.236922,0.00043,0.308904,0.00054,0,6.586853,50.856752,-0.022877,-42,200.6,2458768.74165,17.345976,17.346081,0,-9999999,0.0,-0.615122,0.913764,0.262153,1.342669,0.49,90,-5.236426,7.180735,2019-10-12T05:41:46.062,-9999999,G2,60.A-9709(G),UNKNOWN,-9999999,HARPS_ech_obs_all,HARPS_ech_obs_wavesimult,STAR_WAVE_NONE,1.33372394685265e-05,4.24901171341717e-07,0,0
4157,GJ166,63.805391,-7.67218,2458768.7431332,1.060647,1.029746,-42175.41766,1.402296,3.222198,0.474773,-42175.155441,0.404563,3.222198,0.474773,-2.077653,7.776323,7.283057,1.122457,0.497257,0.000561,0.238227,0.000552,0.307971,0.000691,0,6.587853,50.85501,-0.022702,-42,157.3,2458768.74313,17.342172,17.342286,0,-9999999,8e-06,-0.612404,0.913765,0.262211,1.34267,0.56,90,-2.082853,7.782491,2019-10-12T05:43:47.728,-9999999,G2,60.A-9709(G),UNKNOWN,-9999999,HARPS_ech_obs_all,HARPS_ech_obs_wavesimult,STAR_WAVE_NONE,1.35334499585724e-05,4.30590094787104e-07,0,0
4158,GJ166,63.805391,-7.67218,2458768.7444692,-0.907285,0.987863,-42175.813395,1.379963,1.256718,0.375375,-42175.551117,0.318647,1.256718,0.375375,-1.433254,7.178652,8.229907,0.803224,0.497411,0.000442,0.23701,0.000432,0.30867,0.000543,0,6.587389,50.868055,-0.022068,-42,199.6,2458768.74446,17.338727,17.338862,0,-9999999,1.5e-05,-0.609952,0.913766,0.262263,1.34267,0.5,90,-1.434891,7.181681,2019-10-12T05:45:48.555,-9999999,G2,60.A-9709(G),UNKNOWN,-9999999,HARPS_ech_obs_all,HARPS_ech_obs_wavesimult,STAR_WAVE_NONE,1.31691498741002e-05,3.70977340928478e-07,0,0
4159,GJ166,63.805391,-7.67218,2458768.7458175,0.73886,1.075017,-42175.276222,1.426129,2.905338,0.566297,-42175.013885,0.480707,2.905338,0.566297,-15.199222,8.63749,5.274934,1.035253,0.49695,0.00067,0.237687,0.00066,0.309302,0.000828,0,6.590324,50.876526,-0.024267,-42,132.0,2458768.74582,17.335237,17.335339,0,-9999999,2.2e-05,-0.607478,0.913766,0.262315,1.342671,0.45,90,-15.224507,8.641752,2019-10-12T05:47:49.541,-9999999,G2,60.A-9709(G),UNKNOWN,-9999999,HARPS_ech_obs_all,HARPS_ech_obs_wavesimult,STAR_WAVE_NONE,1.34539013717127e-05,4.6265568626964e-07,0,0
4160,GJ166,63.805391,-7.67218,2458768.747291,0.553083,0.981836,-42175.492323,1.376844,2.722265,0.35921,-42175.22992,0.30485,2.722265,0.35921,-5.013948,7.464011,8.275363,0.880105,0.497198,0.000423,0.237037,0.000413,0.307601,0.000518,0,6.587576,50.871498,-0.023958,-42,208.7,2458768.74729,17.331409,17.331528,0,-9999999,3e-05,-0.604773,0.913767,0.262373,1.342671,0.52,90,-5.020407,7.468899,2019-10-12T05:49:50.538,-9999999,G2,60.A-9709(G),UNKNOWN,-9999999,HARPS_ech_obs_all,HARPS_ech_obs_wavesimult,STAR_WAVE_NONE,1.32450791925297e-05,3.45358671688835e-07,0,0
4161,GJ166,63.805391,-7.67218,2458768.7486915,0.355282,0.970014,-42175.316094,1.370326,2.527034,0.32551,-42175.05363,0.27391,2.527034,0.32551,-5.465539,7.833325,8.590304,0.745568,0.497181,0.00038,0.237251,0.000371,0.308216,0.000466,0,6.588561,50.867933,-0.02261,-42,232.1,2458768.74869,17.327755,17.327882,0,-9999999,3.7e-05,-0.602203,0.913767,0.262427,1.342672,0.52,90,-5.46782,7.837745,2019-10-12T05:51:51.534,-9999999,G2,60.A-9709(G),UNKNOWN,-9999999,HARPS_ech_obs_all,HARPS_ech_obs_wavesimult,STAR_WAVE_NONE,1.26769365071373e-05,3.99616619851508e-07,0,0
4162,GJ166,63.805391,-7.67218,2458768.7500557,-0.95985,0.969368,-42176.583492,1.370215,1.214406,0.323577,-42176.320968,0.273351,1.214406,0.323577,-0.506573,7.410898,7.574397,0.828098,0.496797,0.000378,0.236621,0.000369,0.308472,0.000464,0,6.586414,50.853851,-0.022163,-42,233.2,2458768.75005,17.324182,17.324288,0,-9999999,4.4e-05,-0.5997,0.913768,0.26248,1.342672,0.48,90,-0.525473,7.414438,2019-10-12T05:53:53.001,-9999999,G2,60.A-9709(G),UNKNOWN,-9999999,HARPS_ech_obs_all,HARPS_ech_obs_wavesimult,STAR_WAVE_NONE,1.26541681382597e-05,3.88999404210653e-07,0,0
4163,GJ166,63.805391,-7.67218,2458768.7513688,0.278025,1.0387,-42175.246354,1.407488,2.454691,0.493887,-42174.983772,0.422199,2.454691,0.493887,7.08716,7.997063,7.286388,1.145035,0.497828,0.000589,0.236981,0.000576,0.308596,0.000724,0,6.58837,50.858858,-0.023254,-42,150.5,2458768.75136,17.320731,17.320859,0,-9999999,5.1e-05,-0.59729,0.913769,0.262531,1.342673,0.39,90,7.075363,8.001843,2019-10-12T05:55:54.548,-9999999,G2,60.A-9709(G),UNKNOWN,-9999999,HARPS_ech_obs_all,HARPS_ech_obs_wavesimult,STAR_WAVE_NONE,1.41648068410765e-05,5.16891218920516e-07,0,0
4164,GJ166,63.805391,-7.67218,2458768.7530308,1.575846,1.326548,-42176.174953,1.560721,3.755562,0.961642,-42175.912297,0.795662,3.755562,0.961642,-4.806485,10.796939,2.654323,1.768198,0.49684,0.001133,0.237196,0.001128,0.309737,0.001415,0,6.586169,50.893033,-0.025241,-42,79.2,2458768.75303,17.316347,17.316472,0,-9999999,6e-05,-0.59424,0.913769,0.262596,1.342674,0.63,90,-4.822947,10.799563,2019-10-12T05:57:56.534,-9999999,G2,60.A-9709(G),UNKNOWN,-9999999,HARPS_ech_obs_all,HARPS_ech_obs_wavesimult,STAR_WAVE_NONE,1.57190057692996e-05,5.527960692445e-07,0,0
4165,GJ166,63.805391,-7.67218,2458768.7543319,1.158503,0.968942,-42174.447405,1.369488,3.340607,0.322294,-42174.184691,0.269674,3.340607,0.322294,-3.357962,6.951971,7.522726,0.650254,0.497169,0.000375,0.236462,0.000365,0.308257,0.000459,0,6.589067,50.876877,-0.0235,-42,235.8,2458768.75432,17.312902,17.313021,0,-9999999,6.7e-05,-0.591852,0.91377,0.262647,1.342674,0.53,90,-3.363818,6.958516,2019-10-12T05:59:57.941,-9999999,G2,60.A-9709(G),UNKNOWN,-9999999,HARPS_ech_obs_all,HARPS_ech_obs_wavesimult,STAR_WAVE_NONE,1.3658700427922e-05,3.55665568776577e-07,0,0
4166,GJ166,63.805391,-7.67218,2458816.763977,-0.257201,1.12842,-42182.67721,1.372312,-1.745204,0.33737,-42182.768699,0.283644,-1.745204,0.33737,-3.902445,7.664046,-0.090606,0.651728,0.494745,0.000348,0.237348,0.000355,0.314657,0.000447,0,6.604045,50.230672,-0.024046,-42,242.0,2458816.76397,-3.357677,-3.357564,2,-9999999,0.253184,-4.261958,1.076807,-0.344673,1.342679,0.55,90,-3.882193,7.663981,2019-11-29T06:12:05.759,-9999999,G2,60.A-9709(G),UNKNOWN,-9999999,HARPS_ech_obs_all,HARPS_ech_obs_wavesimult,STAR_WAVE_NONE,1.16905907208552e-05,3.89306220893812e-07,0,0
4167,GJ166,63.805391,-7.67218,2458816.7653864,0.45881,1.116886,-42180.707183,1.36564,-1.026607,0.296515,-42180.798609,0.249364,-1.026607,0.296515,-9.986736,6.80209,1.223118,0.566986,0.496223,0.000324,0.237097,0.000323,0.315235,0.000407,0,6.595772,50.542997,-0.026572,-42,266.4,2458816.76539,-3.361527,-3.361439,1,-9999999,0.253192,-4.259372,1.076807,-0.344618,1.34268,0.49,90,-9.969796,6.803609,2019-11-29T06:14:12.936,-9999999,G2,60.A-9709(G),UNKNOWN,-9999999,HARPS_ech_obs_all,HARPS_ech_obs_wavesimult,STAR_WAVE_NONE,1.19997217720578e-05,3.95472688145617e-07,0,0
4168,GJ166,63.805391,-7.67218,2458816.7667938,0.244745,1.115033,-42180.684944,1.364291,-1.238089,0.289451,-42180.776308,0.241866,-1.238089,0.289451,-10.460574,7.179705,1.147565,0.537618,0.495339,0.000309,0.237033,0.00031,0.314347,0.00039,0,6.597755,50.455435,-0.025245,-42,277.6,2458816.76679,-3.365356,-3.365241,1,-9999999,0.253199,-4.256789,1.076808,-0.344563,1.342681,0.5,90,-10.448958,7.178931,2019-11-29T06:16:13.632,-9999999,G2,60.A-9709(G),UNKNOWN,-9999999,HARPS_ech_obs_all,HARPS_ech_obs_wavesimult,STAR_WAVE_NONE,1.29820353907947e-05,4.2027137730724e-07,0,0
4169,GJ166,63.805391,-7.67218,2458816.7682159,-0.380773,1.11226,-42180.878516,1.36293,-1.860997,0.278578,-42180.969817,0.234058,-1.860997,0.278578,-12.992251,7.655973,1.031112,0.485132,0.495359,0.000305,0.236935,0.000303,0.314646,0.000382,0,6.594087,50.559241,-0.026513,-42,283.7,2458816.76821,-3.369212,-3.369092,1,-9999999,0.253207,-4.254179,1.076809,-0.344508,1.342682,0.52,90,-12.974543,7.654456,2019-11-29T06:18:14.709,-9999999,G2,60.A-9709(G),UNKNOWN,-9999999,HARPS_ech_obs_all,HARPS_ech_obs_wavesimult,STAR_WAVE_NONE,1.22736433769093e-05,3.7925365656894e-07,0,0
4170,GJ166,63.805391,-7.67218,2458816.7695844,0.402259,1.107457,-42179.901178,1.359776,-1.075453,0.258733,-42179.992419,0.214932,-1.075453,0.258733,-14.263636,7.663304,0.65828,0.456534,0.495576,0.000282,0.23719,0.000279,0.31515,0.000352,0,6.594908,50.579604,-0.02493,-42,308.3,2458816.76958,-3.372907,-3.372797,1,-9999999,0.253214,-4.251668,1.07681,-0.344455,1.342682,0.49,90,-14.257131,7.66325,2019-11-29T06:20:15.645,-9999999,G2,60.A-9709(G),UNKNOWN,-9999999,HARPS_ech_obs_all,HARPS_ech_obs_wavesimult,STAR_WAVE_NONE,1.19766375598739e-05,3.06980113112427e-07,0,0
4171,GJ166,63.805391,-7.67218,2458816.770964,0.132524,1.113035,-42180.722559,1.363009,-1.342656,0.28165,-42180.813739,0.234511,-1.342656,0.28165,-13.262599,7.392523,0.172943,0.380763,0.495986,0.000303,0.237616,0.000302,0.315478,0.00038,0,6.596178,50.497399,-0.025265,-42,285.2,2458816.77095,-3.376618,-3.376494,1,-9999999,0.253221,-4.249136,1.07681,-0.344401,1.342683,0.47,90,-13.248416,7.392717,2019-11-29T06:22:16.642,-9999999,G2,60.A-9709(G),UNKNOWN,-9999999,HARPS_ech_obs_all,HARPS_ech_obs_wavesimult,STAR_WAVE_NONE,1.24531887741635e-05,3.48976831777475e-07,0,0
4172,GJ166,63.805391,-7.67218,2458816.7724103,0.115749,1.108965,-42181.326927,1.360492,-1.356777,0.265105,-42181.418043,0.219402,-1.356777,0.265105,-12.464488,7.69195,0.446599,0.513737,0.494937,0.000282,0.237016,0.000281,0.314839,0.000353,0,6.59724,50.462685,-0.024791,-42,306.5,2458816.7724,-3.380493,-3.380362,1,-9999999,0.253229,-4.246481,1.076811,-0.344345,1.342684,0.52,90,-12.456131,7.69209,2019-11-29T06:24:17.108,-9999999,G2,60.A-9709(G),UNKNOWN,-9999999,HARPS_ech_obs_all,HARPS_ech_obs_wavesimult,STAR_WAVE_NONE,-9999999.0,-9999999.0,-9999999,-9999999
4173,GJ166,63.805391,-7.67218,2458816.7737636,-0.540372,1.107733,-42181.667216,1.359954,-2.010415,0.259901,-42181.758272,0.216034,-2.010415,0.259901,-11.524008,7.685352,1.824668,0.453978,0.494637,0.000278,0.237144,0.000277,0.315088,0.000349,0,6.599272,50.46893,-0.024855,-42,310.6,2458816.77375,-3.384104,-3.383992,2,-9999999,0.253236,-4.243998,1.076812,-0.344292,1.342685,0.48,90,-11.521688,7.684155,2019-11-29T06:26:17.635,-9999999,G2,60.A-9709(G),UNKNOWN,-9999999,HARPS_ech_obs_all,HARPS_ech_obs_wavesimult,STAR_WAVE_NONE,1.20811336287807e-05,3.38442431843817e-07,0,0
4174,GJ166,63.805391,-7.67218,2458816.7751538,-0.460807,1.112608,-42181.72099,1.362824,-1.928298,0.279947,-42181.811985,0.233418,-1.928298,0.279947,-12.169216,7.366141,1.420053,0.462202,0.495029,0.000302,0.237645,0.000301,0.315584,0.000379,0,6.596128,50.508547,-0.025166,-42,286.0,2458816.77514,-3.387799,-3.387675,1,-9999999,0.253243,-4.241447,1.076813,-0.344238,1.342686,0.47,90,-12.1566,7.364613,2019-11-29T06:28:18.652,-9999999,G2,60.A-9709(G),UNKNOWN,-9999999,HARPS_ech_obs_all,HARPS_ech_obs_wavesimult,STAR_WAVE_NONE,1.19368087667938e-05,3.80365959345897e-07,0,0
4175,GJ166,63.805391,-7.67218,2458816.7766062,0.627172,1.113984,-42180.498813,1.363587,-0.837654,0.285363,-42180.589744,0.237827,-0.837654,0.285363,-9.667058,7.234759,1.647049,0.427436,0.494714,0.000305,0.237341,0.000306,0.314881,0.000384,0,6.598185,50.462787,-0.024057,-42,281.8,2458816.7766,-3.391641,-3.391524,1,-9999999,0.253251,-4.238781,1.076814,-0.344182,1.342687,0.52,90,-9.654969,7.23561,2019-11-29T06:30:19.638,-9999999,G2,60.A-9709(G),UNKNOWN,-9999999,HARPS_ech_obs_all,HARPS_ech_obs_wavesimult,STAR_WAVE_NONE,1.26321269449921e-05,4.05502257569543e-07,0,0
4176,GJ166,63.805391,-7.67218,2458816.7780172,-0.869748,1.111224,-42181.814327,1.361987,-2.331984,0.274389,-42181.905196,0.228467,-2.331984,0.274389,-13.145269,7.387674,0.380792,0.48843,0.495518,0.000294,0.237054,0.000293,0.315147,0.000369,0,6.59786,50.461432,-0.025393,-42,293.7,2458816.77801,-3.395358,-3.395261,1,-9999999,0.253258,-4.236192,1.076814,-0.344127,1.342688,0.53,90,-13.14003,7.384437,2019-11-29T06:32:20.645,-9999999,G2,60.A-9709(G),UNKNOWN,-9999999,HARPS_ech_obs_all,HARPS_ech_obs_wavesimult,STAR_WAVE_NONE,1.15829694344962e-05,3.47039986900462e-07,0,0
4177,GJ166,63.805391,-7.67218,2458818.7912247,-2.881624,0.558718,-42159.651978,0.622925,-1.804927,0.252003,-42160.738238,0.208578,-1.804927,0.252003,0.40079,6.27484,-2.321762,0.494491,0.490939,0.000271,0.236154,0.000268,0.30823,0.000339,0,5.961917,39.920082,0.020877,-42,322.6,2458818.79122,-4.362029,-4.361914,1,-9999999,0.263872,-1.697258,0.498659,-1.350132,0.586967,0.49,90,0.412266,6.272837,2019-12-01T06:51:27.496,-9999999,K5,60.A-9709(G),UNKNOWN,-9999999,HARPS_ech_obs_all,HARPS_ech_obs_wavesimult,STAR_WAVE_K0,1.12493116436774e-05,3.0625674842539e-07,0,0
4178,GJ166,63.805391,-7.67218,2458818.7926581,-1.38992,0.556484,-42158.424801,0.621693,-0.310592,0.247005,-42159.510997,0.204861,-0.310592,0.247005,-1.974049,6.224152,-1.136396,0.41966,0.490553,0.000266,0.236334,0.000263,0.308386,0.000332,0,5.962054,39.91595,0.021366,-42,329.2,2458818.79265,-4.365538,-4.36542,1,-9999999,0.26388,-1.694627,0.498661,-1.350076,0.58697,0.52,90,-1.970817,6.227047,2019-12-01T06:53:28.643,-9999999,K5,60.A-9709(G),UNKNOWN,-9999999,HARPS_ech_obs_all,HARPS_ech_obs_wavesimult,STAR_WAVE_K0,1.17283226149284e-05,3.5654297303151e-07,0,0
4179,GJ166,63.805391,-7.67218,2458818.7940482,-3.100077,0.55473,-42159.650005,0.620477,-2.018198,0.243024,-42160.73614,0.201133,-2.018198,0.243024,2.901498,5.651928,-2.929705,0.467427,0.49155,0.000261,0.235632,0.000258,0.307788,0.000326,0,5.962034,39.924154,0.02187,-42,335.4,2458818.79404,-4.368922,-4.368816,1,-9999999,0.263887,-1.692076,0.498663,-1.350022,0.586973,0.51,90,2.895955,5.650392,2019-12-01T06:55:29.650,-9999999,K5,60.A-9709(G),UNKNOWN,-9999999,HARPS_ech_obs_all,HARPS_ech_obs_wavesimult,STAR_WAVE_K0,1.20268408096219e-05,3.67154711726398e-07,0,0
4180,GJ166,63.805391,-7.67218,2458818.7954383,-2.737815,0.55444,-42159.355703,0.620006,-1.653385,0.242356,-42160.441776,0.199668,-1.653385,0.242356,2.22993,6.138778,-2.501313,0.434665,0.49127,0.00026,0.236002,0.000256,0.308467,0.000324,0,5.96159,39.920662,0.020542,-42,337.6,2458818.79543,-4.372286,-4.37217,1,-9999999,0.263895,-1.689525,0.498666,-1.349968,0.586975,0.5,90,2.227268,6.138278,2019-12-01T06:57:30.656,-9999999,K5,60.A-9709(G),UNKNOWN,-9999999,HARPS_ech_obs_all,HARPS_ech_obs_wavesimult,STAR_WAVE_K0,1.19952751377649e-05,3.87062004715414e-07,0,0
4181,GJ166,63.805391,-7.67218,2458818.7968489,-3.311238,0.557996,-42159.808552,0.622503,-2.224219,0.25038,-42160.894563,0.207284,-2.224219,0.25038,0.009473,6.149252,-1.220922,0.441259,0.491152,0.000269,0.236258,0.000267,0.30785,0.000336,0,5.96199,39.921223,0.019497,-42,324.9,2458818.79684,-4.375679,-4.37556,1,-9999999,0.263902,-1.686936,0.498668,-1.349913,0.586978,0.51,90,0.008575,6.146647,2019-12-01T06:59:31.633,-9999999,K5,60.A-9709(G),UNKNOWN,-9999999,HARPS_ech_obs_all,HARPS_ech_obs_wavesimult,STAR_WAVE_K0,1.18533959862583e-05,3.41972854633396e-07,0,0
4182,GJ166,63.805391,-7.67218,2458818.7982287,-2.161036,0.556111,-42158.602999,0.62117,-1.071485,0.246145,-42159.68895,0.20324,-1.071485,0.246145,0.738908,5.946385,-1.717469,0.471374,0.491589,0.000264,0.236181,0.000261,0.307281,0.000329,0,5.961393,39.92313,0.020329,-42,331.7,2458818.79822,-4.378979,-4.378869,1,-9999999,0.263909,-1.684404,0.49867,-1.34986,0.58698,0.49,90,0.734146,5.946926,2019-12-01T07:01:32.649,-9999999,K5,60.A-9709(G),UNKNOWN,-9999999,HARPS_ech_obs_all,HARPS_ech_obs_wavesimult,STAR_WAVE_K0,1.1369641298257e-05,3.89625879114486e-07,0,0
4183,GJ166,63.805391,-7.67218,2458818.7996291,-2.609022,0.557678,-42159.093183,0.62249,-1.516901,0.24966,-42160.179071,0.207231,-1.516901,0.24966,2.074053,5.97807,-0.749256,0.466444,0.491617,0.000269,0.236066,0.000266,0.307388,0.000336,0,5.962814,39.910959,0.021228,-42,325.4,2458818.79962,-4.382308,-4.38219,1,-9999999,0.263917,-1.681834,0.498673,-1.349805,0.586983,0.49,90,2.071779,5.976759,2019-12-01T07:03:33.646,-9999999,K5,60.A-9709(G),UNKNOWN,-9999999,HARPS_ech_obs_all,HARPS_ech_obs_wavesimult,STAR_WAVE_K0,1.21215085744377e-05,4.01000341545183e-07,0,0
4184,GJ166,63.805391,-7.67218,2458818.8010399,-2.678832,0.559959,-42159.272954,0.624015,-1.584122,0.254711,-42160.35878,0.21176,-1.584122,0.254711,0.413593,6.764507,-1.489094,0.4431,0.491168,0.000275,0.236795,0.000272,0.308254,0.000343,0,5.961545,39.920871,0.021094,-42,318.2,2458818.80103,-4.385641,-4.385518,1,-9999999,0.263924,-1.679245,0.498675,-1.34975,0.586986,0.5,90,0.40762,6.76298,2019-12-01T07:05:34.643,-9999999,K5,60.A-9709(G),UNKNOWN,-9999999,HARPS_ech_obs_all,HARPS_ech_obs_wavesimult,STAR_WAVE_K0,1.207077446278e-05,3.66478479391175e-07,0,0
4185,GJ166,63.805391,-7.67218,2458818.8024405,-3.375942,0.565755,-42160.220663,0.62806,-2.278661,0.267206,-42161.306427,0.22339,-2.278661,0.267206,2.467515,6.563797,-1.275881,0.519886,0.4915,0.000291,0.236366,0.000288,0.308241,0.000364,0,5.962165,39.916792,0.020304,-42,300.3,2458818.80243,-4.388928,-4.38882,1,-9999999,0.263932,-1.676674,0.498677,-1.349696,0.586989,0.5,90,2.45303,6.560673,2019-12-01T07:07:35.649,-9999999,K5,60.A-9709(G),UNKNOWN,-9999999,HARPS_ech_obs_all,HARPS_ech_obs_wavesimult,STAR_WAVE_K0,1.21987573811684e-05,4.1586365788038e-07,0,0
4186,GJ166,63.805391,-7.67218,2458818.8038413,-2.713232,0.564373,-42158.882338,0.627315,-1.61338,0.264264,-42159.96804,0.22128,-1.61338,0.264264,0.833227,6.392788,-2.314374,0.485601,0.491272,0.000287,0.236164,0.000285,0.308229,0.00036,0,5.961545,39.927906,0.020524,-42,303.7,2458818.80383,-4.392195,-4.392079,2,-9999999,0.263939,-1.674104,0.49868,-1.349641,0.586991,0.5,90,0.821981,6.392739,2019-12-01T07:09:36.686,-9999999,K5,60.A-9709(G),UNKNOWN,-9999999,HARPS_ech_obs_all,HARPS_ech_obs_wavesimult,STAR_WAVE_K0,1.11813334503532e-05,3.17401339787275e-07,0,0
4187,GJ166,63.805391,-7.67218,2458819.6807257,-0.056802,0.803391,-42158.144228,0.7147,-0.486169,0.255063,-42159.834134,0.214395,-0.486169,0.255063,-3.888353,5.287111,-4.611919,0.567709,0.491294,0.000285,0.236683,0.000282,0.3075,0.000355,0,5.961719,39.928286,0.021478,-42,308.0,2458819.68072,-4.51598,-4.515826,0,-9999999,0.268562,-3.203322,0.761827,-1.958468,0.681785,0.51,90,-3.881857,5.284703,2019-12-02T04:12:19.685,-9999999,K5,60.A-9709(G),NIRPS,-9999999,HARPS_ech_obs_all,HARPS_ech_obs_wavesimult,STAR_WAVE_K1,1.232654050029e-05,4.00909802934131e-07,0,0
4188,GJ166,63.805391,-7.67218,2458819.682136,-0.160812,0.805006,-42157.812914,0.71641,-0.587591,0.260106,-42159.502758,0.220029,-0.587591,0.260106,-7.773043,5.719401,-6.376863,0.562336,0.491133,0.000294,0.240604,0.000289,0.308081,0.000366,0,5.960237,39.93723,0.021594,-42,299.1,2458819.68213,-4.520203,-4.520074,0,-9999999,0.268569,-3.200734,0.761827,-1.958413,0.681785,0.52,90,-7.761944,5.717777,2019-12-02T04:14:20.642,-9999999,K5,60.A-9709(G),NIRPS,-9999999,HARPS_ech_obs_all,HARPS_ech_obs_wavesimult,STAR_WAVE_K1,1.17814733247813e-05,2.99002877522014e-07,0,0
4189,GJ166,63.805391,-7.67218,2458819.6835896,0.654285,0.802837,-42157.643935,0.714298,0.230174,0.253314,-42159.333715,0.213055,0.230174,0.253314,-7.91652,5.208367,-5.266344,0.606475,0.491322,0.000284,0.241325,0.00028,0.308405,0.000354,0,5.96149,39.928162,0.020426,-42,309.6,2458819.68359,-4.524556,-4.524431,0,-9999999,0.268577,-3.198066,0.761826,-1.958357,0.681784,0.5,90,-7.912837,5.208724,2019-12-02T04:16:28.029,-9999999,K5,60.A-9709(G),NIRPS,-9999999,HARPS_ech_obs_all,HARPS_ech_obs_wavesimult,STAR_WAVE_K1,1.17362825542005e-05,3.40899464070917e-07,0,0
4190,GJ166,63.805391,-7.67218,2458819.6849898,-0.010834,0.801232,-42157.691628,0.712896,-0.432375,0.24818,-42159.381345,0.208307,-0.432375,0.24818,-5.176605,5.248829,-4.655325,0.674737,0.491008,0.000278,0.240779,0.000274,0.308309,0.000347,0,5.961395,39.929041,0.020878,-42,316.2,2458819.68499,-4.52875,-4.528616,0,-9999999,0.268585,-3.195497,0.761826,-1.958302,0.681784,0.5,90,-5.173779,5.24689,2019-12-02T04:18:29.015,-9999999,K5,60.A-9709(G),NIRPS,-9999999,HARPS_ech_obs_all,HARPS_ech_obs_wavesimult,STAR_WAVE_K1,1.20056276802769e-05,2.93353048375276e-07,0,0
4191,GJ166,63.805391,-7.67218,2458819.6863858,0.311493,0.805337,-42157.378612,0.71686,-0.107486,0.261129,-42159.068268,0.221495,-0.107486,0.261129,-4.065916,5.171379,-5.542212,0.545678,0.491124,0.000296,0.240695,0.000292,0.30757,0.000369,0,5.960322,39.936912,0.021428,-42,296.8,2458819.68638,-4.53293,-4.532794,0,-9999999,0.268592,-3.192935,0.761826,-1.958248,0.681783,0.5,90,-4.064056,5.171889,2019-12-02T04:20:29.632,-9999999,K5,60.A-9709(G),NIRPS,-9999999,HARPS_ech_obs_all,HARPS_ech_obs_wavesimult,STAR_WAVE_K1,1.21022180145135e-05,3.56196773214979e-07,0,0
4192,GJ166,63.805391,-7.67218,2458819.6877969,0.192985,0.80496,-42158.158717,0.716162,-0.223405,0.259965,-42159.848311,0.219225,-0.223405,0.259965,-5.284255,5.194426,-5.716028,0.513773,0.490764,0.000292,0.241342,0.000288,0.30814,0.000365,0,5.960899,39.936345,0.020492,-42,300.5,2458819.68779,-4.537155,-4.537012,0,-9999999,0.268599,-3.190345,0.761826,-1.958193,0.681783,0.51,90,-5.281501,5.194249,2019-12-02T04:22:30.648,-9999999,K5,60.A-9709(G),NIRPS,-9999999,HARPS_ech_obs_all,HARPS_ech_obs_wavesimult,STAR_WAVE_K1,1.22331882192885e-05,3.1001184312804e-07,0,0
4193,GJ166,63.805391,-7.67218,2458819.6891972,-0.429585,0.806451,-42158.872737,0.717439,-0.843405,0.264548,-42160.562268,0.223361,-0.843405,0.264548,-5.976744,5.559558,-5.167913,0.627949,0.491121,0.000297,0.241735,0.000294,0.308148,0.000371,0,5.96093,39.933035,0.020834,-42,295.2,2458819.68919,-4.541346,-4.541194,0,-9999999,0.268607,-3.187775,0.761826,-1.958138,0.681783,0.51,90,-5.969114,5.557621,2019-12-02T04:24:31.635,-9999999,K5,60.A-9709(G),NIRPS,-9999999,HARPS_ech_obs_all,HARPS_ech_obs_wavesimult,STAR_WAVE_K1,1.15338013759901e-05,2.65481903939235e-07,0,0
4194,GJ166,63.805391,-7.67218,2458819.6905875,0.116736,0.798591,-42157.947683,0.71062,-0.294532,0.239518,-42159.637153,0.200384,-0.294532,0.239518,-8.814445,5.257762,-5.038092,0.5528,0.491315,0.000267,0.240671,0.000262,0.308225,0.000332,0,5.96212,39.92761,0.022789,-42,329.4,2458819.69058,-4.545506,-4.54537,0,-9999999,0.268614,-3.185224,0.761825,-1.958084,0.681783,0.5,90,-8.809757,5.257031,2019-12-02T04:26:32.662,-9999999,K5,60.A-9709(G),NIRPS,-9999999,HARPS_ech_obs_all,HARPS_ech_obs_wavesimult,STAR_WAVE_K1,1.21113673792056e-05,3.33287850641063e-07,0,0
4195,GJ166,63.805391,-7.67218,2458819.6919877,-0.492217,0.801799,-42158.234943,0.713627,-0.900916,0.250009,-42159.924352,0.2108,-0.900916,0.250009,-2.581688,5.407366,-4.77281,0.55912,0.490842,0.000281,0.240755,0.000276,0.307155,0.000349,0,5.961935,39.925693,0.021511,-42,312.7,2458819.69198,-4.549695,-4.549549,0,-9999999,0.268621,-3.182654,0.761825,-1.95803,0.681782,0.5,90,-2.581867,5.40437,2019-12-02T04:28:33.638,-9999999,K5,60.A-9709(G),NIRPS,-9999999,HARPS_ech_obs_all,HARPS_ech_obs_wavesimult,STAR_WAVE_K1,1.17193208896218e-05,3.60097492810006e-07,0,0
4196,GJ166,63.805391,-7.67218,2458819.6931346,-0.697079,0.908085,-42159.29938,0.804342,-1.103673,0.494207,-42160.988738,0.426777,-1.103673,0.494207,-6.563204,5.917693,-8.665069,0.890532,0.490366,0.000582,0.242025,0.000575,0.309017,0.000726,0,5.958861,39.942253,0.019888,-42,152.0,2458819.69313,-4.553124,-4.552968,0,-9999999,0.268627,-3.180549,0.761825,-1.957985,0.681782,0.23,90,-6.571895,5.914057,2019-12-02T04:30:37.035,-9999999,K5,60.A-9709(G),NIRPS,-9999999,HARPS_ech_obs_all,HARPS_ech_obs_wavesimult,STAR_WAVE_K1,1.17813739204559e-05,4.87190804897822e-07,0,0
4197,GJ166,63.805391,-7.67218,2458819.7435294,-1.650045,0.803463,-42159.413241,0.714853,-1.964153,0.255264,-42161.100373,0.214863,-1.964153,0.255264,-10.198515,5.840365,-5.69798,0.511233,0.495584,0.000273,0.23599,0.000273,0.314891,0.000344,0,5.957683,39.946693,0.019873,-42,314.5,2458819.74352,-4.700349,-4.700215,-1,-9999999,0.268893,-3.088064,0.761835,-1.956025,0.681798,0.51,90,-10.232748,5.829657,2019-12-02T05:42:46.010,-9999999,K5,60.A-9709(G),UNKNOWN,-9999999,HARPS_ech_obs_all,HARPS_ech_obs_wavesimult,STAR_WAVE_K0,1.17752666484803e-05,3.32612788403401e-07,0,0
4198,GJ166,63.805391,-7.67218,2458819.7449151,-1.05011,0.804894,-42158.736646,0.716292,-1.361675,0.25973,-42160.423717,0.219601,-1.361675,0.25973,-6.621855,5.626674,-4.903796,0.629596,0.495224,0.000279,0.236467,0.00028,0.314593,0.000352,0,5.958752,39.938703,0.021844,-42,307.5,2458819.74491,-4.70424,-4.704133,0,-9999999,0.2689,-3.08552,0.761836,-1.955971,0.681799,0.5,90,-6.653677,5.620036,2019-12-02T05:44:46.636,-9999999,K5,60.A-9709(G),UNKNOWN,-9999999,HARPS_ech_obs_all,HARPS_ech_obs_wavesimult,STAR_WAVE_K0,1.29044528368945e-05,4.15560604798264e-07,0,0
4199,GJ166,63.805391,-7.67218,2458819.746326,-2.085652,0.803803,-42159.790279,0.715291,-2.394628,0.256328,-42161.477287,0.216309,-2.394628,0.256328,-7.210353,5.086376,-6.123242,0.616534,0.494881,0.000274,0.236851,0.000275,0.31429,0.000346,0,5.958396,39.945997,0.020858,-42,312.9,2458819.74632,-4.70819,-4.708076,0,-9999999,0.268908,-3.082931,0.761837,-1.955916,0.6818,0.51,90,-7.238669,5.076829,2019-12-02T05:46:47.643,-9999999,K5,60.A-9709(G),UNKNOWN,-9999999,HARPS_ech_obs_all,HARPS_ech_obs_wavesimult,STAR_WAVE_K0,1.16536845651364e-05,3.81067075877719e-07,0,0
4200,GJ166,63.805391,-7.67218,2458819.747737,-2.183168,0.804341,-42160.256233,0.71614,-2.489554,0.258009,-42161.943179,0.219096,-2.489554,0.258009,-10.210752,5.153831,-6.332019,0.542615,0.495125,0.000278,0.236795,0.000279,0.313827,0.00035,0,5.955905,39.95013,0.022096,-42,308.7,2458819.74773,-4.712127,-4.712008,0,-9999999,0.268915,-3.080342,0.761838,-1.955861,0.681801,0.52,90,-10.245461,5.142707,2019-12-02T05:48:48.649,-9999999,K5,60.A-9709(G),UNKNOWN,-9999999,HARPS_ech_obs_all,HARPS_ech_obs_wavesimult,STAR_WAVE_K0,1.23991947721228e-05,3.83307808326123e-07,0,0
4201,GJ166,63.805391,-7.67218,2458819.7491167,-1.33756,0.801643,-42158.874799,0.713381,-1.641414,0.249467,-42160.561683,0.209902,-1.641414,0.249467,-8.91274,5.623433,-6.224127,0.576654,0.495451,0.000265,0.236305,0.000264,0.31435,0.000333,0,5.957054,39.945034,0.021143,-42,324.6,2458819.74911,-4.715964,-4.715857,0,-9999999,0.268923,-3.07781,0.761838,-1.955807,0.681802,0.5,90,-8.941394,5.617171,2019-12-02T05:50:49.656,-9999999,K5,60.A-9709(G),UNKNOWN,-9999999,HARPS_ech_obs_all,HARPS_ech_obs_wavesimult,STAR_WAVE_K0,1.17683676555723e-05,3.98231271791732e-07,0,0
4202,GJ166,63.805391,-7.67218,2458819.7505272,-1.817041,0.803426,-42159.457654,0.714992,-2.118307,0.255135,-42161.144476,0.215307,-2.118307,0.255135,-8.662088,5.277387,-5.556681,0.615631,0.49498,0.000272,0.236028,0.000272,0.314086,0.000343,0,5.958177,39.941452,0.020238,-42,315.0,2458819.75052,-4.719875,-4.719763,0,-9999999,0.26893,-3.075221,0.761839,-1.955752,0.681803,0.51,90,-8.693286,5.269051,2019-12-02T05:52:50.633,-9999999,K5,60.A-9709(G),UNKNOWN,-9999999,HARPS_ech_obs_all,HARPS_ech_obs_wavesimult,STAR_WAVE_K0,1.16999891747172e-05,3.58707808064011e-07,0,0
4203,GJ166,63.805391,-7.67218,2458819.7519279,-1.463282,0.803864,-42159.198234,0.715339,-1.761977,0.25651,-42160.884995,0.216454,-1.761977,0.25651,-7.2768,5.34177,-6.34366,0.66048,0.494929,0.000274,0.236213,0.000274,0.314138,0.000345,0,5.957387,39.948626,0.021313,-42,313.4,2458819.75192,-4.723745,-4.723624,0,-9999999,0.268937,-3.07265,0.76184,-1.955698,0.681805,0.51,90,-7.306644,5.336302,2019-12-02T05:54:51.649,-9999999,K5,60.A-9709(G),UNKNOWN,-9999999,HARPS_ech_obs_all,HARPS_ech_obs_wavesimult,STAR_WAVE_K0,1.19601376686692e-05,2.94071465798203e-07,0,0
4204,GJ166,63.805391,-7.67218,2458819.7533283,-1.972383,0.806196,-42159.67421,0.717465,-2.268508,0.263724,-42161.360908,0.223375,-2.268508,0.263724,-6.378696,5.40582,-5.828769,0.561851,0.495399,0.000284,0.236633,0.000284,0.31338,0.000357,0,5.958068,39.942728,0.020973,-42,302.5,2458819.75332,-4.727602,-4.727498,0,-9999999,0.268945,-3.07008,0.761841,-1.955643,0.681806,0.51,90,-6.416665,5.397654,2019-12-02T05:56:52.646,-9999999,K5,60.A-9709(G),UNKNOWN,-9999999,HARPS_ech_obs_all,HARPS_ech_obs_wavesimult,STAR_WAVE_K0,1.24607030218243e-05,3.96783879662234e-07,0,0
4205,GJ166,63.805391,-7.67218,2458819.7547184,-1.731508,0.804649,-42159.671976,0.716185,-2.025082,0.258955,-42161.358613,0.219226,-2.025082,0.258955,-9.801088,5.695316,-5.246873,0.576858,0.495652,0.000279,0.235999,0.000278,0.313441,0.00035,0,5.957442,39.94183,0.021036,-42,308.4,2458819.75471,-4.731417,-4.731301,1,-9999999,0.268952,-3.067529,0.761842,-1.955589,0.681807,0.5,90,-9.837484,5.689258,2019-12-02T05:58:53.652,-9999999,K5,60.A-9709(G),UNKNOWN,-9999999,HARPS_ech_obs_all,HARPS_ech_obs_wavesimult,STAR_WAVE_K0,1.22533733937924e-05,3.92808925239306e-07,0,0
4206,GJ166,63.805391,-7.67218,2458819.7561191,-1.553333,0.803725,-42158.811408,0.715227,-1.844336,0.256067,-42160.497983,0.216072,-1.844336,0.256067,-10.368285,5.347608,-5.871003,0.530142,0.495485,0.000273,0.236675,0.000274,0.314033,0.000344,0,5.957419,39.9466,0.022522,-42,314.1,2458819.75611,-4.735247,-4.735121,0,-9999999,0.26896,-3.064959,0.761842,-1.955535,0.681808,0.5,90,-10.398728,5.339594,2019-12-02T06:00:54.679,-9999999,K5,60.A-9709(G),UNKNOWN,-9999999,HARPS_ech_obs_all,HARPS_ech_obs_wavesimult,STAR_WAVE_K0,1.21863765793371e-05,3.73681715139813e-07,0,0
4207,GJ166,63.805391,-7.67218,2458919.4985974,-3.013292,1.26582,-42158.267889,1.365736,-0.572513,0.297677,-42158.048073,0.249056,-0.572513,0.297677,-6.292724,7.02716,-5.527267,0.5297,0.49351,0.000312,0.232912,0.000343,0.319345,0.000441,0,5.953847,39.954366,0.02036,-42,249.0,2458919.49859,-25.072268,-25.072317,2,-9999999,0.794824,-0.333176,1.230321,-0.575008,1.342835,0.5,90,-6.290126,7.030686,2020-03-10T23:59:44.226,-9999999,K5,60.A-9709(G),UNKNOWN,-9999999,HARPS_ech_obs_all,HARPS_ech_obs_wavesimult,STAR_WAVE_K0,1.2435119515283e-05,4.14178223739032e-07,0,0
4208,GJ166,63.805391,-7.67218,2458919.4999793,-2.740315,1.267324,-42158.354525,1.366848,-0.297,0.304014,-42158.134648,0.255096,-0.297,0.304014,-9.152458,7.953303,-5.172034,0.551152,0.494386,0.000321,0.233318,0.000353,0.318845,0.000452,0,5.954288,39.951661,0.018334,-42,242.9,2458919.49997,-25.074933,-25.074988,2,-9999999,0.794831,-0.33064,1.230319,-0.574954,1.342833,0.48,90,-9.15098,7.957185,2020-03-11T00:01:45.432,-9999999,K5,60.A-9709(G),UNKNOWN,-9999999,HARPS_ech_obs_all,HARPS_ech_obs_wavesimult,STAR_WAVE_K0,1.22743735605849e-05,4.70794791783145e-07,0,0
4209,GJ166,63.805391,-7.67218,2458919.5014111,-2.528925,1.270596,-42158.627752,1.36923,-0.082982,0.317388,-42158.407812,0.267577,-0.082982,0.317388,-8.873801,7.199724,-5.819903,0.600571,0.49309,0.000337,0.233318,0.000372,0.318779,0.000476,0,5.952854,39.959504,0.018438,-42,230.5,2458919.50141,-25.077675,-25.077728,2,-9999999,0.794839,-0.328012,1.230317,-0.574899,1.34283,0.51,90,-8.87539,7.205074,2020-03-11T00:03:46.449,-9999999,K5,60.A-9709(G),UNKNOWN,-9999999,HARPS_ech_obs_all,HARPS_ech_obs_wavesimult,STAR_WAVE_K0,1.17330292555804e-05,3.7541495001213e-07,0,0
4210,GJ166,63.805391,-7.67218,2458919.5027799,-1.90587,1.265168,-42157.886417,1.365217,0.542585,0.294913,-42157.666416,0.246229,0.542585,0.294913,-8.553013,7.763352,-5.407813,0.482536,0.498679,0.000308,0.233235,0.000339,0.318569,0.000434,0,5.954241,39.953847,0.020976,-42,252.5,2458919.50277,-25.080279,-25.080319,2,-9999999,0.794846,-0.3255,1.230315,-0.574845,1.342828,0.48,90,-8.56024,7.768925,2020-03-11T00:05:47.426,-9999999,K5,60.A-9709(G),UNKNOWN,-9999999,HARPS_ech_obs_all,HARPS_ech_obs_wavesimult,STAR_WAVE_K0,1.21017444502172e-05,3.71272434918974e-07,0,0
4211,GJ166,63.805391,-7.67218,2458919.5042113,-2.649106,1.267193,-42158.50095,1.366757,-0.198024,0.303491,-42158.280886,0.254642,-0.198024,0.303491,-12.366539,7.29172,-5.005453,0.613922,0.498008,0.000321,0.23322,0.000353,0.319044,0.000452,0,5.954343,39.95439,0.02043,-42,242.9,2458919.50421,-25.082983,-25.083045,2,-9999999,0.794854,-0.322873,1.230313,-0.57479,1.342826,0.51,90,-12.366063,7.29573,2020-03-11T00:07:48.413,-9999999,K5,60.A-9709(G),UNKNOWN,-9999999,HARPS_ech_obs_all,HARPS_ech_obs_wavesimult,STAR_WAVE_K0,1.20531902952837e-05,3.84899244071909e-07,0,0
4212,GJ166,63.805391,-7.67218,2458919.5056021,-2.440765,1.266454,-42158.475652,1.36618,0.012869,0.3004,-42158.255527,0.25154,0.012869,0.3004,-9.725449,7.170485,-6.082646,0.596901,0.498594,0.000317,0.23264,0.000347,0.318265,0.000445,0,5.953865,39.955466,0.020355,-42,246.1,2458919.5056,-25.085592,-25.085643,2,-9999999,0.794861,-0.320321,1.230311,-0.574736,1.342823,0.5,90,-9.721748,7.176524,2020-03-11T00:09:49.479,-9999999,K5,60.A-9709(G),UNKNOWN,-9999999,HARPS_ech_obs_all,HARPS_ech_obs_wavesimult,STAR_WAVE_K0,1.27768183625857e-05,4.3448023813639e-07,0,0
4213,GJ166,63.805391,-7.67218,2458919.5069915,-2.32667,1.264465,-42158.123423,1.36459,0.129514,0.291909,-42157.903237,0.242772,0.129514,0.291909,-11.998334,7.325328,-5.698866,0.52679,0.498262,0.000303,0.232391,0.000333,0.31911,0.000427,0,5.952285,39.95785,0.019841,-42,256.7,2458919.50699,-25.08818,-25.088222,2,-9999999,0.794868,-0.317771,1.230309,-0.574682,1.342821,0.49,90,-11.995609,7.331457,2020-03-11T00:11:50.436,-9999999,K5,60.A-9709(G),UNKNOWN,-9999999,HARPS_ech_obs_all,HARPS_ech_obs_wavesimult,STAR_WAVE_K0,1.2424874891121e-05,4.46616627012881e-07,0,0
4214,GJ166,63.805391,-7.67218,2458919.5084333,-2.717602,1.26587,-42158.537065,1.365519,-0.258772,0.297944,-42158.316815,0.247953,-0.258772,0.297944,-6.593801,6.875325,-6.191672,0.510728,0.498022,0.00031,0.233522,0.000342,0.319709,0.000438,0,5.953075,39.964449,0.018852,-42,250.8,2458919.50843,-25.090845,-25.090911,2,-9999999,0.794876,-0.315125,1.230308,-0.574626,1.342819,0.53,90,-6.586072,6.88088,2020-03-11T00:13:51.423,-9999999,K5,60.A-9709(G),UNKNOWN,-9999999,HARPS_ech_obs_all,HARPS_ech_obs_wavesimult,STAR_WAVE_K0,1.16608332146952e-05,3.04771469060036e-07,0,0
4215,GJ166,63.805391,-7.67218,2458919.5098128,-2.284301,1.263444,-42157.930082,1.363806,0.177061,0.287467,-42157.709771,0.23835,0.177061,0.287467,-8.040753,7.379658,-5.376366,0.521515,0.498177,0.000295,0.2335,0.000326,0.319525,0.000418,0,5.955397,39.953271,0.020189,-42,262.7,2458919.50981,-25.093376,-25.09343,2,-9999999,0.794883,-0.312593,1.230306,-0.574572,1.342816,0.51,90,-8.039078,7.384375,2020-03-11T00:15:52.419,-9999999,K5,60.A-9709(G),UNKNOWN,-9999999,HARPS_ech_obs_all,HARPS_ech_obs_wavesimult,STAR_WAVE_K0,1.13474185078073e-05,4.20991297317516e-07,0,0
4216,GJ166,63.805391,-7.67218,2458919.5112028,-3.119591,1.265846,-42159.101762,1.365597,-0.655678,0.297857,-42158.88139,0.248403,-0.655678,0.297857,-7.776807,7.442752,-5.264151,0.681513,0.498807,0.000314,0.232797,0.000344,0.319056,0.000441,0,5.953574,39.962549,0.018269,-42,248.6,2458919.5112,-25.095907,-25.095952,2,-9999999,0.79489,-0.310042,1.230304,-0.574518,1.342814,0.5,90,-7.781691,7.446274,2020-03-11T00:17:53.426,-9999999,K5,60.A-9709(G),UNKNOWN,-9999999,HARPS_ech_obs_all,HARPS_ech_obs_wavesimult,STAR_WAVE_K0,1.16616603645092e-05,3.72783213252346e-07,0,0
4217,GJ166,63.805391,-7.67218,2458920.5491712,0.448376,1.262725,-42154.65472,0.815118,2.809642,0.284491,-42155.43052,0.235061,2.809642,0.284491,-0.496253,5.89678,-6.335791,0.445911,0.493379,0.000286,0.23309,0.000318,0.318575,0.000408,0,5.952495,39.960535,0.018052,-42,268.3,2458920.54917,-24.999851,-24.999903,0,-9999999,0.800363,-0.412689,1.23026,-1.576163,0.780489,0.49,90,-0.491854,5.905678,2020-03-12T01:12:42.204,-9999999,K5,60.A-9709(G),UNKNOWN,-9999999,HARPS_ech_obs_all,HARPS_ech_obs_wavesimult,STAR_WAVE_K0,1.14293817694804e-05,3.46026271241492e-07,0,0
4218,GJ166,63.805391,-7.67218,2458920.5505612,-0.408242,1.261716,-42155.700195,0.813536,1.955575,0.279984,-42156.475934,0.229527,1.955575,0.279984,-0.800808,5.105736,-4.832275,0.494803,0.49278,0.000277,0.232966,0.000309,0.318236,0.000395,0,5.953681,39.952443,0.019034,-42,276.3,2458920.55056,-25.001696,-25.001741,0,-9999999,0.80037,-0.410138,1.230258,-1.576109,0.780486,0.48,90,-0.797857,5.113326,2020-03-12T01:14:43.211,-9999999,K5,60.A-9709(G),UNKNOWN,-9999999,HARPS_ech_obs_all,HARPS_ech_obs_wavesimult,STAR_WAVE_K0,1.15776267355402e-05,3.75210049605563e-07,0,0
4219,GJ166,63.805391,-7.67218,2458920.5519523,1.357503,1.267537,-42153.291859,0.820455,3.723873,0.305151,-42154.067537,0.252968,3.723873,0.305151,-4.272898,5.715926,-5.054487,0.571315,0.492951,0.000305,0.233514,0.000342,0.318892,0.000438,0,5.954081,39.952609,0.017422,-42,249.9,2458920.55195,-25.003517,-25.003571,0,-9999999,0.800377,-0.407585,1.230257,-1.576055,0.780483,0.47,90,-4.272722,5.725307,2020-03-12T01:16:44.307,-9999999,K5,60.A-9709(G),UNKNOWN,-9999999,HARPS_ech_obs_all,HARPS_ech_obs_wavesimult,STAR_WAVE_K0,1.08886257867677e-05,3.96832441783511e-07,0,0
4220,GJ166,63.805391,-7.67218,2458920.5533833,0.049304,1.265895,-42154.791759,0.818746,2.4183,0.298263,-42155.567373,0.24738,2.4183,0.298263,-1.217048,5.848527,-4.503417,0.48616,0.493094,0.000301,0.233033,0.000335,0.318391,0.000429,0,5.954754,39.953315,0.01894,-42,254.9,2458920.55338,-25.005365,-25.005417,0,-9999999,0.800385,-0.404959,1.230255,-1.575999,0.78048,0.5,90,-1.19891,5.856222,2020-03-12T01:18:45.254,-9999999,K5,60.A-9709(G),UNKNOWN,-9999999,HARPS_ech_obs_all,HARPS_ech_obs_wavesimult,STAR_WAVE_K0,1.19984889269851e-05,3.80360111451016e-07,0,0
4221,GJ166,63.805391,-7.67218,2458920.5547832,0.931278,1.27339,-42154.186019,0.826707,3.302843,0.328631,-42154.961571,0.27258,3.302843,0.328631,-5.154564,5.40109,-5.868699,0.579208,0.493261,0.000328,0.233584,0.00037,0.318379,0.000473,0,5.953461,39.959235,0.020206,-42,231.4,2458920.55478,-25.007146,-25.007193,0,-9999999,0.800392,-0.40239,1.230254,-1.575944,0.780477,0.5,90,-5.149432,5.41125,2020-03-12T01:20:46.221,-9999999,K5,60.A-9709(G),UNKNOWN,-9999999,HARPS_ech_obs_all,HARPS_ech_obs_wavesimult,STAR_WAVE_K0,1.13107561204325e-05,4.08332579279073e-07,0,0
4222,GJ166,63.805391,-7.67218,2458920.5561943,-0.168701,1.265907,-42154.619642,0.817803,2.205454,0.298329,-42155.395131,0.244257,2.205454,0.298329,-1.335441,5.530752,-4.638092,0.5135,0.493161,0.000288,0.233178,0.000325,0.319173,0.000416,0,5.954171,39.950123,0.019691,-42,262.9,2458920.55619,-25.008915,-25.008974,0,-9999999,0.8004,-0.3998,1.230253,-1.575889,0.780474,0.51,90,-1.327715,5.540251,2020-03-12T01:22:47.247,-9999999,K5,60.A-9709(G),UNKNOWN,-9999999,HARPS_ech_obs_all,HARPS_ech_obs_wavesimult,STAR_WAVE_K0,1.24929467952716e-05,3.63910295238275e-07,0,0
4223,GJ166,63.805391,-7.67218,2458920.5576048,0.594264,1.272808,-42154.612979,0.826115,2.971007,0.326379,-42155.388407,0.270798,2.971007,0.326379,-2.412338,5.741108,-5.780851,0.621181,0.493569,0.000326,0.232642,0.000366,0.317782,0.000468,0,5.951822,39.961327,0.019894,-42,233.6,2458920.5576,-25.010657,-25.010712,0,-9999999,0.800407,-0.397212,1.230251,-1.575835,0.780471,0.52,90,-2.408611,5.749435,2020-03-12T01:24:48.224,-9999999,K5,60.A-9709(G),UNKNOWN,-9999999,HARPS_ech_obs_all,HARPS_ech_obs_wavesimult,STAR_WAVE_K0,1.12226322204078e-05,4.33256033804553e-07,0,0
4224,GJ166,63.805391,-7.67218,2458920.5589844,0.905497,1.268916,-42154.339691,0.822051,3.284772,0.310857,-42155.115057,0.258144,3.284772,0.310857,-2.800179,5.554528,-5.081427,0.524286,0.493449,0.000308,0.232512,0.000346,0.319269,0.000444,0,5.954475,39.952875,0.019897,-42,246.4,2458920.55898,-25.012334,-25.012382,0,-9999999,0.800415,-0.39468,1.23025,-1.575781,0.780468,0.5,90,-2.803072,5.56337,2020-03-12T01:26:49.231,-9999999,K5,60.A-9709(G),UNKNOWN,-9999999,HARPS_ech_obs_all,HARPS_ech_obs_wavesimult,STAR_WAVE_K0,1.18681124722179e-05,2.85531111045547e-07,0,0
4225,GJ166,63.805391,-7.67218,2458920.5603744,0.253933,1.27116,-42154.600816,0.824301,2.635759,0.319902,-42155.376121,0.26523,2.635759,0.319902,-1.404941,5.674431,-5.783641,0.598053,0.493262,0.000317,0.23277,0.000357,0.318583,0.000457,0,5.953881,39.958028,0.019207,-42,239.3,2458920.56037,-25.013999,-25.014056,0,-9999999,0.800422,-0.392129,1.230249,-1.575727,0.780465,0.49,90,-1.397006,5.682684,2020-03-12T01:28:50.238,-9999999,K5,60.A-9709(G),UNKNOWN,-9999999,HARPS_ech_obs_all,HARPS_ech_obs_wavesimult,STAR_WAVE_K0,1.15989706979022e-05,3.62104240648551e-07,0,0
4226,GJ166,63.805391,-7.67218,2458920.5617849,0.230225,1.274215,-42155.381258,0.82792,2.61464,0.331838,-42156.156501,0.276278,2.61464,0.331838,-7.039207,5.897791,-6.843137,0.604,0.493435,0.00033,0.232481,0.000372,0.318852,0.000477,0,5.955436,39.95908,0.017497,-42,229.5,2458920.56178,-25.015662,-25.015715,0,-9999999,0.800429,-0.38954,1.230247,-1.575672,0.780462,0.5,90,-7.046494,5.906299,2020-03-12T01:30:51.214,-9999999,K5,60.A-9709(G),UNKNOWN,-9999999,HARPS_ech_obs_all,HARPS_ech_obs_wavesimult,STAR_WAVE_K0,1.09682447004497e-05,4.38135942729993e-07,0,0
4227,GJ166,63.805391,-7.67218,2459187.7733599,1.536645,1.270648,-42154.638448,1.370061,4.279079,0.318047,-42153.197423,0.272517,4.279079,0.318047,-1.016165,6.331538,7.762312,0.571212,0.495369,0.000357,0.237755,0.000387,0.308731,0.000488,0,5.96788,39.866054,0.02155,-42,225.9,2459187.77335,-6.031462,-6.031339,0,-9999999,2.209228,-0.031521,1.2302,-0.768203,1.342685,0.51,90,-1.022418,6.350875,2020-12-04T06:25:48.664,-9999999,K5,60.A-9709(G),UNKNOWN,-9999999,HARPS_ech_obs_all,HARPS_ech_obs_wavesimult,STAR_WAVE_K0,1.3236314587278e-05,4.28278535433661e-07,0,0
4228,GJ166,63.805391,-7.67218,2459187.7747463,2.548849,1.268543,-42153.576591,1.368577,5.293828,0.309529,-42152.135505,0.264952,5.293828,0.309529,-3.976959,6.340585,8.561625,0.535022,0.495069,0.000348,0.238208,0.000377,0.309484,0.000475,0,5.969245,39.862104,0.023747,-42,232.1,2459187.77474,-6.034948,-6.034823,0,-9999999,2.209235,-0.028977,1.230201,-0.768149,1.342686,0.5,90,-3.987768,6.361525,2020-12-04T06:27:49.351,-9999999,K5,60.A-9709(G),UNKNOWN,-9999999,HARPS_ech_obs_all,HARPS_ech_obs_wavesimult,STAR_WAVE_K0,1.25167571195909e-05,4.67803290433764e-07,0,0
4229,GJ166,63.805391,-7.67218,2459187.7761469,2.478946,1.268279,-42153.187609,1.368342,5.226495,0.308439,-42151.74646,0.263729,5.226495,0.308439,-6.447717,6.067937,8.639937,0.604036,0.495837,0.000345,0.238652,0.000375,0.309642,0.000472,0,5.967006,39.860163,0.020777,-42,233.7,2459187.77614,-6.038451,-6.038318,0,-9999999,2.209243,-0.026406,1.230202,-0.768094,1.342687,0.5,90,-6.456224,6.088602,2020-12-04T06:29:50.368,-9999999,K5,60.A-9709(G),UNKNOWN,-9999999,HARPS_ech_obs_all,HARPS_ech_obs_wavesimult,STAR_WAVE_K0,1.26586178161504e-05,3.38077255866627e-07,0,0
4230,GJ166,63.805391,-7.67218,2459187.7775459,2.49596,1.267244,-42153.739465,1.367287,5.246076,0.304154,-42152.298255,0.258193,5.246076,0.304154,-3.825238,6.151614,9.027085,0.604123,0.494704,0.000337,0.238709,0.000366,0.308904,0.00046,0,5.968158,39.862292,0.020469,-42,239.3,2459187.77754,-6.041931,-6.041818,0,-9999999,2.20925,-0.023839,1.230202,-0.76804,1.342687,0.5,90,-3.840562,6.170731,2020-12-04T06:31:51.245,-9999999,K5,60.A-9709(G),UNKNOWN,-9999999,HARPS_ech_obs_all,HARPS_ech_obs_wavesimult,STAR_WAVE_K0,1.35557689746045e-05,4.33057720618739e-07,0,0
4231,GJ166,63.805391,-7.67218,2459187.7789465,2.036893,1.268471,-42154.25951,1.36834,4.78958,0.309223,-42152.818239,0.263709,4.78958,0.309223,-9.603902,5.484447,8.173986,0.509037,0.495352,0.000344,0.238732,0.000374,0.308743,0.00047,0,5.967509,39.856581,0.021662,-42,234.3,2459187.77894,-6.045397,-6.045275,0,-9999999,2.209257,-0.021268,1.230203,-0.767986,1.342688,0.5,90,-9.618575,5.504714,2020-12-04T06:33:52.252,-9999999,K5,60.A-9709(G),UNKNOWN,-9999999,HARPS_ech_obs_all,HARPS_ech_obs_wavesimult,STAR_WAVE_K0,1.20407391403813e-05,3.82919906961164e-07,0,0
4232,GJ166,63.805391,-7.67218,2459187.7803472,2.719769,1.269736,-42154.061333,1.369258,5.475026,0.314371,-42152.619999,0.268426,5.475026,0.314371,-7.292817,6.333151,7.371655,0.544074,0.495591,0.000351,0.238759,0.000381,0.30946,0.000479,0,5.967015,39.871295,0.022605,-42,230.1,2459187.78034,-6.048843,-6.048714,0,-9999999,2.209265,-0.018698,1.230204,-0.767931,1.342689,0.5,90,-7.303513,6.35496,2020-12-04T06:35:53.279,-9999999,K5,60.A-9709(G),UNKNOWN,-9999999,HARPS_ech_obs_all,HARPS_ech_obs_wavesimult,STAR_WAVE_K0,1.21474492866519e-05,3.73860653478165e-07,0,0
4233,GJ166,63.805391,-7.67218,2459187.7817474,2.696605,1.268959,-42153.621503,1.368449,5.454432,0.311213,-42152.180108,0.264265,5.454432,0.311213,-6.568339,5.866643,8.474178,0.497507,0.492153,0.000345,0.242807,0.000373,0.309949,0.000472,0,5.967768,39.856427,0.021573,-42,233.9,2459187.78174,-6.05227,-6.052156,0,-9999999,2.209272,-0.016128,1.230205,-0.767877,1.34269,0.5,90,-6.579116,5.889376,2020-12-04T06:37:54.256,-9999999,K5,60.A-9709(G),UNKNOWN,-9999999,HARPS_ech_obs_all,HARPS_ech_obs_wavesimult,STAR_WAVE_K0,1.28804635228989e-05,3.81788936020131e-07,0,0
4234,GJ166,63.805391,-7.67218,2459187.7831591,2.990309,1.266491,-42152.900011,1.366922,5.750727,0.300989,-42151.458553,0.256233,5.750727,0.300989,-7.199781,6.59908,7.646263,0.55871,0.491349,0.000335,0.242886,0.000362,0.308875,0.000456,0,5.968106,39.863211,0.022137,-42,241.3,2459187.78316,-6.055704,-6.055584,0,-9999999,2.20928,-0.013537,1.230205,-0.767822,1.342691,0.51,90,-7.205646,6.619364,2020-12-04T06:39:55.333,-9999999,K5,60.A-9709(G),UNKNOWN,-9999999,HARPS_ech_obs_all,HARPS_ech_obs_wavesimult,STAR_WAVE_K0,1.28541144486926e-05,3.79899368734073e-07,0,0
4235,GJ166,63.805391,-7.67218,2459187.7845481,3.320631,1.266485,-42153.317281,1.367032,6.083598,0.300962,-42151.875762,0.256815,6.083598,0.300962,-14.993069,6.526982,7.256503,0.583019,0.492088,0.000333,0.242671,0.000361,0.30968,0.000456,0,5.967358,39.872442,0.021245,-42,241.9,2459187.78455,-6.059064,-6.058936,0,-9999999,2.209287,-0.010988,1.230206,-0.767768,1.342692,0.5,90,-15.004303,6.550745,2020-12-04T06:41:56.240,-9999999,K5,60.A-9709(G),UNKNOWN,-9999999,HARPS_ech_obs_all,HARPS_ech_obs_wavesimult,STAR_WAVE_K0,1.2654720274402e-05,3.86960712867079e-07,0,0
4236,GJ166,63.805391,-7.67218,2459187.7859385,2.605829,1.269524,-42153.482993,1.368897,5.371348,0.3135,-42152.041413,0.266559,5.371348,0.3135,-11.703202,6.160154,7.327885,0.511768,0.491587,0.000347,0.243073,0.000376,0.308862,0.000474,0,5.968566,39.865531,0.021851,-42,232.4,2459187.78593,-6.062408,-6.062291,0,-9999999,2.209294,-0.008437,1.230207,-0.767714,1.342693,0.49,90,-11.713864,6.181452,2020-12-04T06:43:57.277,-9999999,K5,60.A-9709(G),UNKNOWN,-9999999,HARPS_ech_obs_all,HARPS_ech_obs_wavesimult,STAR_WAVE_K0,1.23063914183943e-05,4.11348993706682e-07,0,0
4237,GJ166,63.805391,-7.67218,2459214.7328883,3.819755,1.224674,-42153.438406,1.101789,7.191399,0.31107,-42149.515688,0.261144,7.191399,0.31107,7.470184,7.8422,5.905359,0.624435,0.494246,0.000317,0.233564,0.000348,0.314978,0.000442,0,5.965812,39.876319,0.022101,-42,245.3,2459214.73289,-17.277961,-17.277861,-1,-9999999,2.351364,0.597689,1.184509,1.571354,1.070394,0.5,90,7.46236,7.861476,2020-12-31T05:29:03.034,-9999999,K5,60.A-9709(G),UNKNOWN,-9999999,HARPS_ech_obs_all,HARPS_ech_obs_wavesimult,STAR_WAVE_K0,1.24710005233693e-05,4.02141233370443e-07,0,0
4238,GJ166,63.805391,-7.67218,2459214.7342827,3.821911,1.22766,-42153.232657,1.104577,7.196114,0.322622,-42149.309877,0.272662,7.196114,0.322622,5.334156,7.902153,5.031164,0.518464,0.494543,0.000333,0.233532,0.000365,0.315112,0.000463,0,5.965767,39.887084,0.023716,-42,234.0,2459214.73428,-17.280827,-17.280728,-1,-9999999,2.351372,0.600248,1.18451,1.571408,1.070395,0.49,90,5.317835,7.919833,2020-12-31T05:31:04.421,-9999999,K5,60.A-9709(G),UNKNOWN,-9999999,HARPS_ech_obs_all,HARPS_ech_obs_wavesimult,STAR_WAVE_K0,1.23369504245817e-05,4.04884486104772e-07,0,0
4239,GJ166,63.805391,-7.67218,2459214.735702,4.522305,1.222903,-42152.544949,1.100186,7.899113,0.30402,-42148.622107,0.254292,7.899113,0.30402,9.135703,8.364179,6.935369,0.554099,0.494486,0.000305,0.23277,0.000334,0.315031,0.000425,0,5.966577,39.877983,0.021948,-42,254.3,2459214.7357,-17.28372,-17.283623,-1,-9999999,2.351379,0.602853,1.18451,1.571463,1.070395,0.51,90,9.131797,8.381502,2020-12-31T05:33:05.258,-9999999,K5,60.A-9709(G),UNKNOWN,-9999999,HARPS_ech_obs_all,HARPS_ech_obs_wavesimult,STAR_WAVE_K0,1.22010251368203e-05,3.2352008984762e-07,0,0
4240,GJ166,63.805391,-7.67218,2459214.7371035,3.177669,1.219367,-42153.327366,1.097034,6.557049,0.289466,-42149.404461,0.240283,6.557049,0.289466,4.725792,8.264965,6.32156,0.582568,0.49455,0.000287,0.232521,0.000314,0.314836,0.000399,0,5.966055,39.88051,0.022771,-42,271.0,2459214.7371,-17.286553,-17.286447,0,-9999999,2.351387,0.605425,1.18451,1.571518,1.070396,0.51,90,4.716539,8.282928,2020-12-31T05:35:06.355,-9999999,K5,60.A-9709(G),UNKNOWN,-9999999,HARPS_ech_obs_all,HARPS_ech_obs_wavesimult,STAR_WAVE_K0,1.30340897656323e-05,3.53217073004325e-07,0,0
4241,GJ166,63.805391,-7.67218,2459214.7384821,4.169379,1.219463,-42152.835115,1.0972,7.551289,0.289868,-42148.91215,0.241039,7.551289,0.289868,8.285114,8.311293,6.854775,0.609403,0.495052,0.000289,0.233543,0.000316,0.314932,0.000402,0,5.96785,39.874604,0.02165,-42,269.3,2459214.73848,-17.289316,-17.28922,0,-9999999,2.351394,0.607955,1.184511,1.571571,1.070396,0.49,90,8.270729,8.328423,2020-12-31T05:37:07.272,-9999999,K5,60.A-9709(G),UNKNOWN,-9999999,HARPS_ech_obs_all,HARPS_ech_obs_wavesimult,STAR_WAVE_K0,1.22315742080121e-05,3.68717928249493e-07,0,0
4242,GJ166,63.805391,-7.67218,2459214.7399045,3.142869,1.220573,-42153.970268,1.098057,6.527389,0.294504,-42150.04724,0.244906,6.527389,0.294504,6.850098,8.183548,7.08226,0.558358,0.494496,0.000293,0.232742,0.000321,0.314979,0.000408,0,5.966789,39.873876,0.020328,-42,265.0,2459214.7399,-17.292142,-17.292043,-1,-9999999,2.351401,0.610565,1.184511,1.571627,1.070397,0.51,90,6.835548,8.202652,2020-12-31T05:39:08.369,-9999999,K5,60.A-9709(G),UNKNOWN,-9999999,HARPS_ech_obs_all,HARPS_ech_obs_wavesimult,STAR_WAVE_K0,1.24430090253626e-05,3.93573245285543e-07,0,0
4243,GJ166,63.805391,-7.67218,2459214.7412953,4.264135,1.218871,-42152.871,1.096493,7.651208,0.287367,-42148.94791,0.237796,7.651208,0.287367,-0.868391,7.898391,6.835011,0.454693,0.49477,0.000283,0.233422,0.00031,0.315005,0.000394,0,5.967089,39.877112,0.021924,-42,274.4,2459214.74129,-17.294882,-17.294773,-1,-9999999,2.351409,0.613118,1.184512,1.571681,1.070398,0.5,90,-0.878252,7.917528,2020-12-31T05:41:09.446,-9999999,K5,60.A-9709(G),UNKNOWN,-9999999,HARPS_ech_obs_all,HARPS_ech_obs_wavesimult,STAR_WAVE_K0,1.29842482866204e-05,3.20592432093781e-07,0,0
4244,GJ166,63.805391,-7.67218,2459214.7426936,3.98766,1.218765,-42152.907481,1.096613,7.377299,0.286915,-42148.98433,0.238346,7.377299,0.286915,10.920661,8.145706,5.832084,0.465523,0.494314,0.000283,0.237336,0.000309,0.31528,0.000394,0,5.967727,39.87782,0.021468,-42,274.4,2459214.74269,-17.297613,-17.29752,0,-9999999,2.351416,0.615684,1.184512,1.571735,1.070398,0.5,90,10.911621,8.166364,2020-12-31T05:43:10.263,-9999999,K5,60.A-9709(G),UNKNOWN,-9999999,HARPS_ech_obs_all,HARPS_ech_obs_wavesimult,STAR_WAVE_K0,1.33419695367276e-05,3.87643510932601e-07,0,0
4245,GJ166,63.805391,-7.67218,2459214.744094,3.259281,1.218443,-42153.705288,1.096432,6.65149,0.285543,-42149.782074,0.237505,6.65149,0.285543,9.651452,8.116218,6.826383,0.554761,0.494475,0.000281,0.237587,0.000307,0.316088,0.000392,0,5.966672,39.875836,0.022,-42,276.2,2459214.74409,-17.300323,-17.300223,-1,-9999999,2.351424,0.618254,1.184512,1.57179,1.070399,0.5,90,9.634701,8.133799,2020-12-31T05:45:11.260,-9999999,K5,60.A-9709(G),UNKNOWN,-9999999,HARPS_ech_obs_all,HARPS_ech_obs_wavesimult,STAR_WAVE_K0,1.29817288100971e-05,3.73229983490139e-07,0,0
4246,GJ166,63.805391,-7.67218,2459214.7454944,3.938706,1.221207,-42153.218646,1.098752,7.333485,0.297111,-42149.295371,0.247994,7.333485,0.297111,4.233282,8.597561,6.502094,0.551717,0.495068,0.000295,0.23798,0.000323,0.314807,0.000412,0,5.967657,39.876857,0.020342,-42,262.7,2459214.74549,-17.303008,-17.302903,0,-9999999,2.351431,0.620824,1.184513,1.571844,1.070399,0.5,90,4.204966,8.615905,2020-12-31T05:47:12.267,-9999999,K5,60.A-9709(G),UNKNOWN,-9999999,HARPS_ech_obs_all,HARPS_ech_obs_wavesimult,STAR_WAVE_K0,1.29189665934391e-05,3.5800029691072e-07,0,0
4247,GJ166,63.805391,-7.67218,2459271.5171005,0.170039,1.267364,-42156.851067,0.929564,2.524963,0.304273,-42153.433114,0.253188,2.524963,0.304273,12.985181,6.599995,-6.55602,0.582421,0.496447,0.000327,0.232025,0.000328,0.317629,0.000422,0,5.960748,39.97164,0.022518,-42,261.7,2459271.5171,-26.476444,-26.476485,0,-9999999,2.650743,-0.419031,1.230296,0.76721,0.894419,0.5,90,12.997296,6.609137,2021-02-26T00:24:46.132,-9999999,K5,60.A-9709(G),UNKNOWN,-9999999,HARPS_ech_obs_all,HARPS_ech_obs_wavesimult,STAR_WAVE_K0,1.07863546166832e-05,3.57488986322492e-07,0,0
4248,GJ166,63.805391,-7.67218,2459271.5185002,-0.607073,1.272404,-42158.49437,0.934574,1.75042,0.324635,-42155.076354,0.271013,1.75042,0.324635,11.755438,6.783111,-6.624815,0.705049,0.495971,0.00035,0.232329,0.000352,0.317251,0.000452,0,5.961886,39.969678,0.021522,-42,244.2,2459271.5185,-26.479501,-26.479535,0,-9999999,2.650751,-0.416462,1.230295,0.767265,0.894416,0.5,90,11.780333,6.789622,2021-02-26T00:26:47.079,-9999999,K5,60.A-9709(G),UNKNOWN,-9999999,HARPS_ech_obs_all,HARPS_ech_obs_wavesimult,STAR_WAVE_K0,1.02498386762416e-05,3.95109025380727e-07,0,0
4249,GJ166,63.805391,-7.67218,2459271.5199003,-0.790694,1.277778,-42158.083749,0.939943,1.569369,0.345101,-42154.665672,0.288995,1.569369,0.345101,7.21464,7.086981,-5.616173,0.678486,0.496128,0.000373,0.232635,0.000377,0.318319,0.000484,0,5.962326,39.970842,0.021752,-42,228.6,2459271.5199,-26.482544,-26.482595,0,-9999999,2.650758,-0.413893,1.230293,0.767319,0.894413,0.5,90,7.230504,7.093542,2021-02-26T00:28:48.055,-9999999,K5,60.A-9709(G),UNKNOWN,-9999999,HARPS_ech_obs_all,HARPS_ech_obs_wavesimult,STAR_WAVE_K0,1.05564760390582e-05,3.47648614048649e-07,0,0
4250,GJ166,63.805391,-7.67218,2459271.5213007,-0.021024,1.275103,-42156.483859,0.936936,2.341609,0.335069,-42153.065719,0.279072,2.341609,0.335069,6.75267,7.256966,-6.420989,0.612134,0.49579,0.000361,0.232331,0.000363,0.317425,0.000466,0,5.961774,39.96816,0.022872,-42,236.8,2459271.5213,-26.485573,-26.485616,0,-9999999,2.650766,-0.411323,1.230291,0.767374,0.894409,0.5,90,6.767902,7.262939,2021-02-26T00:30:49.062,-9999999,K5,60.A-9709(G),UNKNOWN,-9999999,HARPS_ech_obs_all,HARPS_ech_obs_wavesimult,STAR_WAVE_K0,1.151984623474e-05,3.48522153178636e-07,0,0
4251,GJ166,63.805391,-7.67218,2459271.5226909,0.013939,1.272338,-42157.594671,0.934375,2.379123,0.324394,-42154.17647,0.270358,2.379123,0.324394,9.488538,6.755033,-6.401041,0.66537,0.496673,0.000351,0.232865,0.000353,0.318417,0.000452,0,5.962322,39.966062,0.022412,-42,244.4,2459271.52269,-26.488564,-26.488596,0,-9999999,2.650773,-0.408771,1.23029,0.767428,0.894406,0.49,90,9.503973,6.764245,2021-02-26T00:32:50.088,-9999999,K5,60.A-9709(G),UNKNOWN,-9999999,HARPS_ech_obs_all,HARPS_ech_obs_wavesimult,STAR_WAVE_K0,1.08604560587074e-05,3.21234415290609e-07,0,0
4252,GJ166,63.805391,-7.67218,2459271.524091,0.24482,1.273998,-42156.810912,0.936075,2.612574,0.33085,-42153.39265,0.276186,2.612574,0.33085,11.908019,6.876203,-6.518951,0.645366,0.49571,0.000358,0.232321,0.00036,0.318934,0.000463,0,5.961418,39.968309,0.023809,-42,239.1,2459271.52409,-26.491562,-26.49161,0,-9999999,2.65078,-0.406202,1.230288,0.767482,0.894403,0.49,90,11.932028,6.884877,2021-02-26T00:34:51.065,-9999999,K5,60.A-9709(G),UNKNOWN,-9999999,HARPS_ech_obs_all,HARPS_ech_obs_wavesimult,STAR_WAVE_K0,1.03191551452567e-05,3.47190585091977e-07,0,0
4253,GJ166,63.805391,-7.67218,2459271.5254913,0.296605,1.271638,-42156.876228,0.933748,2.666928,0.321652,-42153.457903,0.268204,2.666928,0.321652,9.175644,7.023845,-6.507736,0.657144,0.496402,0.000347,0.23281,0.000349,0.318315,0.000448,0,5.960696,39.967999,0.021894,-42,246.7,2459271.52549,-26.494544,-26.494584,0,-9999999,2.650788,-0.403632,1.230286,0.767537,0.8944,0.49,90,9.194397,7.032578,2021-02-26T00:36:52.062,-9999999,K5,60.A-9709(G),UNKNOWN,-9999999,HARPS_ech_obs_all,HARPS_ech_obs_wavesimult,STAR_WAVE_K0,1.04830565804895e-05,3.41275927372426e-07,0,0
4254,GJ166,63.805391,-7.67218,2459271.5268917,0.196309,1.271914,-42156.935499,0.933657,2.569202,0.322748,-42153.517113,0.2679,2.569202,0.322748,6.513158,7.219079,-8.083937,0.573903,0.496344,0.000342,0.232838,0.000346,0.318104,0.000443,0,5.95954,39.984368,0.021966,-42,249.2,2459271.52689,-26.49751,-26.497542,0,-9999999,2.650795,-0.401062,1.230284,0.767591,0.894397,0.49,90,6.530914,7.22724,2021-02-26T00:38:53.068,-9999999,K5,60.A-9709(G),UNKNOWN,-9999999,HARPS_ech_obs_all,HARPS_ech_obs_wavesimult,STAR_WAVE_K0,1.06293608958298e-05,4.01291215718822e-07,0,0
4255,GJ166,63.805391,-7.67218,2459271.528306,0.408518,1.271251,-42156.612659,0.93369,2.784007,0.320131,-42153.194211,0.268025,2.784007,0.320131,13.292749,7.210751,-6.407579,0.574738,0.495308,0.000354,0.232826,0.000353,0.318334,0.000453,0,5.960881,39.972879,0.022488,-42,244.1,2459271.5283,-26.500489,-26.500533,0,-9999999,2.650802,-0.398466,1.230283,0.767646,0.894394,0.51,90,13.309556,7.219212,2021-02-26T00:40:53.475,-9999999,K5,60.A-9709(G),UNKNOWN,-9999999,HARPS_ech_obs_all,HARPS_ech_obs_wavesimult,STAR_WAVE_K0,1.10465618709418e-05,3.66510315015578e-07,0,0
4256,GJ166,63.805391,-7.67218,2459271.529681,0.184264,1.27272,-42157.201239,0.934545,2.562276,0.32592,-42153.782729,0.270999,2.562276,0.32592,14.262637,7.500955,-5.801348,0.652664,0.496683,0.000347,0.232887,0.00035,0.318445,0.000449,0,5.961604,39.972899,0.024323,-42,245.9,2459271.52968,-26.503369,-26.503409,0,-9999999,2.65081,-0.395943,1.230281,0.7677,0.894391,0.49,90,14.270081,7.508437,2021-02-26T00:42:54.082,-9999999,K5,60.A-9709(G),UNKNOWN,-9999999,HARPS_ech_obs_all,HARPS_ech_obs_wavesimult,STAR_WAVE_K0,1.09818970588904e-05,4.06175667640169e-07,0,0
4257,GJ166,63.805391,-7.67218,2459489.7957413,4.827181,1.271501,-42153.711205,0.928362,8.062218,0.321387,-42148.629881,0.270411,8.062218,0.321387,19.490286,6.22903,4.281289,0.556722,0.498194,0.000357,0.236299,0.000354,0.312931,0.000442,0,5.961884,39.879832,0.020034,-42,240.9,2459489.79573,20.225875,20.225966,0,-9999999,3.801557,0.461082,1.230213,1.279767,0.888107,0.47,90,19.527718,6.245861,2021-10-02T07:00:34.538,-9999999,K5,60.A-9709(G),UNKNOWN,-9999999,HARPS_ech_obs_all,HARPS_ech_obs_wavesimult,STAR_WAVE_K0,1.23938996690323e-05,3.71135806316676e-07,0,0
4258,GJ166,63.805391,-7.67218,2459489.7972039,4.621381,1.274545,-42153.587268,0.931766,7.859102,0.333225,-42148.505881,0.28187,7.859102,0.333225,17.77137,6.494526,3.721245,0.72648,0.498758,0.000374,0.237129,0.000371,0.313054,0.000462,0,5.96288,39.885749,0.019516,-42,230.2,2459489.7972,20.221934,20.222015,-1,-9999999,3.801564,0.463766,1.230214,1.279823,0.888109,0.53,90,17.807497,6.51095,2021-10-02T07:02:35.494,-9999999,K5,60.A-9709(G),UNKNOWN,-9999999,HARPS_ech_obs_all,HARPS_ech_obs_wavesimult,STAR_WAVE_K0,1.22522739697624e-05,3.74442603659634e-07,0,0
4259,GJ166,63.805391,-7.67218,2459489.7985833,4.726571,1.275721,-42153.271273,0.93291,7.966824,0.33769,-42148.189824,0.285623,7.966824,0.33769,19.952317,6.314945,3.723821,0.692874,0.498336,0.000377,0.236791,0.000374,0.313772,0.000468,0,5.962444,39.886237,0.02211,-42,227.8,2459489.79858,20.218208,20.218276,-1,-9999999,3.801572,0.466298,1.230215,1.279877,0.888111,0.51,90,19.990111,6.331771,2021-10-02T07:04:36.471,-9999999,K5,60.A-9709(G),UNKNOWN,-9999999,HARPS_ech_obs_all,HARPS_ech_obs_wavesimult,STAR_WAVE_K0,1.21106783952635e-05,3.96128134330569e-07,0,0
4260,GJ166,63.805391,-7.67218,2459489.7999532,5.069478,1.292221,-42153.020158,0.949515,8.312245,0.395479,-42147.938649,0.33591,8.312245,0.395479,19.966834,6.975152,3.293999,0.81651,0.498514,0.000446,0.237442,0.000444,0.314013,0.000554,0,5.962352,39.892836,0.020791,-42,192.7,2459489.79994,20.214499,20.214587,0,-9999999,3.801579,0.468812,1.230216,1.27993,0.888113,0.48,90,20.006781,6.991176,2021-10-02T07:06:37.517,-9999999,K5,60.A-9709(G),UNKNOWN,-9999999,HARPS_ech_obs_all,HARPS_ech_obs_wavesimult,STAR_WAVE_K0,1.19404198964479e-05,3.74301339390692e-07,0,0
4261,GJ166,63.805391,-7.67218,2459489.8013411,4.603398,1.281358,-42153.566509,0.938631,7.848712,0.358392,-42148.484939,0.303778,7.848712,0.358392,17.298127,6.886142,3.828701,0.631219,0.498759,0.000402,0.236916,0.0004,0.313778,0.000499,0,5.963943,39.879918,0.020008,-42,213.8,2459489.80133,20.210733,20.210826,0,-9999999,3.801586,0.471359,1.230217,1.279984,0.888114,0.47,90,17.337681,6.905069,2021-10-02T07:08:38.323,-9999999,K5,60.A-9709(G),UNKNOWN,-9999999,HARPS_ech_obs_all,HARPS_ech_obs_wavesimult,STAR_WAVE_K0,1.23333100898362e-05,4.00628922188552e-07,0,0
4262,GJ166,63.805391,-7.67218,2459489.8027485,4.470271,1.284924,-42153.183714,0.942603,7.718168,0.370935,-42148.102081,0.315832,7.718168,0.370935,23.178586,7.063608,1.916134,0.673836,0.498269,0.000418,0.237209,0.000416,0.313879,0.00052,0,5.961029,39.894667,0.018396,-42,205.4,2459489.80275,20.206904,20.206966,-1,-9999999,3.801594,0.473942,1.230218,1.280039,0.888116,0.48,90,23.215153,7.076293,2021-10-02T07:10:39.016,-9999999,K5,60.A-9709(G),UNKNOWN,-9999999,HARPS_ech_obs_all,HARPS_ech_obs_wavesimult,STAR_WAVE_K0,-9999999.0,-9999999.0,-9999999,-9999999
4263,GJ166,63.805391,-7.67218,2459489.8042209,4.900776,1.281517,-42153.448379,0.938875,8.151375,0.358953,-42148.366682,0.30452,8.151375,0.358953,17.404895,6.47216,3.931733,0.605186,0.499309,0.000404,0.237104,0.000401,0.314205,0.0005,0,5.96251,39.882549,0.019521,-42,213.3,2459489.80422,20.202889,20.202968,-1,-9999999,3.801601,0.476644,1.230219,1.280096,0.888118,0.55,90,17.436015,6.491958,2021-10-02T07:12:39.925,-9999999,K5,60.A-9709(G),UNKNOWN,-9999999,HARPS_ech_obs_all,HARPS_ech_obs_wavesimult,STAR_WAVE_K0,1.12187348515371e-05,3.87033132684476e-07,0,0
4264,GJ166,63.805391,-7.67218,2459489.8055671,4.304599,1.279719,-42153.172716,0.937196,7.557669,0.352475,-42148.090959,0.299299,7.557669,0.352475,11.258966,7.081348,3.973164,0.672113,0.498782,0.000397,0.236901,0.000394,0.313621,0.000491,0,5.961682,39.880441,0.019841,-42,216.9,2459489.80556,20.199211,20.199308,-1,-9999999,3.801608,0.479115,1.23022,1.280149,0.88812,0.5,90,11.299292,7.095829,2021-10-02T07:14:40.731,-9999999,K5,60.A-9709(G),UNKNOWN,-9999999,HARPS_ech_obs_all,HARPS_ech_obs_wavesimult,STAR_WAVE_K0,1.25605575449562e-05,4.21586975812448e-07,0,0
4265,GJ166,63.805391,-7.67218,2459489.8069744,5.068011,1.274807,-42152.932402,0.931765,8.323663,0.3342,-42147.850582,0.281825,8.323663,0.3342,22.604541,6.444043,3.769137,0.786583,0.49772,0.000372,0.236929,0.000369,0.31326,0.00046,0,5.961862,39.885122,0.019318,-42,231.2,2459489.80697,20.195358,20.195423,-1,-9999999,3.801616,0.481697,1.230221,1.280204,0.888122,0.51,90,22.633171,6.462702,2021-10-02T07:16:41.407,-9999999,K5,60.A-9709(G),UNKNOWN,-9999999,HARPS_ech_obs_all,HARPS_ech_obs_wavesimult,STAR_WAVE_K0,1.18091942775817e-05,3.14868256894229e-07,0,0
4266,GJ166,63.805391,-7.67218,2459489.8083288,4.841217,1.272895,-42153.021767,0.93005,8.099355,0.326826,-42147.939888,0.276095,8.099355,0.326826,14.506893,6.790139,3.583131,0.666044,0.497779,0.000364,0.236966,0.000361,0.31337,0.000451,0,5.960546,39.884362,0.018242,-42,236.2,2459489.80833,20.191642,20.191716,0,-9999999,3.801623,0.484183,1.230222,1.280256,0.888124,0.47,90,14.540771,6.807129,2021-10-02T07:18:42.023,-9999999,K5,60.A-9709(G),UNKNOWN,-9999999,HARPS_ech_obs_all,HARPS_ech_obs_wavesimult,STAR_WAVE_K0,1.20679252951168e-05,3.44014251193554e-07,0,0
4267,GJ166,63.805391,-7.67218,2459489.8620162,4.532367,1.27655,-42153.452812,0.933901,7.889033,0.340605,-42148.368561,0.288513,7.889033,0.340605,16.564635,6.661463,4.376632,0.637515,0.498625,0.000373,0.236446,0.000371,0.307022,0.000464,0,5.961099,39.882756,0.018266,-42,229.7,2459489.86201,20.041304,20.041376,-1,-9999999,3.801906,0.582711,1.230272,1.282345,0.888218,0.52,90,16.55969,6.688409,2021-10-02T08:35:55.808,-9999999,K5,60.A-9709(G),UNKNOWN,-9999999,HARPS_ech_obs_all,HARPS_ech_obs_wavesimult,STAR_WAVE_K0,1.12896394672168e-05,3.2477066545302e-07,0,0
4268,GJ166,63.805391,-7.67218,2459489.8634163,4.446943,1.278083,-42153.465048,0.935584,7.806179,0.346299,-42148.380735,0.293907,7.806179,0.346299,13.908945,6.502097,4.023911,0.626846,0.498841,0.000377,0.236944,0.000376,0.307307,0.00047,0,5.960867,39.884117,0.018868,-42,226.6,2459489.86341,20.037376,20.037457,-1,-9999999,3.801913,0.585281,1.230273,1.2824,0.888221,0.52,90,13.905383,6.527237,2021-10-02T08:37:56.765,-9999999,K5,60.A-9709(G),UNKNOWN,-9999999,HARPS_ech_obs_all,HARPS_ech_obs_wavesimult,STAR_WAVE_K0,1.29813461918344e-05,4.48674426311034e-07,0,0
4269,GJ166,63.805391,-7.67218,2459489.8648027,4.270281,1.270381,-42153.63516,0.927482,7.632061,0.316689,-42148.550786,0.266988,7.632061,0.316689,15.324428,6.589945,5.011575,0.651957,0.498369,0.000341,0.236555,0.00034,0.30692,0.000425,0,5.960929,39.878575,0.019567,-42,250.3,2459489.8648,20.033491,20.033573,-1,-9999999,3.801921,0.587825,1.230275,1.282453,0.888224,0.51,90,15.309729,6.620486,2021-10-02T08:39:57.441,-9999999,K5,60.A-9709(G),UNKNOWN,-9999999,HARPS_ech_obs_all,HARPS_ech_obs_wavesimult,STAR_WAVE_K0,1.240751301335e-05,3.48458712993784e-07,0,0
4270,GJ166,63.805391,-7.67218,2459489.8661806,4.282757,1.26813,-42153.559137,0.925032,7.647066,0.30753,-42148.474702,0.258336,7.647066,0.30753,12.185541,6.807156,5.592044,0.506982,0.498387,0.000329,0.23712,0.000328,0.306891,0.00041,0,5.962348,39.872042,0.018809,-42,259.8,2459489.86618,20.029632,20.029697,0,-9999999,3.801928,0.590354,1.230276,1.282507,0.888227,0.49,90,12.179996,6.834434,2021-10-02T08:41:58.287,-9999999,K5,60.A-9709(G),UNKNOWN,-9999999,HARPS_ech_obs_all,HARPS_ech_obs_wavesimult,STAR_WAVE_K0,1.26848292375411e-05,3.84821423489053e-07,0,0
4271,GJ166,63.805391,-7.67218,2459489.8675704,4.882148,1.27015,-42152.979773,0.927355,8.249008,0.315748,-42147.895277,0.266526,8.249008,0.315748,13.078386,6.59886,4.299004,0.505696,0.497757,0.00034,0.237654,0.00034,0.308302,0.000425,0,5.961844,39.874879,0.019569,-42,251.3,2459489.86757,20.025744,20.02582,-1,-9999999,3.801935,0.592904,1.230278,1.282561,0.88823,0.47,90,13.072724,6.626993,2021-10-02T08:44:00.153,-9999999,K5,60.A-9709(G),UNKNOWN,-9999999,HARPS_ech_obs_all,HARPS_ech_obs_wavesimult,STAR_WAVE_K0,1.22398029461928e-05,3.68972011375413e-07,0,0
4272,GJ166,63.805391,-7.67218,2459489.8690109,4.860908,1.267146,-42153.368063,0.923724,8.230411,0.30343,-42148.283503,0.253592,8.230411,0.30343,15.818201,6.543706,3.607997,0.570461,0.497933,0.000321,0.236412,0.000321,0.306868,0.000401,0,5.96188,39.884334,0.020063,-42,265.4,2459489.869,20.021718,20.021819,-1,-9999999,3.801943,0.595548,1.23028,1.282617,0.888233,0.51,90,15.811105,6.574495,2021-10-02T08:46:01.009,-9999999,K5,60.A-9709(G),UNKNOWN,-9999999,HARPS_ech_obs_all,HARPS_ech_obs_wavesimult,STAR_WAVE_K0,1.23715148920794e-05,3.49204264337823e-07,0,0
4273,GJ166,63.805391,-7.67218,2459489.8703789,4.636096,1.267292,-42153.301006,0.923998,8.00811,0.304033,-42148.216386,0.254577,8.00811,0.304033,12.521336,7.066375,4.811536,0.599941,0.493944,0.000323,0.237598,0.000323,0.308017,0.000404,0,5.962722,39.876315,0.017503,-42,264.1,2459489.87038,20.0179,20.017955,-1,-9999999,3.80195,0.598059,1.230281,1.28267,0.888236,0.48,90,12.513988,7.09309,2021-10-02T08:48:01.895,-9999999,K5,60.A-9709(G),UNKNOWN,-9999999,HARPS_ech_obs_all,HARPS_ech_obs_wavesimult,STAR_WAVE_K0,1.11484641168548e-05,4.10924683232695e-07,0,0
4274,GJ166,63.805391,-7.67218,2459489.8717984,5.118415,1.269266,-42152.408792,0.925999,8.493034,0.312152,-42147.324108,0.261736,8.493034,0.312152,11.458367,6.525922,5.084492,0.556267,0.493977,0.000333,0.236562,0.000332,0.307174,0.000415,0,5.963092,39.878694,0.018202,-42,256.3,2459489.87179,20.013942,20.014027,0,-9999999,3.801958,0.600664,1.230283,1.282726,0.888239,0.5,90,11.440785,6.555828,2021-10-02T08:50:02.731,-9999999,K5,60.A-9709(G),UNKNOWN,-9999999,HARPS_ech_obs_all,HARPS_ech_obs_wavesimult,STAR_WAVE_K0,1.22160339551125e-05,3.77839182530415e-07,0,0
4275,GJ166,63.805391,-7.67218,2459489.8732173,4.368225,1.271441,-42153.348513,0.928359,7.745448,0.320878,-42148.263767,0.269958,7.745448,0.320878,21.410146,6.893251,4.516406,0.621104,0.493649,0.000346,0.236986,0.000345,0.307158,0.000431,0,5.959679,39.883209,0.019041,-42,247.3,2459489.87321,20.009992,20.010073,0,-9999999,3.801965,0.603268,1.230285,1.282781,0.888242,0.52,90,21.408994,6.919919,2021-10-02T08:52:03.517,-9999999,K5,60.A-9709(G),UNKNOWN,-9999999,HARPS_ech_obs_all,HARPS_ech_obs_wavesimult,STAR_WAVE_K0,1.18842249269506e-05,4.20019301280115e-07,0,0
4276,GJ166,63.805391,-7.67218,2459489.8745754,4.763738,1.272518,-42153.138293,0.929788,8.143453,0.325111,-42148.053487,0.27482,8.143453,0.325111,13.275374,6.864586,5.487078,0.586166,0.49437,0.000355,0.23718,0.000353,0.30774,0.000442,0,5.964367,39.86992,0.01806,-42,241.6,2459489.87457,20.006216,20.006288,0,-9999999,3.801972,0.60576,1.230286,1.282834,0.888245,0.48,90,13.274546,6.892932,2021-10-02T08:54:04.443,-9999999,K5,60.A-9709(G),UNKNOWN,-9999999,HARPS_ech_obs_all,HARPS_ech_obs_wavesimult,STAR_WAVE_K0,1.19960830029897e-05,4.02131510773133e-07,0,0
4277,GJ166,63.805391,-7.67218,2459526.8262447,2.045068,1.035713,-42154.662829,0.87687,4.835898,0.277583,-42150.596307,0.233053,4.835898,0.277583,0.257959,7.919999,3.129053,0.510579,0.495227,0.000323,0.240942,0.000314,0.308712,0.000397,0,5.95599,39.87388,0.020893,-42,271.8,2459526.82624,5.97803,5.97819,0,-9999999,3.99679,0.016875,0.997822,0.069732,0.845333,0.51,90,0.258996,7.938254,2021-11-08T07:42:00.861,-9999999,K5,60.A-9709(G),UNKNOWN,-9999999,HARPS_ech_obs_all,HARPS_ech_obs_wavesimult,STAR_WAVE_K0,1.28496120729865e-05,3.47280976894634e-07,0,0
4278,GJ166,63.805391,-7.67218,2459526.8275494,1.498253,1.057789,-42155.274138,0.896436,4.291478,0.351092,-42151.207558,0.298338,4.291478,0.351092,11.811276,8.834759,2.092769,0.78477,0.495332,0.000396,0.241151,0.000392,0.309047,0.000495,0,5.954416,39.865574,0.021215,-42,218.2,2459526.82754,5.974548,5.974681,0,-9999999,3.996797,0.019269,0.997823,0.069783,0.845335,0.42,90,11.808719,8.847435,2021-11-08T07:44:01.687,-9999999,K5,60.A-9709(G),UNKNOWN,-9999999,HARPS_ech_obs_all,HARPS_ech_obs_wavesimult,STAR_WAVE_K0,1.22309079916033e-05,3.77453753208436e-07,0,0
4279,GJ166,63.805391,-7.67218,2459526.8291937,2.093216,1.067177,-42155.486462,0.904384,4.889458,0.378435,-42151.41981,0.321426,4.889458,0.378435,7.8524,8.217833,1.705313,0.904564,0.495599,0.000418,0.241498,0.000419,0.308908,0.000528,0,5.955552,39.870426,0.019603,-42,204.4,2459526.82919,5.970178,5.970323,0,-9999999,3.996805,0.022287,0.997825,0.069847,0.845338,0.66,90,7.854498,8.233811,2021-11-08T07:46:02.154,-9999999,K5,60.A-9709(G),UNKNOWN,-9999999,HARPS_ech_obs_all,HARPS_ech_obs_wavesimult,STAR_WAVE_K0,1.31120502407785e-05,3.88526095635916e-07,0,0
4280,GJ166,63.805391,-7.67218,2459526.8304397,1.241184,1.042739,-42155.901625,0.882553,4.039713,0.302733,-42151.834918,0.253574,4.039713,0.302733,3.956358,8.546079,1.289008,0.596057,0.495266,0.00032,0.240895,0.000324,0.308774,0.000408,0,5.95254,39.883664,0.019629,-42,263.2,2459526.83044,5.966881,5.967023,0,-9999999,3.996812,0.024574,0.997826,0.069895,0.84534,0.51,90,3.952587,8.561928,2021-11-08T07:48:03.301,-9999999,K5,60.A-9709(G),UNKNOWN,-9999999,HARPS_ech_obs_all,HARPS_ech_obs_wavesimult,STAR_WAVE_K0,1.2763019895868e-05,3.65244492504307e-07,0,0
4281,GJ166,63.805391,-7.67218,2459526.8318384,1.515819,1.042266,-42155.128538,0.881891,4.316915,0.301095,-42151.061769,0.251253,4.316915,0.301095,5.46979,8.573603,2.277438,0.539306,0.494738,0.000316,0.240481,0.000319,0.308272,0.000403,0,5.955169,39.867966,0.020606,-42,266.7,2459526.83184,5.963195,5.963315,1,-9999999,3.996819,0.027141,0.997828,0.06995,0.845342,0.51,90,5.463864,8.588319,2021-11-08T07:50:04.148,-9999999,K5,60.A-9709(G),UNKNOWN,-9999999,HARPS_ech_obs_all,HARPS_ech_obs_wavesimult,STAR_WAVE_K0,1.32341722877174e-05,4.56561563816511e-07,0,0
4282,GJ166,63.805391,-7.67218,2459526.8332282,1.469677,1.043508,-42155.511592,0.882868,4.273323,0.305361,-42151.444762,0.254652,4.273323,0.305361,3.988095,8.608147,2.636935,0.579423,0.495256,0.000317,0.24101,0.000322,0.308806,0.000406,0,5.956659,39.873521,0.020048,-42,264.5,2459526.83323,5.959548,5.959679,0,-9999999,3.996826,0.029691,0.997829,0.070004,0.845345,0.5,90,3.99151,8.623335,2021-11-08T07:52:05.124,-9999999,K5,60.A-9709(G),UNKNOWN,-9999999,HARPS_ech_obs_all,HARPS_ech_obs_wavesimult,STAR_WAVE_K0,1.28743199092521e-05,3.96578091026375e-07,0,0
4283,GJ166,63.805391,-7.67218,2459526.83463,1.252341,1.039735,-42156.020481,0.879772,4.05856,0.292204,-42151.953589,0.243692,4.05856,0.292204,5.410177,8.507132,2.661482,0.582516,0.495413,0.000308,0.240867,0.00031,0.309071,0.000392,0,5.954884,39.865521,0.018918,-42,274.5,2459526.83463,5.955886,5.956028,0,-9999999,3.996834,0.032264,0.997831,0.070058,0.845348,0.5,90,5.405074,8.522819,2021-11-08T07:54:06.241,-9999999,K5,60.A-9709(G),UNKNOWN,-9999999,HARPS_ech_obs_all,HARPS_ech_obs_wavesimult,STAR_WAVE_K0,1.30022127003977e-05,3.65523660921068e-07,0,0
4284,GJ166,63.805391,-7.67218,2459526.8360293,1.080832,1.037748,-42156.134469,0.877539,3.889619,0.285046,-42152.067515,0.235496,3.889619,0.285046,6.318731,8.115922,2.741013,0.600462,0.495214,0.000293,0.240447,0.000296,0.308792,0.000375,0,5.955659,39.864633,0.02046,-42,286.9,2459526.83603,5.952247,5.952369,0,-9999999,3.996841,0.034832,0.997833,0.070113,0.84535,0.5,90,6.304799,8.132796,2021-11-08T07:56:07.138,-9999999,K5,60.A-9709(G),UNKNOWN,-9999999,HARPS_ech_obs_all,HARPS_ech_obs_wavesimult,STAR_WAVE_K0,1.30215484899166e-05,4.19146946363495e-07,0,0
4285,GJ166,63.805391,-7.67218,2459526.8374208,0.982923,1.037621,-42155.736968,0.877593,3.794264,0.284576,-42151.669952,0.235686,3.794264,0.284576,3.83775,8.478219,2.475998,0.505307,0.4951,0.000294,0.24126,0.000297,0.309212,0.000375,0,5.952173,39.872102,0.01968,-42,286.8,2459526.83742,5.948644,5.948781,1,-9999999,3.996849,0.037386,0.997834,0.070167,0.845353,0.49,90,3.823995,8.493958,2021-11-08T07:58:08.255,-9999999,K5,60.A-9709(G),UNKNOWN,-9999999,HARPS_ech_obs_all,HARPS_ech_obs_wavesimult,STAR_WAVE_K0,1.34416185433331e-05,3.50036467961652e-07,0,0
4286,GJ166,63.805391,-7.67218,2459526.8388267,1.484475,1.040485,-42155.652059,0.88026,4.298396,0.294843,-42151.584981,0.245423,4.298396,0.294843,8.229846,8.350796,1.672886,0.611666,0.49479,0.000305,0.240473,0.000309,0.308382,0.00039,0,5.954757,39.877371,0.019909,-42,275.2,2459526.83882,5.945021,5.945181,0,-9999999,3.996856,0.039966,0.997836,0.070222,0.845355,0.5,90,8.207217,8.368757,2021-11-08T08:00:08.822,-9999999,K5,60.A-9709(G),UNKNOWN,-9999999,HARPS_ech_obs_all,HARPS_ech_obs_wavesimult,STAR_WAVE_K0,1.30498913423499e-05,3.41446961223342e-07,0,0
4287,GJ166,63.805391,-7.67218,2459527.6714183,1.011586,1.136255,-42155.902489,1.013136,4.116758,0.253373,-42151.231799,0.208549,4.116758,0.253373,3.253838,6.108856,4.668514,0.516282,0.495124,0.000273,0.241251,0.000274,0.309906,0.000346,0,5.955507,39.848452,0.018506,-42,311.4,2459527.67141,5.970936,5.971078,0,-9999999,4.001246,0.331216,1.107645,0.669444,0.991439,0.51,90,3.256165,6.12737,2021-11-09T03:59:02.408,-9999999,K5,60.A-9709(G),UNKNOWN,-9999999,HARPS_ech_obs_all,HARPS_ech_obs_wavesimult,STAR_WAVE_K0,1.2233210289764e-05,4.22105965272833e-07,0,0
4288,GJ166,63.805391,-7.67218,2459527.6728059,1.446795,1.135212,-42155.643469,1.012416,4.554513,0.248653,-42150.972718,0.205026,4.554513,0.248653,6.851234,6.297766,4.575351,0.468597,0.495469,0.00027,0.24092,0.000269,0.309903,0.000341,0,5.954896,39.849098,0.020127,-42,316.0,2459527.6728,5.967151,5.967272,0,-9999999,4.001253,0.333763,1.107645,0.669498,0.991439,0.5,90,6.848393,6.319265,2021-11-09T04:01:03.194,-9999999,K5,60.A-9709(G),UNKNOWN,-9999999,HARPS_ech_obs_all,HARPS_ech_obs_wavesimult,STAR_WAVE_K0,1.32100489615974e-05,3.3465995580071e-07,0,0
4289,GJ166,63.805391,-7.67218,2459527.6742054,1.064505,1.137332,-42156.303947,1.014044,4.174792,0.258159,-42151.633135,0.212923,4.174792,0.258159,3.609486,6.533439,3.754048,0.479905,0.495527,0.000278,0.240764,0.000279,0.309177,0.000352,0,5.955445,39.857129,0.019803,-42,305.2,2459527.6742,5.963321,5.963447,0,-9999999,4.00126,0.336331,1.107645,0.669552,0.991438,0.49,90,3.618597,6.551233,2021-11-09T04:03:05.002,-9999999,K5,60.A-9709(G),UNKNOWN,-9999999,HARPS_ech_obs_all,HARPS_ech_obs_wavesimult,STAR_WAVE_K0,1.2674864268731e-05,3.74864484769167e-07,0,0
4290,GJ166,63.805391,-7.67218,2459527.6755659,1.72879,1.13759,-42155.345462,1.014383,4.841573,0.259295,-42150.67459,0.214532,4.841573,0.259295,2.825648,6.464169,3.478112,0.52991,0.495323,0.000282,0.241067,0.000282,0.309453,0.000356,0,5.953928,39.858158,0.019717,-42,301.9,2459527.67556,5.959584,5.959736,-1,-9999999,4.001267,0.338828,1.107645,0.669605,0.991438,0.45,90,2.827491,6.483298,2021-11-09T04:05:06.148,-9999999,K5,60.A-9709(G),UNKNOWN,-9999999,HARPS_ech_obs_all,HARPS_ech_obs_wavesimult,STAR_WAVE_K0,1.28193096864948e-05,3.26558269749275e-07,0,0
4291,GJ166,63.805391,-7.67218,2459527.6770287,1.731689,1.136269,-42155.462066,1.013185,4.847157,0.253439,-42150.791129,0.208797,4.847157,0.253439,-1.591135,5.805335,3.998594,0.497149,0.495579,0.000274,0.240299,0.000273,0.308945,0.000346,0,5.953754,39.857076,0.019233,-42,311.0,2459527.67703,5.955552,5.955668,-1,-9999999,4.001275,0.341513,1.107644,0.669662,0.991437,0.5,90,-1.592556,5.82812,2021-11-09T04:07:08.035,-9999999,K5,60.A-9709(G),UNKNOWN,-9999999,HARPS_ech_obs_all,HARPS_ech_obs_wavesimult,STAR_WAVE_K0,1.23310363725962e-05,3.79429193691072e-07,0,0
4292,GJ166,63.805391,-7.67218,2459527.6784059,1.578755,1.137137,-42155.843698,1.014074,4.69675,0.257302,-42151.1727,0.21307,4.69675,0.257302,-0.527078,5.997218,3.626827,0.445932,0.495303,0.000278,0.241021,0.000279,0.308916,0.000352,0,5.955669,39.855904,0.019181,-42,305.3,2459527.67841,5.951744,5.951868,-1,-9999999,4.001282,0.34404,1.107644,0.669716,0.991437,0.48,90,-0.527941,6.017743,2021-11-09T04:09:08.822,-9999999,K5,60.A-9709(G),UNKNOWN,-9999999,HARPS_ech_obs_all,HARPS_ech_obs_wavesimult,STAR_WAVE_K0,1.31483957460765e-05,4.09870376074925e-07,0,0
4293,GJ166,63.805391,-7.67218,2459527.6798484,1.721631,1.137757,-42155.886598,1.01458,4.842274,0.260031,-42151.215536,0.215466,4.842274,0.260031,2.015849,6.164268,3.708011,0.494364,0.495221,0.000281,0.240657,0.000282,0.308953,0.000356,0,5.954988,39.85915,0.018666,-42,302.0,2459527.67984,5.947742,5.947895,0,-9999999,4.00129,0.346687,1.107644,0.669772,0.991437,0.51,90,2.017691,6.185798,2021-11-09T04:11:10.748,-9999999,K5,60.A-9709(G),UNKNOWN,-9999999,HARPS_ech_obs_all,HARPS_ech_obs_wavesimult,STAR_WAVE_K0,1.27123669490658e-05,3.56041930139318e-07,0,0
4294,GJ166,63.805391,-7.67218,2459527.6812538,1.128217,1.138706,-42155.941871,1.015298,4.251439,0.264153,-42151.270748,0.218824,4.251439,0.264153,6.034226,6.096663,3.658684,0.489591,0.495648,0.000285,0.240506,0.000285,0.308904,0.00036,0,5.954276,39.859013,0.019895,-42,298.2,2459527.68125,5.94383,5.943946,0,-9999999,4.001297,0.349267,1.107644,0.669826,0.991436,0.51,90,6.027075,6.119521,2021-11-09T04:13:12.175,-9999999,K5,60.A-9709(G),UNKNOWN,-9999999,HARPS_ech_obs_all,HARPS_ech_obs_wavesimult,STAR_WAVE_K0,1.28225573445919e-05,3.89091147733733e-07,0,0
4295,GJ166,63.805391,-7.67218,2459527.6826529,1.45615,1.138405,-42155.562645,1.015015,4.58194,0.262854,-42150.891459,0.217509,4.58194,0.262854,3.426408,6.246906,4.514398,0.469829,0.49487,0.000281,0.2409,0.000282,0.308631,0.000356,0,5.95626,39.849679,0.019459,-42,301.8,2459527.68264,5.939924,5.940077,0,-9999999,4.001305,0.351834,1.107644,0.669881,0.991436,0.51,90,3.423462,6.26814,2021-11-09T04:15:13.052,-9999999,K5,60.A-9709(G),UNKNOWN,-9999999,HARPS_ech_obs_all,HARPS_ech_obs_wavesimult,STAR_WAVE_K0,1.32981759567047e-05,4.16860094148642e-07,0,0
4296,GJ166,63.805391,-7.67218,2459527.684052,1.464176,1.139741,-42155.411591,1.016261,4.592533,0.26858,-42150.740344,0.223252,4.592533,0.26858,0.269666,6.787265,3.920736,0.548681,0.495654,0.000288,0.24066,0.000289,0.309205,0.000366,0,5.95366,39.858393,0.018553,-42,294.1,2459527.68404,5.936005,5.936164,0,-9999999,4.001312,0.354402,1.107643,0.669935,0.991436,0.5,90,0.265122,6.806053,2021-11-09T04:17:14.839,-9999999,K5,60.A-9709(G),UNKNOWN,-9999999,HARPS_ech_obs_all,HARPS_ech_obs_wavesimult,STAR_WAVE_K0,1.28090929660291e-05,4.2494131671414e-07,0,0
