,target,ra,dec,BJD,RV_mlc_nzp,e_RV_mlc_nzp,RV_drs_nzp,e_RV_drs_nzp,RV_mlc,e_RV_mlc,RV_drs,e_RV_drs,RV_mlc_j,e_RV_mlc_j,CRX,e_CRX,dLW,e_dLW,Halpha,e_Halpha,NaD1,e_NaD1,NaD2,e_NaD2,f_RV,FWHM_DRS,CONTRAST_DRS,BIS,RVGUESS,SNR_DRS,BJD_DRS,BERV,BERV_DRS,DRIFT,e_DRIFT,SA,NZP_mlc,dNZP_mlc,NZP_drs,dNZP_drs,TMMEAN,EXPTIME,MLCRX,E_MLCRX,TIMEID,DRIFT_LAMP,MASK,PROGID,PROGPI,AIRMASS,OBHAB,THAR_FP,DPR_TYPE,RHKp,dRHKp,vsinflag,metflag
205630,GJ9012,5.718281,-12.20991,2453314.6855002,-23.458391,1.19951,-2350.715137,1.182937,-17.455678,0.83979,-2351.237682,0.660892,-16.973196,0.915673,49.953515,9.717036,0.317429,1.002137,0.444536,0.00047,0.311511,0.000639,0.431765,0.000831,0,10.584799,34.467394,0.016135,-7,157.0,2453314.68549,-20.338885,-20.338588,0,-9999999,0.0,-1.564383,0.856491,-0.522545,0.981102,0.48,120,49.849254,9.718979,2004-11-05T04:20:14.116,-9999999,G2,074.C-0037(A),UNKNOWN,-9999999,HARPS_ech_obs_all,HARPS_ech_obs_thosimult,STAR_WAVE_NONE,3.89254465893516e-05,8.04223301876183e-07,0,0
205631,GJ9012,5.718281,-12.20991,2453320.6273291,43.400743,1.168513,-2282.37278,1.179069,49.567112,0.794881,-2283.47664,0.653934,49.580103,0.863241,3.67322,8.512741,13.525824,1.051105,0.442438,0.000481,0.31676,0.000638,0.430107,0.000832,0,10.663301,34.400401,-0.012819,-7,157.0,2453320.62733,-22.367022,-22.366787,0,-9999999,0.00127,-1.400727,0.856497,-1.10513,0.981109,0.5,120,3.661351,8.325819,2004-11-11T02:57:02.036,-9999999,G2,074.C-0037(A),UNKNOWN,-9999999,HARPS_ech_obs_all,HARPS_ech_obs_thosimult,STAR_WAVE_NONE,4.13690363865975e-05,7.45271319159011e-07,0,0
205632,GJ9012,5.718281,-12.20991,2453332.5583946,-6.738148,0.969909,-2333.555707,1.074943,-0.225764,0.455087,-2333.15864,0.43919,-0.295118,0.552456,40.448163,7.51545,-1.668629,0.629488,0.442464,0.000331,0.321959,0.000438,0.425027,0.00057,0,10.587886,34.554133,0.019604,-7,229.8,2453332.55838,-25.778582,-25.778405,0,-9999999,0.00382,-1.054712,0.856516,0.393247,0.981129,0.51,900,40.487805,7.520066,2004-11-23T01:12:29.913,-9999999,G2,60.A-9036(A),UNKNOWN,-9999999,HARPS_ech_obs_all,HARPS_ech_obs_thosimult,STAR_WAVE_G3,4.15514090553539e-05,7.89959907310315e-07,0,0
205633,GJ9012,5.718281,-12.20991,2453366.6053744,36.900034,1.351928,-2288.818706,1.11585,43.557423,1.045999,-2293.141813,0.780213,43.989883,1.11564,-4.394662,10.96511,3.896787,1.300143,0.437427,0.000557,0.321876,0.000778,0.423994,0.001009,0,10.609972,34.321888,-0.025306,-7,129.9,2453366.60537,-29.640672,-29.640729,0,-9999999,0.011098,-0.909707,0.856502,-4.334205,0.79774,0.49,120,-4.403025,10.940602,2004-12-27T02:31:27.634,-9999999,G2,074.C-0037(A),UNKNOWN,-9999999,HARPS_ech_obs_all,HARPS_ech_obs_thosimult,STAR_WAVE_NONE,4.02177675000865e-05,8.00389884882687e-07,0,0
205634,GJ9012,5.718281,-12.20991,2453373.5805928,15.771502,1.6071,-2312.957182,1.188786,22.051201,1.359839,-2313.077294,0.976482,22.948137,1.42954,-6.17704,11.178791,0.785391,1.686773,0.432944,0.000745,0.314562,0.001042,0.433913,0.001353,0,10.517647,34.529105,-0.021062,-7,97.6,2453373.58058,-29.093447,-29.093535,0,-9999999,0.012589,-1.287397,0.856509,-0.132701,0.678009,0.46,120,-6.124443,11.062785,2005-01-03T01:56:48.562,-9999999,G2,074.C-0037(A),UNKNOWN,-9999999,HARPS_ech_obs_all,HARPS_ech_obs_thosimult,STAR_WAVE_NONE,3.76013078196946e-05,8.43566446390559e-07,0,0
205635,GJ9012,5.718281,-12.20991,2453379.5385301,-13.689601,0.942446,-2342.575437,1.01588,-7.672702,0.567441,-2342.583938,0.263401,-8.910767,0.514671,27.643714,5.634981,88.991239,1.025513,0.441083,0.000183,0.314696,0.000246,0.423475,0.000319,128,10.599565,34.620133,0.019455,-7,408.0,2453379.53853,-28.247399,-28.247528,0,-9999999,0.013862,-1.550197,0.752473,-0.022363,0.981138,0.52,900,27.779896,5.738356,2005-01-09T00:50:10.291,-9999999,G2,60.A-9036(A),UNKNOWN,-9999999,HARPS_ech_obs_all,HARPS_ech_obs_thosimult,STAR_WAVE_G3,4.30365972827091e-05,7.5289464031915e-07,0,0
205636,GJ9012,5.718281,-12.20991,2453407.5071687,-26.85234,1.829351,-2355.204248,1.468854,-19.361974,1.616437,-2354.776772,1.093101,-18.848124,1.682499,36.246692,17.864829,21.024032,1.804623,0.436878,0.000843,0.298849,0.00118,0.421853,0.001539,0,10.533394,34.149561,-0.003761,-7,85.5,2453407.50716,-20.621992,-20.622265,0,-9999999,0.019841,-0.07673,0.856538,0.407635,0.981153,0.46,120,36.165709,17.83822,2005-02-06T00:15:11.722,-9999999,G2,074.C-0037(A),UNKNOWN,-9999999,HARPS_ech_obs_all,HARPS_ech_obs_thosimult,STAR_WAVE_NONE,3.86005487746366e-05,1.00427537567914e-06,0,0
205637,GJ9012,5.718281,-12.20991,2453600.7890864,7.498063,2.069872,-2316.948956,1.596535,14.130872,1.88435,-2317.38147,1.259501,15.13604,1.966385,9.955726,16.752469,-0.075232,2.282697,0.437962,0.001088,0.323998,0.001443,0.426209,0.001859,0,10.499991,34.603062,-0.049763,-3,71.4,2453600.78908,16.160514,16.160794,1,-9999999,0.061154,-0.934287,0.856501,-0.493668,0.981113,0.51,120,9.948049,16.763747,2005-08-18T06:48:31.188,-9999999,G2,075.C-0202(A),UNKNOWN,-9999999,HARPS_ech_obs_all,HARPS_ech_obs_thosimult,STAR_WAVE_NONE,3.87919869837721e-05,9.23813289827467e-07,0,0
205638,GJ9012,5.718281,-12.20991,2453624.7497356,-24.768816,1.630613,-2347.552272,1.403981,-16.702447,1.450499,-2348.352866,1.004288,-15.815969,1.523985,0.977544,12.362863,0.586643,1.86994,0.44429,0.000803,0.317686,0.001082,0.434057,0.00139,0,10.521647,34.508013,0.00433,-3,93.9,2453624.74973,5.414997,5.415349,0,-9999999,0.066276,0.499273,0.74495,-0.86687,0.981105,0.47,120,0.975576,12.350385,2005-09-11T05:50:40.493,-9999999,G2,075.C-0202(A),UNKNOWN,-9999999,HARPS_ech_obs_all,HARPS_ech_obs_thosimult,STAR_WAVE_NONE,3.98799554676897e-05,7.57848159391376e-07,0,0
205639,GJ9012,5.718281,-12.20991,2453636.823822,-16.621403,2.144967,-2343.47772,1.821712,-9.058897,1.705288,-2343.614091,1.138543,-8.861257,1.785049,27.534608,15.690084,-7.637515,2.320548,0.439121,0.000955,0.31637,0.001272,0.44189,0.001677,0,10.51107,34.645147,-0.015733,-3,79.7,2453636.82382,-0.72132,-0.721006,1,-9999999,0.068857,-0.00459,1.301105,-0.205228,1.422095,0.5,120,27.413289,15.671759,2005-09-23T07:37:09.285,-9999999,G2,075.C-0202(A),UNKNOWN,-9999999,HARPS_ech_obs_all,HARPS_ech_obs_thosimult,STAR_WAVE_NONE,4.01043929537934e-05,7.97820246007368e-07,0,0
205640,GJ9012,5.718281,-12.20991,2458408.7121056,-2.927466,1.417581,-2275.523353,1.158003,-0.447722,0.69878,-2275.246257,0.621136,57.983427,0.790638,-6.18217,10.353561,3.305243,1.036796,0.456289,0.000472,0.31835,0.000588,0.428041,0.000761,0,10.590432,34.54764,-0.032766,-3,168.7,2458408.7121,-12.071456,-12.071355,0,-9999999,1.088845,-0.113313,1.233387,-0.811749,0.977323,0.51,300,-6.19354,10.369768,2018-10-17T04:55:28.453,-9999999,G2,0102.C-0584(A),demedeiros,-9999999,HARPS_ech_obs_all,HARPS_ech_obs_objA,STAR_DARK_G,4.8769129601644e-05,7.9867140778915e-07,0,0
205641,GJ9012,5.718281,-12.20991,2458409.6463025,-1.400824,1.216784,-2276.440698,1.238379,-1.318042,0.493049,-2277.334551,0.482554,55.835811,0.597413,2.441203,6.504713,4.691005,1.084333,0.453082,0.000348,0.314215,0.00044,0.425733,0.000565,0,10.666931,34.411237,-0.008378,-3,226.0,2458409.6463,-12.346228,-12.346128,0,-9999999,1.089045,-2.510275,1.112414,-1.982898,1.140493,0.49,300,2.392543,5.995764,2018-10-18T03:20:52.328,-9999999,G2,0102.C-0584(A),demedeiros,-9999999,HARPS_ech_obs_all,HARPS_ech_obs_objA,STAR_DARK_G,4.67083549385672e-05,1.04104511155395e-06,0,0
205642,GJ9012,5.718281,-12.20991,2458664.9318237,86.167265,1.393501,-2193.735274,1.469183,90.509981,0.648191,-2193.377262,0.588545,146.682052,0.754349,-66.423197,10.597451,-12.073502,0.883666,0.455002,0.00044,0.32308,0.000512,0.427629,0.000654,0,10.605547,34.55814,-0.109576,-3,194.6,2458664.93182,28.250951,28.250988,0,-9999999,1.143612,1.749659,1.23357,-0.7856,1.346147,0.52,450,-66.28242,10.380658,2019-06-30T10:16:49.735,-9999999,G2,0103.C-0206(A),demedeiros,-9999999,HARPS_ech_obs_all,HARPS_ech_obs_wavesimult,STAR_WAVE_G,4.69506540668996e-05,1.11300658209982e-06,0,0
205643,GJ9012,5.718281,-12.20991,2458664.9373914,85.371615,1.405894,-2194.093788,1.475694,89.724557,0.674405,-2193.73561,0.604592,146.78593,0.779597,-71.313107,12.424275,-10.216603,0.92842,0.454493,0.000451,0.323255,0.000525,0.428053,0.000671,0,10.614466,34.534735,-0.109959,-3,189.8,2458664.93738,28.236672,28.236719,0,-9999999,1.143613,1.759885,1.233579,-0.785435,1.346158,0.52,450,-71.159422,12.221004,2019-06-30T10:24:50.740,-9999999,G2,0103.C-0206(A),demedeiros,-9999999,HARPS_ech_obs_all,HARPS_ech_obs_wavesimult,STAR_WAVE_G,4.71616039040199e-05,9.58958547041568e-07,0,0
205644,GJ9012,5.718281,-12.20991,2458679.8090554,-4.138975,1.629577,-2288.404496,1.418452,-1.031213,1.064979,-2286.623661,0.708619,51.342201,1.034806,16.928045,14.405324,88.137574,1.351622,0.449235,0.000556,0.316265,0.000645,0.429475,0.000824,0,10.577893,34.55622,-0.024468,-3,155.5,2458679.80904,26.584938,26.585025,0,-9999999,1.146792,0.514705,1.233427,0.634043,1.228766,0.53,180,17.037521,14.454296,2019-07-15T07:20:23.503,-9999999,G2,0103.C-0206(A),demedeiros,-9999999,HARPS_ech_obs_all,HARPS_ech_obs_wavesimult,STAR_WAVE_G,4.43475110872848e-05,8.58235650456905e-07,0,0
205645,GJ9012,5.718281,-12.20991,2458679.8114703,-2.521566,1.588342,-2287.085941,1.395543,0.590631,1.000742,-2285.305033,0.661566,53.247898,0.967879,15.364129,13.420845,88.940539,1.202767,0.44858,0.000517,0.315762,0.000598,0.429708,0.000765,0,10.577461,34.570634,-0.027356,-3,167.3,2458679.81146,26.579429,26.57952,-1,-9999999,1.146793,0.51914,1.233429,0.634115,1.228768,0.51,180,15.47214,13.500848,2019-07-15T07:23:55.735,-9999999,G2,0103.C-0206(A),demedeiros,-9999999,HARPS_ech_obs_all,HARPS_ech_obs_wavesimult,STAR_WAVE_G,4.46976420423525e-05,8.51904005436345e-07,0,0
205646,GJ9012,5.718281,-12.20991,2458679.813902,-4.040271,1.568812,-2287.068922,1.386036,-0.923607,0.969443,-2285.287942,0.641263,51.965215,0.933687,31.237953,12.833767,88.62776,1.291799,0.447879,0.000496,0.31637,0.000575,0.429554,0.000736,0,10.581011,34.550172,-0.030747,-3,174.1,2458679.81389,26.573832,26.573915,0,-9999999,1.146793,0.523606,1.233431,0.634187,1.228771,0.5,180,31.421474,12.922945,2019-07-15T07:27:27.616,-9999999,G2,0103.C-0206(A),demedeiros,-9999999,HARPS_ech_obs_all,HARPS_ech_obs_wavesimult,STAR_WAVE_G,4.47975010990595e-05,8.57341140475016e-07,0,0
205647,GJ9012,5.718281,-12.20991,2458679.8163766,-2.906892,1.581601,-2287.000557,1.391312,0.214316,0.990003,-2285.219503,0.652583,53.711193,0.957097,20.40083,12.197588,89.918822,1.226721,0.449285,0.000507,0.315036,0.000586,0.428811,0.000751,0,10.577376,34.565375,-0.026785,-3,170.5,2458679.81637,26.568086,26.568177,-1,-9999999,1.146794,0.528151,1.233433,0.63426,1.228774,0.51,180,20.536883,12.283982,2019-07-15T07:30:59.598,-9999999,G2,0103.C-0206(A),demedeiros,-9999999,HARPS_ech_obs_all,HARPS_ech_obs_wavesimult,STAR_WAVE_G,4.5529479998223e-05,8.16885889775409e-07,0,0
205648,GJ9012,5.718281,-12.20991,2458679.8188094,-5.433263,1.595358,-2287.580047,1.40169,-2.307586,1.011834,-2285.79892,0.674421,51.191515,0.981298,26.201588,13.768991,87.743875,1.289651,0.448362,0.000525,0.31615,0.000609,0.430219,0.00078,0,10.57961,34.550692,-0.029508,-3,164.4,2458679.8188,26.562388,26.562474,0,-9999999,1.146794,0.53262,1.233434,0.634333,1.228776,0.5,180,26.263907,13.78897,2019-07-15T07:34:31.580,-9999999,G2,0103.C-0206(A),demedeiros,-9999999,HARPS_ech_obs_all,HARPS_ech_obs_wavesimult,STAR_WAVE_G,4.52945040768412e-05,8.69505020070256e-07,0,0
205649,GJ9012,5.718281,-12.20991,2458684.7749135,-28.841637,1.501554,-2310.523361,1.446983,-26.322968,0.856374,-2309.885907,0.531224,27.214434,0.82997,44.777709,13.993883,101.303158,0.993221,0.463388,0.000413,0.320262,0.000467,0.426902,0.0006,0,10.765838,34.399102,0.045827,-3,212.8,2458684.7749,25.64636,25.64647,0,-9999999,1.147854,-0.074388,1.233405,-0.5104,1.345942,0.5,450,44.748285,13.844724,2019-07-20T06:28:26.992,-9999999,G2,0103.C-0206(A),demedeiros,-9999999,HARPS_ech_obs_all,HARPS_ech_obs_wavesimult,STAR_WAVE_G,5.07266934070398e-05,7.45526664936973e-07,0,0
205650,GJ9012,5.718281,-12.20991,2458684.7805801,-29.096174,1.506112,-2310.262765,1.450479,-26.567097,0.864337,-2309.625142,0.540666,27.74695,0.838497,39.251805,12.717003,100.197518,1.041155,0.462308,0.00042,0.319802,0.000476,0.426541,0.000611,0,10.756286,34.4114,0.043052,-3,208.8,2458684.78057,25.634261,25.634345,0,-9999999,1.147855,-0.06398,1.233408,-0.510232,1.345946,0.52,450,39.261324,12.549716,2019-07-20T06:36:27.547,-9999999,G2,0103.C-0206(A),demedeiros,-9999999,HARPS_ech_obs_all,HARPS_ech_obs_wavesimult,STAR_WAVE_G,5.06588778965246e-05,1.04015709190997e-06,0,0
205651,GJ9012,5.718281,-12.20991,2458702.7130462,-29.162648,1.537415,-2305.51885,1.337254,-26.954769,0.917825,-2304.3813,0.591053,31.087263,0.871973,43.899948,10.342071,94.55926,0.987599,0.455786,0.000462,0.32326,0.000527,0.420405,0.000676,0,10.627035,34.459823,0.020627,-3,189.3,2458702.71304,20.680864,20.680997,0,-9999999,1.151688,-0.385178,1.233387,-0.014138,1.199544,0.48,225,43.88593,10.332251,2019-08-07T04:59:19.350,-9999999,G2,0103.C-0206(A),demedeiros,-9999999,HARPS_ech_obs_all,HARPS_ech_obs_wavesimult,STAR_WAVE_G,4.69362523817018e-05,8.66134921111062e-07,0,0
205652,GJ9012,5.718281,-12.20991,2458702.7160306,-30.164684,1.553392,-2306.853143,1.346455,-27.951324,0.944343,-2305.715504,0.611584,30.549546,0.901448,40.648208,11.372715,94.50454,1.073348,0.456054,0.000474,0.315986,0.000545,0.421364,0.000699,0,10.631166,34.43655,0.019784,-3,183.2,2458702.71603,20.674615,20.674739,0,-9999999,1.151688,-0.379697,1.233387,-0.014049,1.199544,0.49,225,40.663253,11.381815,2019-08-07T05:03:34.934,-9999999,G2,0103.C-0206(A),demedeiros,-9999999,HARPS_ech_obs_all,HARPS_ech_obs_wavesimult,STAR_WAVE_G,4.74735111856642e-05,8.4166986132892e-07,0,0
205653,GJ9012,5.718281,-12.20991,2458702.7190199,-32.305889,1.555798,-2308.791088,1.347747,-30.087039,0.948294,-2307.653359,0.614423,28.351708,0.905893,48.841046,12.238438,95.910678,0.971003,0.457155,0.000476,0.31489,0.000546,0.419948,0.0007,0,10.6298,34.432378,0.019261,-3,182.6,2458702.71901,20.668257,20.668381,1,-9999999,1.151689,-0.374207,1.233387,-0.01396,1.199545,0.5,225,48.879841,12.221269,2019-08-07T05:07:50.947,-9999999,G2,0103.C-0206(A),demedeiros,-9999999,HARPS_ech_obs_all,HARPS_ech_obs_wavesimult,STAR_WAVE_G,4.74920095595866e-05,9.30990822156189e-07,0,0
205654,GJ9012,5.718281,-12.20991,2458702.7219834,-28.920719,1.54488,-2306.195637,1.341446,-26.696426,0.930273,-2305.05782,0.600474,31.597953,0.883766,31.763282,12.255993,92.037756,1.264443,0.45576,0.000466,0.316193,0.000535,0.418938,0.000684,0,10.629054,34.452808,0.019778,-3,186.8,2458702.72198,20.661858,20.661996,0,-9999999,1.15169,-0.368764,1.233388,-0.013873,1.199545,0.5,225,31.763547,12.237804,2019-08-07T05:12:06.971,-9999999,G2,0103.C-0206(A),demedeiros,-9999999,HARPS_ech_obs_all,HARPS_ech_obs_wavesimult,STAR_WAVE_G,4.80047816770276e-05,1.02184713761066e-06,0,0
205655,GJ9012,5.718281,-12.20991,2458703.9067668,38.644341,2.24321,-2239.669813,1.788708,41.053681,1.873603,-2239.392321,1.177918,98.505676,1.859674,-33.646085,18.258753,97.839016,2.000259,0.454754,0.00106,0.318346,0.001237,0.418874,0.001573,0,10.659681,34.435436,-0.07279,-3,82.7,2458703.90676,19.820644,19.820771,0,-9999999,1.151943,-0.183717,1.233532,-0.874451,1.3461,0.51,450,-33.684729,18.268004,2019-08-08T09:36:08.361,-9999999,G2,0103.C-0206(A),demedeiros,-9999999,HARPS_ech_obs_all,HARPS_ech_obs_wavesimult,STAR_WAVE_G,4.70075069707468e-05,9.83436781856864e-07,0,0
205656,GJ9012,5.718281,-12.20991,2458703.9123299,37.576554,2.166427,-2238.418881,1.761617,39.996111,1.78095,-2238.141223,1.136346,98.396892,1.770992,4.323926,18.768821,97.319395,1.698861,0.454695,0.001015,0.316685,0.001178,0.424487,0.001512,0,10.647969,34.440317,-0.059235,-3,86.5,2458703.91232,19.806206,19.80633,0,-9999999,1.151944,-0.1735,1.23354,-0.874286,1.34611,0.51,450,4.156032,18.773594,2019-08-08T09:44:08.987,-9999999,G2,0103.C-0206(A),demedeiros,-9999999,HARPS_ech_obs_all,HARPS_ech_obs_wavesimult,STAR_WAVE_G,4.48957483986335e-05,1.01913117200513e-06,0,0
205657,GJ9012,5.718281,-12.20991,2458704.7676657,-5.570152,1.70031,-2281.059168,1.27018,-3.978257,1.174355,-2281.322398,0.785453,53.769835,1.145913,32.661503,12.818089,102.843924,1.348172,0.454886,0.000621,0.315149,0.00073,0.418624,0.000934,0,10.708209,34.322315,0.019158,-3,137.1,2458704.76766,19.853244,19.85339,0,-9999999,1.152127,-1.001162,1.229612,-1.415357,0.998209,0.5,300,32.718646,12.879801,2019-08-09T06:17:04.604,-9999999,G2,0103.C-0206(A),demedeiros,-9999999,HARPS_ech_obs_all,HARPS_ech_obs_wavesimult,STAR_WAVE_G,4.73219201800235e-05,9.2937058315839e-07,0,0
205658,GJ9012,5.718281,-12.20991,2458704.7714314,-3.163152,1.742902,-2280.468301,1.293602,-1.564341,1.235216,-2280.731419,0.822788,56.388328,1.208647,29.897083,12.869428,103.998143,1.153458,0.454211,0.000654,0.317449,0.000774,0.419295,0.000987,0,10.706501,34.328872,0.023753,-3,130.0,2458704.77142,19.843299,19.843453,0,-9999999,1.152128,-0.994246,1.229614,-1.415246,0.998212,0.48,300,29.887079,12.891983,2019-08-09T06:22:35.942,-9999999,G2,0103.C-0206(A),demedeiros,-9999999,HARPS_ech_obs_all,HARPS_ech_obs_wavesimult,STAR_WAVE_G,4.67004685696346e-05,8.10597415772579e-07,0,0
205659,GJ9012,5.718281,-12.20991,2458704.7753674,-4.387483,1.741264,-2281.39049,1.293926,-2.781443,1.232902,-2281.65349,0.823292,54.693315,1.204357,5.668413,11.705239,101.43927,1.265816,0.454321,0.000655,0.315121,0.000771,0.418821,0.000987,0,10.71203,34.340942,0.020484,-3,129.9,2458704.77536,19.832812,19.832965,0,-9999999,1.152129,-0.987017,1.229616,-1.415129,0.998215,0.51,300,5.651324,11.680312,2019-08-09T06:28:06.990,-9999999,G2,0103.C-0206(A),demedeiros,-9999999,HARPS_ech_obs_all,HARPS_ech_obs_wavesimult,STAR_WAVE_G,4.66074966097353e-05,8.47576989634742e-07,0,0
205660,GJ9012,5.718281,-12.20991,2458707.7002087,-5.012432,1.617321,-2282.500098,1.505981,-2.354126,1.046177,-2281.095406,0.675636,54.275444,1.024784,29.998601,11.915426,99.855597,1.072633,0.467763,0.000531,0.315189,0.000608,0.424247,0.000775,0,10.801581,34.402078,0.011312,-3,164.2,2458707.70021,18.929476,18.929614,-1,-9999999,1.152754,0.065249,1.233386,0.251938,1.345918,0.5,300,30.018654,11.888035,2019-08-12T04:39:40.125,-9999999,G2,0103.C-0206(A),demedeiros,-9999999,HARPS_ech_obs_all,HARPS_ech_obs_wavesimult,STAR_WAVE_G,5.19302972367038e-05,9.44808474665086e-07,0,0
205661,GJ9012,5.718281,-12.20991,2458707.7040725,-5.540739,1.60228,-2283.710551,1.50059,-2.875337,1.02277,-2282.305744,0.663533,53.515663,1.002922,18.484613,11.624304,98.192029,1.111667,0.467456,0.000522,0.314072,0.000596,0.425121,0.000762,0,10.793822,34.422884,0.012339,-3,167.3,2458707.70406,18.921247,18.921403,-1,-9999999,1.152755,0.072345,1.233386,0.252052,1.345918,0.51,300,18.471717,11.654873,2019-08-12T04:45:10.932,-9999999,G2,0103.C-0206(A),demedeiros,-9999999,HARPS_ech_obs_all,HARPS_ech_obs_wavesimult,STAR_WAVE_G,5.24182541386151e-05,1.01046080706388e-06,0,0
205662,GJ9012,5.718281,-12.20991,2458707.7078343,-6.671204,1.609014,-2284.163354,1.502347,-3.998893,1.033288,-2282.758435,0.667496,53.478502,1.011638,42.84757,13.042547,100.707079,1.138793,0.468264,0.000527,0.313601,0.0006,0.424792,0.000767,0,10.797031,34.414227,0.014688,-3,166.2,2458707.70782,18.913077,18.913231,-1,-9999999,1.152755,0.079254,1.233386,0.252164,1.345918,0.49,300,42.873621,13.022898,2019-08-12T04:50:41.930,-9999999,G2,0103.C-0206(A),demedeiros,-9999999,HARPS_ech_obs_all,HARPS_ech_obs_wavesimult,STAR_WAVE_G,5.18710296581633e-05,1.05701392935608e-06,0,0
205663,GJ9012,5.718281,-12.20991,2458778.6600209,-33.878026,2.534619,-2308.152036,1.910006,-30.12751,2.21428,-2307.038785,1.355215,27.795134,2.245607,55.656763,19.907375,97.412717,2.364286,0.459142,0.001247,0.315181,0.001441,0.427582,0.00185,0,10.681975,34.399123,0.044412,-3,71.9,2458778.66002,-14.084561,-14.084424,0,-9999999,1.167921,1.157459,1.233392,-0.05467,1.345925,0.46,150,55.781611,19.961557,2019-10-22T03:42:11.297,-9999999,G2,0104.C-0090(A),demedeiros,-9999999,HARPS_ech_obs_all,HARPS_ech_obs_wavesimult,STAR_WAVE_G,5.24723281975825e-05,1.49973883221996e-06,0,0
205664,GJ9012,5.718281,-12.20991,2458778.6649102,-36.489156,2.714035,-2309.585219,1.99461,-32.729661,2.417588,-2308.471822,1.47206,26.825491,2.453176,63.325206,26.137667,96.860919,2.766331,0.457073,0.001359,0.314308,0.001574,0.426028,0.00202,0,10.679034,34.361805,0.040687,-3,66.0,2458778.6649,-14.098782,-14.098626,0,-9999999,1.167922,1.166438,1.23339,-0.054525,1.345923,0.47,150,63.35412,26.181876,2019-10-22T03:49:12.260,-9999999,G2,0104.C-0090(A),demedeiros,-9999999,HARPS_ech_obs_all,HARPS_ech_obs_wavesimult,STAR_WAVE_G,4.88581328252338e-05,1.26131402994415e-06,0,0
205665,GJ9012,5.718281,-12.20991,2458778.6675132,-31.99267,2.320159,-2304.825264,1.824036,-28.228394,1.965169,-2303.711789,1.231097,30.8002,1.985502,94.936167,17.378629,99.547565,2.003334,0.459106,0.001103,0.311551,0.001267,0.430634,0.001643,0,10.685548,34.39102,0.032852,-3,80.8,2458778.66751,-14.106324,-14.106182,0,-9999999,1.167923,1.171219,1.23339,-0.054448,1.345922,0.47,150,95.029146,17.440153,2019-10-22T03:52:57.162,-9999999,G2,0104.C-0090(A),demedeiros,-9999999,HARPS_ech_obs_all,HARPS_ech_obs_wavesimult,STAR_WAVE_G,4.81316411970881e-05,1.07337868268937e-06,0,0
205666,GJ9012,5.718281,-12.20991,2458778.6698643,-37.680216,2.163094,-2311.560572,1.760086,-33.911622,1.776999,-2310.447026,1.134194,25.406638,1.785284,51.921895,18.244975,97.531169,1.830141,0.459181,0.000974,0.313522,0.001126,0.430424,0.001456,0,10.692357,34.327802,0.049137,-3,90.7,2458778.66985,-14.113117,-14.112955,-1,-9999999,1.167924,1.175537,1.233389,-0.054378,1.345922,0.51,150,51.924456,18.336996,2019-10-22T03:56:14.313,-9999999,G2,0104.C-0090(A),demedeiros,-9999999,HARPS_ech_obs_all,HARPS_ech_obs_wavesimult,STAR_WAVE_G,4.91290242312377e-05,9.47263919908944e-07,0,0
205667,GJ9012,5.718281,-12.20991,2458778.6746131,-35.298959,2.046264,-2307.677075,1.715412,-31.521643,1.632773,-2306.563388,1.063549,30.094936,1.639835,80.186803,18.623437,97.154382,1.605096,0.457996,0.000902,0.314181,0.001041,0.430009,0.001344,0,10.686813,34.365402,0.041271,-3,97.9,2458778.67461,-14.126777,-14.126634,0,-9999999,1.167925,1.184259,1.233388,-0.054238,1.345921,0.36,300,80.285605,18.773786,2019-10-22T04:02:33.124,-9999999,G2,0104.C-0090(A),demedeiros,-9999999,HARPS_ech_obs_all,HARPS_ech_obs_wavesimult,STAR_WAVE_G,4.86736805288933e-05,1.10050535913363e-06,0,0
205668,GJ9012,5.718281,-12.20991,2458780.6794713,46.316153,1.535454,-2227.688678,1.465149,50.102392,0.914534,-2226.574418,0.578932,111.980304,0.877067,-27.591777,11.958622,93.879837,1.129946,0.460179,0.000415,0.313228,0.000486,0.418161,0.000627,0,10.718648,34.217611,-0.06144,-3,205.5,2458780.67947,-15.039868,-15.039716,1,-9999999,1.168353,1.193182,1.233388,-0.054093,1.34592,0.49,450,-27.671903,12.001917,2019-10-24T04:07:48.733,-9999999,G2,0104.C-0090(A),demedeiros,-9999999,HARPS_ech_obs_all,HARPS_ech_obs_wavesimult,STAR_WAVE_G,4.88637770875725e-05,1.07188638311992e-06,0,0
205669,GJ9012,5.718281,-12.20991,2458780.6865513,47.152523,1.567749,-2227.207127,1.478658,50.951765,0.967777,-2226.092655,0.612318,113.38067,0.928696,-28.399659,14.481243,94.258485,1.164628,0.45941,0.000437,0.313166,0.000513,0.419926,0.000665,0,10.71791,34.188087,-0.060828,-3,194.3,2458780.68654,-15.059657,-15.05949,1,-9999999,1.168355,1.206185,1.233387,-0.053883,1.345919,0.49,450,-28.50572,14.522748,2019-10-24T04:18:00.476,-9999999,G2,0104.C-0090(A),demedeiros,-9999999,HARPS_ech_obs_all,HARPS_ech_obs_wavesimult,STAR_WAVE_G,-9999999.0,-9999999.0,-9999999,-9999999
205670,GJ9012,5.718281,-12.20991,2458782.667681,-16.248189,1.506292,-2291.276671,1.152574,-12.583988,0.864677,-2289.151737,0.554116,47.503555,0.831896,32.234956,12.503929,88.66278,1.02896,0.460489,0.000413,0.311952,0.000472,0.417823,0.000611,0,10.649892,34.452639,0.012246,-3,211.4,2458782.66768,-15.890851,-15.890716,-1,-9999999,1.168778,1.071144,1.23339,0.956156,1.010634,0.5,300,32.230068,12.503745,2019-10-26T03:52:09.351,-9999999,G2,0104.C-0090(A),demedeiros,-9999999,HARPS_ech_obs_all,HARPS_ech_obs_wavesimult,STAR_WAVE_G,4.9447092994927e-05,9.74730330342379e-07,0,0
205671,GJ9012,5.718281,-12.20991,2458782.6712978,-16.246436,1.51851,-2289.940677,1.16386,-12.575592,0.88579,-2287.815635,0.577227,47.912899,0.8578,38.667455,12.628156,88.223314,1.240067,0.461377,0.000433,0.312498,0.000495,0.417875,0.00064,0,10.649928,34.454865,0.009879,-3,202.0,2458782.67129,-15.901074,-15.900926,-1,-9999999,1.168779,1.077787,1.233389,0.956263,1.010633,0.44,300,38.713454,12.687657,2019-10-26T03:57:39.859,-9999999,G2,0104.C-0090(A),demedeiros,-9999999,HARPS_ech_obs_all,HARPS_ech_obs_wavesimult,STAR_WAVE_G,4.96561407720357e-05,1.02486378855679e-06,0,0
205672,GJ9012,5.718281,-12.20991,2458782.6753724,-15.061009,1.534894,-2288.308194,1.174051,-11.382682,0.913593,-2286.18303,0.59751,48.873656,0.886005,22.133357,14.091324,89.873076,0.9708,0.460162,0.000455,0.312312,0.000518,0.416949,0.00067,0,10.638334,34.495756,0.008276,-3,192.9,2458782.67536,-15.912516,-15.912368,-1,-9999999,1.16878,1.08527,1.233388,0.956384,1.010632,0.51,300,22.109951,14.114343,2019-10-26T04:03:10.916,-9999999,G2,0104.C-0090(A),demedeiros,-9999999,HARPS_ech_obs_all,HARPS_ech_obs_wavesimult,STAR_WAVE_G,4.96375678375388e-05,7.64683986250421e-07,0,0
205673,GJ9012,5.718281,-12.20991,2458792.6649685,27.370204,1.651128,-2248.45071,1.350636,30.407357,1.24806,-2248.721014,0.81391,87.139508,1.213643,9.26875,14.494862,89.34823,1.359593,0.462513,0.000633,0.317374,0.000728,0.424628,0.000943,0,10.667574,34.451685,-0.018735,-3,137.4,2458792.66496,-19.994611,-19.994509,0,-9999999,1.170915,0.444096,1.081005,-1.441219,1.077854,0.5,180,9.226167,14.436954,2019-11-05T03:50:06.422,-9999999,G2,0104.C-0090(B),UNKNOWN,-9999999,HARPS_ech_obs_all,HARPS_ech_obs_wavesimult,STAR_WAVE_NONE,4.97633364499896e-05,9.08221966568132e-07,0,0
205674,GJ9012,5.718281,-12.20991,2458792.6673756,27.988716,1.622588,-2247.391001,1.335425,31.03029,1.210051,-2247.661233,0.788411,87.654016,1.174054,12.938952,15.280936,88.55215,1.536943,0.461909,0.00061,0.31723,0.0007,0.422317,0.000903,0,10.674232,34.444459,-0.020848,-3,142.8,2458792.66737,-20.000942,-20.000826,0,-9999999,1.170916,0.448517,1.081004,-1.441148,1.077853,0.48,180,13.066964,15.2545,2019-11-05T03:53:38.004,-9999999,G2,0104.C-0090(B),UNKNOWN,-9999999,HARPS_ech_obs_all,HARPS_ech_obs_wavesimult,STAR_WAVE_NONE,5.07548404206577e-05,8.80587366157384e-07,0,0
205675,GJ9012,5.718281,-12.20991,2458792.6698991,29.313651,1.688657,-2247.322752,1.369072,32.35986,1.297302,-2247.592909,0.844152,89.666575,1.265035,-2.815261,16.151785,89.204377,1.209387,0.463693,0.000663,0.315864,0.00076,0.421623,0.000982,0,10.669363,34.461247,-0.018213,-3,131.6,2458792.66989,-20.007536,-20.007429,0,-9999999,1.170916,0.453152,1.081003,-1.441073,1.077852,0.52,180,-2.781632,16.134951,2019-11-05T03:57:08.855,-9999999,G2,0104.C-0090(B),UNKNOWN,-9999999,HARPS_ech_obs_all,HARPS_ech_obs_wavesimult,STAR_WAVE_NONE,5.01437129230666e-05,1.22478797957216e-06,0,0
205676,GJ9012,5.718281,-12.20991,2458792.6721953,26.510257,1.669752,-2249.046723,1.359024,29.560683,1.272598,-2249.316811,0.827757,87.345961,1.235893,13.275328,16.152108,88.517839,1.327909,0.46316,0.000646,0.315681,0.000741,0.423306,0.00096,0,10.669836,34.447085,-0.01712,-3,134.8,2458792.67219,-20.013496,-20.013389,0,-9999999,1.170917,0.457369,1.081003,-1.441005,1.077851,0.45,180,13.219085,16.114472,2019-11-05T04:00:39.857,-9999999,G2,0104.C-0090(B),UNKNOWN,-9999999,HARPS_ech_obs_all,HARPS_ech_obs_wavesimult,STAR_WAVE_NONE,5.14965902427991e-05,1.05138909523062e-06,0,0
205677,GJ9012,5.718281,-12.20991,2458792.6747422,27.57879,1.809191,-2248.309595,1.428079,30.633894,1.450726,-2248.579607,0.936828,87.987091,1.421894,21.061684,16.29314,90.609795,1.681197,0.464872,0.000755,0.315921,0.000867,0.423914,0.001123,0,10.65874,34.482488,-0.018606,-3,115.6,2458792.67473,-20.020061,-20.019937,0,-9999999,1.170917,0.462047,1.081002,-1.440929,1.077851,0.5,180,21.163723,16.264225,2019-11-05T04:04:10.928,-9999999,G2,0104.C-0090(B),UNKNOWN,-9999999,HARPS_ech_obs_all,HARPS_ech_obs_wavesimult,STAR_WAVE_NONE,5.12637769828135e-05,1.03865446696515e-06,0,0
205678,GJ9012,5.718281,-12.20991,2458794.6331199,-55.476375,2.019306,-2327.220661,1.598169,-51.743958,1.598849,-2325.649172,1.041814,7.310855,1.578961,65.733225,17.236221,102.892776,1.570884,0.465017,0.000888,0.313666,0.001015,0.42465,0.001305,0,10.708108,34.356068,0.04126,-3,100.0,2458794.63312,-20.66042,-20.660314,0,-9999999,1.171336,1.13936,1.233402,0.400153,1.211927,0.47,180,65.813246,17.212881,2019-11-07T03:04:31.555,-9999999,G2,0104.C-0090(B),UNKNOWN,-9999999,HARPS_ech_obs_all,HARPS_ech_obs_wavesimult,STAR_WAVE_NONE,4.94356133033665e-05,1.00114981188022e-06,0,0
205679,GJ9012,5.718281,-12.20991,2458794.635693,-52.062993,1.980988,-2326.924344,1.578178,-48.325851,1.550173,-2325.352778,1.010883,10.319559,1.525196,62.43694,17.01781,100.115554,1.908299,0.46392,0.000847,0.312563,0.00097,0.425378,0.001251,0,10.714512,34.327022,0.037406,-3,104.3,2458794.63569,-20.667537,-20.667432,0,-9999999,1.171336,1.144085,1.2334,0.40023,1.211925,0.53,180,62.653003,17.002602,2019-11-07T03:08:03.087,-9999999,G2,0104.C-0090(B),UNKNOWN,-9999999,HARPS_ech_obs_all,HARPS_ech_obs_wavesimult,STAR_WAVE_NONE,4.90859147410976e-05,1.06921227864206e-06,0,0
205680,GJ9012,5.718281,-12.20991,2458794.6380489,-51.958373,1.981433,-2327.015756,1.582838,-48.216904,1.550743,-2325.444119,1.018144,9.222679,1.531595,89.426194,17.482415,98.665447,1.348445,0.463189,0.000857,0.314985,0.000986,0.425751,0.001267,0,10.705925,34.363882,0.042124,-3,103.1,2458794.63805,-20.674027,-20.673948,0,-9999999,1.171337,1.148412,1.233399,0.4003,1.211924,0.49,180,89.564585,17.470592,2019-11-07T03:11:33.849,-9999999,G2,0104.C-0090(B),UNKNOWN,-9999999,HARPS_ech_obs_all,HARPS_ech_obs_wavesimult,STAR_WAVE_NONE,5.01841322386931e-05,1.20536197135163e-06,0,0
205681,GJ9012,5.718281,-12.20991,2458794.6405123,-53.737539,1.986749,-2328.204089,1.583191,-49.991545,1.55753,-2326.632379,1.018694,9.440222,1.537958,62.921416,17.40953,101.610371,1.55476,0.464516,0.000859,0.310243,0.000978,0.428156,0.001271,0,10.706641,34.345036,0.040128,-3,103.1,2458794.6405,-20.680784,-20.680662,0,-9999999,1.171337,1.152937,1.233398,0.400373,1.211922,0.5,180,63.091105,17.385813,2019-11-07T03:15:04.900,-9999999,G2,0104.C-0090(B),UNKNOWN,-9999999,HARPS_ech_obs_all,HARPS_ech_obs_wavesimult,STAR_WAVE_NONE,5.00512207012415e-05,1.17965429096801e-06,0,0
205682,GJ9012,5.718281,-12.20991,2458794.6429329,-57.668988,1.975692,-2328.388648,1.574191,-53.918548,1.543402,-2326.816865,1.004651,7.894851,1.52604,85.126897,17.880349,101.479998,1.69083,0.46384,0.000839,0.31024,0.000959,0.428577,0.001247,0,10.704658,34.351032,0.037407,-3,105.1,2458794.64293,-20.687395,-20.687311,0,-9999999,1.171338,1.157383,1.233397,0.400445,1.211921,0.49,180,85.221647,17.879457,2019-11-07T03:18:35.852,-9999999,G2,0104.C-0090(B),UNKNOWN,-9999999,HARPS_ech_obs_all,HARPS_ech_obs_wavesimult,STAR_WAVE_NONE,4.82345458750878e-05,8.35588012218349e-07,0,0
205683,GJ9012,5.718281,-12.20991,2458810.5622885,-30.222391,1.729257,-2307.586706,1.565523,-28.71939,1.211993,-2306.509865,0.799469,28.82856,1.171121,24.002237,13.106213,97.185759,1.314374,0.455785,0.000628,0.319232,0.000722,0.427327,0.000937,0,10.671392,34.355679,0.020622,-3,138.6,2458810.56228,-25.590365,-25.590285,0,-9999999,1.174741,-1.090056,1.233451,-0.0979,1.345999,0.5,300,23.738405,13.163657,2019-11-23T01:23:12.767,-9999999,G2,0104.C-0090(A),demedeiros,-9999999,HARPS_ech_obs_all,HARPS_ech_obs_wavesimult,STAR_WAVE_G,4.85114195434375e-05,8.2815146739845e-07,0,0
205684,GJ9012,5.718281,-12.20991,2458810.5664597,-29.236711,1.737219,-2307.581853,1.570164,-27.726049,1.223331,-2306.504888,0.808526,29.151623,1.183698,26.845336,13.802025,98.137742,1.08499,0.454261,0.000633,0.321056,0.000734,0.427732,0.000949,0,10.676112,34.364209,0.017945,-3,137.1,2458810.56646,-25.601804,-25.601743,0,-9999999,1.174741,-1.082395,1.233447,-0.097776,1.345994,0.49,300,26.652822,13.905826,2019-11-23T01:29:16.187,-9999999,G2,0104.C-0090(A),demedeiros,-9999999,HARPS_ech_obs_all,HARPS_ech_obs_wavesimult,STAR_WAVE_G,4.78097656657559e-05,9.46329745836155e-07,0,0
205685,GJ9012,5.718281,-12.20991,2458810.5708186,-31.355682,1.743887,-2308.516882,1.573483,-29.837014,1.232786,-2307.439787,0.814961,27.757442,1.191939,41.918619,11.374188,98.099674,1.381351,0.455505,0.00065,0.319429,0.000746,0.426109,0.000966,0,10.664921,34.395611,0.015245,-3,134.5,2458810.57081,-25.613718,-25.613635,0,-9999999,1.174742,-1.074389,1.233443,-0.097647,1.345989,0.49,300,41.647496,11.481463,2019-11-23T01:35:32.827,-9999999,G2,0104.C-0090(A),demedeiros,-9999999,HARPS_ech_obs_all,HARPS_ech_obs_wavesimult,STAR_WAVE_G,4.85248259602682e-05,1.03092432774209e-06,0,0
205686,GJ9012,5.718281,-12.20991,2458811.6473185,25.714059,1.555407,-2253.850946,1.475505,27.401985,0.947642,-2252.952723,0.604638,84.352105,0.893541,-5.46776,11.309904,95.568113,1.21812,0.45522,0.000452,0.31467,0.000526,0.42811,0.000679,0,10.643504,34.344188,-0.011295,-3,190.8,2458811.64731,-26.068101,-26.06805,0,-9999999,1.174972,-0.905131,1.233396,-0.276749,1.34593,0.51,300,-5.143387,11.297167,2019-11-24T03:25:44.390,-9999999,G2,0104.C-0090(A),demedeiros,-9999999,HARPS_ech_obs_all,HARPS_ech_obs_wavesimult,STAR_WAVE_G,4.93826580083768e-05,9.95581818843093e-07,0,0
205687,GJ9012,5.718281,-12.20991,2458811.652299,29.048191,1.555352,-2251.259668,1.476315,30.745265,0.947554,-2250.361295,0.606618,87.651445,0.897457,-9.169781,10.92333,94.590094,0.999719,0.45623,0.000453,0.314401,0.000527,0.427519,0.000681,0,10.647286,34.32259,-0.014955,-3,190.2,2458811.65229,-26.079027,-26.078963,0,-9999999,1.174974,-0.895983,1.233394,-0.276601,1.345928,0.5,300,-8.830812,10.912293,2019-11-24T03:32:57.744,-9999999,G2,0104.C-0090(A),demedeiros,-9999999,HARPS_ech_obs_all,HARPS_ech_obs_wavesimult,STAR_WAVE_G,4.86027279309608e-05,8.37922727436623e-07,0,0
205688,GJ9012,5.718281,-12.20991,2458811.6565633,25.318913,1.546626,-2252.443165,1.471778,27.023819,0.933164,-2251.544666,0.595494,84.231598,0.883393,1.649245,12.089666,94.280098,0.998344,0.456339,0.000443,0.31424,0.000516,0.427685,0.000666,0,10.649913,34.313012,-0.009996,-3,194.5,2458811.65656,-26.088182,-26.088131,0,-9999999,1.174974,-0.888151,1.233393,-0.276475,1.345926,0.51,300,1.942245,12.053538,2019-11-24T03:39:03.214,-9999999,G2,0104.C-0090(A),demedeiros,-9999999,HARPS_ech_obs_all,HARPS_ech_obs_wavesimult,STAR_WAVE_G,4.89429182631481e-05,8.09834212466854e-07,0,0
205689,GJ9012,5.718281,-12.20991,2458813.6735287,2.731544,1.632624,-2275.991787,1.5136,4.422613,1.069679,-2274.989894,0.692447,62.275664,1.020917,11.639259,13.391564,86.102369,1.419623,0.45136,0.000525,0.320648,0.000615,0.419035,0.000797,0,10.618292,34.492928,0.008824,-3,163.1,2458813.67353,-26.616568,-26.616533,0,-9999999,1.175406,-0.901988,1.233389,-0.173513,1.345921,0.57,300,11.566957,13.506057,2019-11-26T04:03:26.181,-9999999,G2,0104.C-0090(A),demedeiros,-9999999,HARPS_ech_obs_all,HARPS_ech_obs_wavesimult,STAR_WAVE_G,4.68594183630893e-05,7.86136254092243e-07,0,0
205690,GJ9012,5.718281,-12.20991,2458813.6780376,3.843969,1.530872,-2276.745351,1.456026,5.543319,0.90682,-2275.743323,0.555438,63.188009,0.85239,-4.529532,10.943412,87.750359,1.214074,0.450954,0.000395,0.319593,0.000469,0.416518,0.000608,0,10.653316,34.330508,0.008954,-3,212.2,2458813.67803,-26.624802,-26.624753,0,-9999999,1.175407,-0.893707,1.233388,-0.173379,1.34592,0.51,300,-4.621277,11.036845,2019-11-26T04:10:13.783,-9999999,G2,0104.C-0090(A),demedeiros,-9999999,HARPS_ech_obs_all,HARPS_ech_obs_wavesimult,STAR_WAVE_G,4.66838266861737e-05,7.48094031333461e-07,0,0
205691,GJ9012,5.718281,-12.20991,2458813.6826903,3.061935,1.545666,-2277.274873,1.46364,4.769831,0.931579,-2276.272706,0.575104,62.547897,0.877188,1.801282,11.596846,84.773059,1.557471,0.451571,0.000414,0.320078,0.000491,0.417481,0.000636,0,10.648569,34.363901,0.005933,-3,203.3,2458813.68268,-26.633036,-26.632986,0,-9999999,1.175408,-0.885161,1.233387,-0.173241,1.345919,0.48,300,1.621329,11.658306,2019-11-26T04:17:04.805,-9999999,G2,0104.C-0090(A),demedeiros,-9999999,HARPS_ech_obs_all,HARPS_ech_obs_wavesimult,STAR_WAVE_G,4.67530487734953e-05,9.9967674397935e-07,0,0
205692,GJ9012,5.718281,-12.20991,2458842.5845358,28.35371,1.549495,-2249.80089,1.361412,30.719852,0.93786,-2251.031431,0.578968,88.009681,0.885156,-10.950745,10.562981,95.814897,1.02051,0.448386,0.00041,0.321521,0.000491,0.421327,0.000637,0,10.63031,34.174672,-0.033252,-3,203.5,2458842.58453,-29.736495,-29.736516,0,-9999999,1.181585,-0.226915,1.233432,-2.412126,1.232168,0.52,300,-10.834272,10.569674,2019-12-25T01:59:29.537,-9999999,G2,0104.C-0090(A),demedeiros,-9999999,HARPS_ech_obs_all,HARPS_ech_obs_wavesimult,STAR_WAVE_G,4.50415468827558e-05,6.79738753733798e-07,0,0
205693,GJ9012,5.718281,-12.20991,2458842.5883061,29.74926,1.550109,-2248.551139,1.361176,32.122327,0.938878,-2249.781567,0.578422,89.334241,0.885476,-1.244684,10.804693,94.246893,0.923411,0.447935,0.000409,0.321121,0.000489,0.420524,0.000635,0,10.638667,34.156358,-0.033009,-3,203.8,2458842.5883,-29.742755,-29.742782,0,-9999999,1.181586,-0.21999,1.233429,-2.412014,1.232165,0.5,300,-1.090554,10.810223,2019-12-25T02:05:01.325,-9999999,G2,0104.C-0090(A),demedeiros,-9999999,HARPS_ech_obs_all,HARPS_ech_obs_wavesimult,STAR_WAVE_G,4.61796299550663e-05,9.49873244710918e-07,0,0
205694,GJ9012,5.718281,-12.20991,2458842.5920676,30.133148,1.558593,-2248.288087,1.366014,32.513123,0.952823,-2249.518403,0.589724,89.696126,0.901146,-29.58931,9.555647,95.548705,1.115322,0.448386,0.000416,0.321263,0.000499,0.420858,0.000647,0,10.643283,34.132816,-0.035619,-3,200.1,2458842.59206,-29.748832,-29.748842,0,-9999999,1.181587,-0.213082,1.233426,-2.411903,1.232161,0.48,300,-29.638504,9.560728,2019-12-25T02:10:32.343,-9999999,G2,0104.C-0090(A),demedeiros,-9999999,HARPS_ech_obs_all,HARPS_ech_obs_wavesimult,STAR_WAVE_G,4.5282651745087e-05,7.99026771944917e-07,0,0
205695,GJ9012,5.718281,-12.20991,2458844.5320699,8.352688,1.541226,-2271.854896,1.468739,10.056954,0.924066,-2271.697286,0.587686,66.498203,0.868313,10.943553,10.329384,88.7079,1.038604,0.448076,0.000423,0.320158,0.000497,0.426556,0.000643,0,10.632086,34.36005,-0.015818,-3,200.6,2458844.53206,-29.586176,-29.586168,2,-9999999,1.182002,-0.888791,1.233483,-1.024392,1.346038,0.49,225,10.983966,10.33563,2019-12-27T00:44:58.750,-9999999,G2,0104.C-0090(A),demedeiros,-9999999,HARPS_ech_obs_all,HARPS_ech_obs_wavesimult,STAR_WAVE_G,4.59079894535376e-05,9.25857641013391e-07,0,0
205696,GJ9012,5.718281,-12.20991,2458844.5351075,8.19828,1.544776,-2271.514788,1.470017,9.908125,0.92998,-2271.357088,0.590883,66.150942,0.876409,-0.136378,11.098912,90.688558,1.088256,0.448159,0.000425,0.321084,0.000501,0.428049,0.000648,0,10.62752,34.352149,-0.017263,-3,199.6,2458844.5351,-29.592587,-29.592599,1,-9999999,1.182002,-0.883212,1.233479,-1.024302,1.346034,0.52,225,-0.051948,11.153222,2019-12-27T00:49:14.474,-9999999,G2,0104.C-0090(A),demedeiros,-9999999,HARPS_ech_obs_all,HARPS_ech_obs_wavesimult,STAR_WAVE_G,4.65527000844052e-05,7.90226811472178e-07,0,0
205697,GJ9012,5.718281,-12.20991,2458844.5380167,7.901041,1.544406,-2272.648553,1.468954,9.616229,0.929369,-2272.490765,0.588242,66.035206,0.874586,-5.103801,8.966197,90.091941,1.05406,0.446696,0.00042,0.319761,0.000496,0.42819,0.000644,0,10.63531,34.335683,-0.014517,-3,200.8,2458844.53801,-29.598656,-29.598667,1,-9999999,1.182003,-0.877869,1.233476,-1.024215,1.34603,0.5,225,-5.029698,8.981979,2019-12-27T00:53:30.346,-9999999,G2,0104.C-0090(A),demedeiros,-9999999,HARPS_ech_obs_all,HARPS_ech_obs_wavesimult,STAR_WAVE_G,4.58742168519581e-05,1.06375826083365e-06,0,0
205698,GJ9012,5.718281,-12.20991,2458844.5409792,8.786802,1.54712,-2271.490901,1.470599,10.507431,0.933876,-2271.333026,0.592347,66.974933,0.880541,-3.721408,8.956416,89.857897,1.202765,0.448125,0.000423,0.320199,0.000499,0.426842,0.000646,0,10.636559,34.324315,-0.013483,-3,199.7,2458844.54097,-29.604763,-29.604757,1,-9999999,1.182003,-0.872428,1.233473,-1.024128,1.346026,0.5,225,-3.693197,8.966394,2019-12-27T00:57:46.330,-9999999,G2,0104.C-0090(A),demedeiros,-9999999,HARPS_ech_obs_all,HARPS_ech_obs_wavesimult,STAR_WAVE_G,4.58531284545453e-05,9.31292864005777e-07,0,0
205699,GJ9012,5.718281,-12.20991,2458845.5373841,26.984191,2.417258,-2255.735544,1.821981,28.731979,2.078863,-2255.614325,1.227931,84.735422,2.044513,-11.087376,23.083946,96.667991,2.023828,0.449117,0.00102,0.320426,0.001217,0.430165,0.001577,0,10.733736,34.155166,-0.029849,-3,83.9,2458845.53738,-29.558472,-29.558476,1,-9999999,1.182216,-0.845269,1.233477,-1.060997,1.346031,0.46,300,-11.059846,23.103499,2019-12-28T00:52:18.650,-9999999,G2,0104.C-0090(A),demedeiros,-9999999,HARPS_ech_obs_all,HARPS_ech_obs_wavesimult,STAR_WAVE_G,4.64482211813618e-05,1.37488075304426e-06,0,0
205700,GJ9012,5.718281,-12.20991,2458845.5413854,30.332442,2.381641,-2251.123422,1.81139,32.087579,2.037341,-2251.002084,1.212168,86.786051,2.005099,-18.952452,19.204737,95.620559,2.058903,0.449182,0.000997,0.320195,0.00119,0.426236,0.001535,0,10.734901,34.164291,-0.036941,-3,85.7,2458845.54138,-29.566587,-29.566598,1,-9999999,1.182217,-0.83792,1.233472,-1.060879,1.346025,0.51,300,-19.144879,19.201904,2019-12-28T00:57:49.398,-9999999,G2,0104.C-0090(A),demedeiros,-9999999,HARPS_ech_obs_all,HARPS_ech_obs_wavesimult,STAR_WAVE_G,5.0632362188129e-05,1.16686490613067e-06,0,0
205701,GJ9012,5.718281,-12.20991,2458845.5454238,23.471532,2.504002,-2259.948581,1.862811,25.234086,2.179124,-2259.827122,1.287748,80.656619,2.153386,32.229893,21.752801,95.037332,2.350385,0.448323,0.001086,0.316936,0.001294,0.42586,0.001675,0,10.716012,34.228312,-0.027034,-3,78.9,2458845.54542,-29.574631,-29.574645,2,-9999999,1.182218,-0.830503,1.233468,-1.060759,1.34602,0.57,300,31.966358,21.767805,2019-12-28T01:03:20.346,-9999999,G2,0104.C-0090(A),demedeiros,-9999999,HARPS_ech_obs_all,HARPS_ech_obs_wavesimult,STAR_WAVE_G,4.54687611984867e-05,1.09625093784653e-06,0,0
205702,GJ9012,5.718281,-12.20991,2458845.5812964,26.236242,1.94013,-2255.782336,1.639208,28.064681,1.497579,-2255.659805,0.9356,83.928718,1.46357,29.227431,15.591328,97.37643,1.323844,0.450382,0.00071,0.319294,0.000848,0.416741,0.001097,0,10.742264,34.116517,-0.020915,-3,118.7,2458845.5813,-29.638853,-29.638883,1,-9999999,1.182226,-0.764618,1.233434,-1.059695,1.345978,0.45,300,29.367383,15.591363,2019-12-28T01:55:36.048,-9999999,G2,0104.C-0090(A),demedeiros,-9999999,HARPS_ech_obs_all,HARPS_ech_obs_wavesimult,STAR_WAVE_G,4.78391677630965e-05,9.18473080743476e-07,0,0
205703,GJ9012,5.718281,-12.20991,2458845.5854099,26.60161,1.651089,-2256.917126,1.512,28.437604,1.097607,-2256.794472,0.688839,84.728308,1.054375,-1.151636,14.897548,96.566831,1.065555,0.449451,0.000491,0.320554,0.000592,0.416996,0.000763,0,10.750887,34.061216,-0.027869,-3,169.6,2458845.5854,-29.645297,-29.64532,2,-9999999,1.182227,-0.757063,1.233431,-1.059573,1.345974,0.53,300,-1.028348,14.907428,2019-12-28T02:01:07.486,-9999999,G2,0104.C-0090(A),demedeiros,-9999999,HARPS_ech_obs_all,HARPS_ech_obs_wavesimult,STAR_WAVE_G,4.79757151665101e-05,8.19059697421171e-07,0,0
205704,GJ9012,5.718281,-12.20991,2458845.5892387,27.471209,1.558125,-2256.198977,1.464168,29.314236,0.952055,-2256.076208,0.576326,86.199623,0.902529,5.09688,12.37792,98.854588,0.953434,0.44948,0.000402,0.321166,0.000484,0.41713,0.000625,0,10.756593,34.028597,-0.025,-3,206.8,2458845.58923,-29.651111,-29.65112,0,-9999999,1.182228,-0.75003,1.233428,-1.059459,1.34597,0.53,300,5.183184,12.397388,2019-12-28T02:06:38.324,-9999999,G2,0104.C-0090(A),demedeiros,-9999999,HARPS_ech_obs_all,HARPS_ech_obs_wavesimult,STAR_WAVE_G,4.72228740064874e-05,9.38703375403389e-07,0,0
205705,GJ9012,5.718281,-12.20991,2458846.5438681,17.626279,1.647298,-2267.258051,1.285521,19.538658,1.091853,-2265.559834,0.67464,75.566117,1.04351,14.267598,12.090979,93.382465,1.440685,0.453301,0.00049,0.311907,0.000588,0.424062,0.000757,0,10.70684,34.197947,-0.007695,-3,171.0,2458846.54386,-29.522737,-29.522746,0,-9999999,1.182432,-0.680678,1.23347,0.515785,1.094269,0.54,300,14.371593,12.097737,2019-12-29T01:01:23.374,-9999999,G2,0104.C-0090(A),demedeiros,-9999999,HARPS_ech_obs_all,HARPS_ech_obs_wavesimult,STAR_WAVE_G,-9999999.0,-9999999.0,-9999999,-9999999
205706,GJ9012,5.718281,-12.20991,2458846.5473533,15.471969,1.687755,-2268.360821,1.306783,17.390749,1.151989,-2266.662501,0.714332,73.003533,1.107079,-9.665089,12.905443,91.653663,1.323871,0.453613,0.000526,0.313047,0.000631,0.424869,0.000812,0,10.702473,34.23908,-0.007438,-3,159.9,2458846.54735,-29.529482,-29.529492,0,-9999999,1.182432,-0.674277,1.233466,0.515888,1.094263,0.44,300,-9.636745,12.92269,2019-12-29T01:06:54.522,-9999999,G2,0104.C-0090(A),demedeiros,-9999999,HARPS_ech_obs_all,HARPS_ech_obs_wavesimult,STAR_WAVE_G,4.90382040074774e-05,9.49318071147199e-07,0,0
205707,GJ9012,5.718281,-12.20991,2458846.5514944,18.508365,1.729697,-2265.724957,1.332855,20.434751,1.21261,-2264.026513,0.760989,76.367591,1.171122,3.670999,16.134033,93.92991,1.587294,0.453524,0.000568,0.31897,0.000679,0.425759,0.000877,0,10.702051,34.242554,-0.008578,-3,148.3,2458846.55149,-29.537344,-29.537358,0,-9999999,1.182433,-0.666671,1.233462,0.516011,1.094257,0.53,300,3.788754,16.161163,2019-12-29T01:12:25.350,-9999999,G2,0104.C-0090(A),demedeiros,-9999999,HARPS_ech_obs_all,HARPS_ech_obs_wavesimult,STAR_WAVE_G,4.95632729359416e-05,1.03660178472405e-06,0,0
205708,GJ9012,5.718281,-12.20991,2458859.5295559,14.266993,1.984675,-2267.207141,1.668179,15.636079,1.554815,-2266.718124,0.985389,72.353276,1.522335,4.275388,14.059793,99.596273,1.571999,0.445475,0.000762,0.320892,0.000913,0.427177,0.001179,0,10.710102,34.132373,-0.003773,-3,110.8,2458859.52956,-28.03773,-28.037768,3,-9999999,1.185207,-1.223971,1.233486,-0.69619,1.346042,0.5,100,4.24205,14.002394,2020-01-11T00:44:26.010,-9999999,G2,0104.C-0090(A),demedeiros,-9999999,HARPS_ech_obs_all,HARPS_ech_obs_wavesimult,STAR_WAVE_G,4.3999164539759e-05,1.04694244731163e-06,0,0
205709,GJ9012,5.718281,-12.20991,2458859.5311046,8.420944,2.012637,-2272.656961,1.677442,9.792874,1.590354,-2272.167897,1.000994,66.251062,1.55792,1.952816,13.76465,96.766157,1.655711,0.446623,0.000781,0.320559,0.000932,0.431386,0.001211,0,10.703523,34.159157,-0.000837,-3,108.4,2458859.5311,-28.040209,-28.040244,3,-9999999,1.185208,-1.221127,1.233484,-0.696144,1.34604,0.53,100,2.04471,13.70143,2020-01-11T00:46:36.827,-9999999,G2,0104.C-0090(A),demedeiros,-9999999,HARPS_ech_obs_all,HARPS_ech_obs_wavesimult,STAR_WAVE_G,4.32753768892717e-05,1.02678607960784e-06,0,0
205710,GJ9012,5.718281,-12.20991,2458859.5325977,12.157782,1.869512,-2268.864961,1.616464,13.532454,1.404848,-2268.375853,0.895064,69.691123,1.363672,8.75648,13.117149,99.813851,1.592637,0.445905,0.000678,0.323686,0.00081,0.427188,0.001042,0,10.716452,34.121219,0.008987,-3,125.1,2458859.53259,-28.042574,-28.042602,4,-9999999,1.185208,-1.218385,1.233482,-0.6961,1.346037,0.51,100,8.810411,13.056719,2020-01-11T00:48:47.844,-9999999,G2,0104.C-0090(A),demedeiros,-9999999,HARPS_ech_obs_all,HARPS_ech_obs_wavesimult,STAR_WAVE_G,4.41367164078468e-05,1.08482289909407e-06,0,0
205711,GJ9012,5.718281,-12.20991,2458859.5340788,11.534641,1.867806,-2268.807908,1.614466,12.912034,1.402578,-2268.318756,0.891454,68.796675,1.363225,-15.019434,12.954781,97.68513,1.389768,0.447705,0.000668,0.321387,0.000798,0.43055,0.001035,0,10.721732,34.097766,0.008878,-3,126.2,2458859.53407,-28.044894,-28.044936,3,-9999999,1.185208,-1.215664,1.23348,-0.696056,1.346035,0.48,100,-14.990044,12.862095,2020-01-11T00:50:58.822,-9999999,G2,0104.C-0090(A),demedeiros,-9999999,HARPS_ech_obs_all,HARPS_ech_obs_wavesimult,STAR_WAVE_G,4.31165968063453e-05,8.91178692276025e-07,0,0
205712,GJ9012,5.718281,-12.20991,2458859.5356179,12.405755,1.976341,-2268.659319,1.660114,13.785974,1.544168,-2268.17012,0.971685,70.30416,1.511248,3.68583,16.377163,97.958464,1.669797,0.447162,0.000741,0.320992,0.00089,0.429665,0.001153,0,10.714654,34.103698,0.006397,-3,113.3,2458859.53561,-28.04728,-28.047314,3,-9999999,1.185209,-1.212838,1.233479,-0.69601,1.346033,0.5,100,3.753874,16.302373,2020-01-11T00:53:09.819,-9999999,G2,0104.C-0090(A),demedeiros,-9999999,HARPS_ech_obs_all,HARPS_ech_obs_wavesimult,STAR_WAVE_G,4.31761573593145e-05,1.08800779496759e-06,0,0
205713,GJ9012,5.718281,-12.20991,2458859.5371459,9.917884,1.932361,-2271.987819,1.643132,11.30091,1.487465,-2271.498575,0.942381,68.21663,1.453727,-0.126338,12.980687,99.880558,1.252394,0.44599,0.000711,0.320573,0.000854,0.428625,0.001106,0,10.715843,34.089099,0.00911,-3,117.9,2458859.53714,-28.049621,-28.049648,3,-9999999,1.185209,-1.210031,1.233477,-0.695965,1.346031,0.51,100,0.090044,12.938776,2020-01-11T00:55:20.846,-9999999,G2,0104.C-0090(A),demedeiros,-9999999,HARPS_ech_obs_all,HARPS_ech_obs_wavesimult,STAR_WAVE_G,4.4394754053688e-05,8.74987794986141e-07,0,0
205714,GJ9012,5.718281,-12.20991,2458859.5386501,11.51153,1.871161,-2268.835698,1.616401,12.897318,1.407047,-2268.346409,0.894962,69.279776,1.369971,-36.736033,12.881571,99.560519,1.577229,0.445958,0.000668,0.320415,0.000799,0.427973,0.001034,0,10.723576,34.075605,0.006935,-3,125.9,2458859.53864,-28.051899,-28.051939,3,-9999999,1.185209,-1.207269,1.233475,-0.69592,1.346029,0.5,100,-36.661097,12.858152,2020-01-11T00:57:31.823,-9999999,G2,0104.C-0090(A),demedeiros,-9999999,HARPS_ech_obs_all,HARPS_ech_obs_wavesimult,STAR_WAVE_G,4.43900120119033e-05,9.06456444880988e-07,0,0
205715,GJ9012,5.718281,-12.20991,2458859.5401662,10.046682,1.859614,-2272.780217,1.608789,11.435255,1.391656,-2272.290882,0.881143,67.298118,1.35235,16.070404,13.364507,98.479966,1.401022,0.446649,0.000651,0.321755,0.000782,0.429059,0.001011,0,10.723709,34.051605,0.007973,-3,128.8,2458859.54016,-28.054168,-28.054201,3,-9999999,1.18521,-1.204484,1.233474,-0.695875,1.346027,0.5,100,16.050871,13.279677,2020-01-11T00:59:42.830,-9999999,G2,0104.C-0090(A),demedeiros,-9999999,HARPS_ech_obs_all,HARPS_ech_obs_wavesimult,STAR_WAVE_G,4.29599832494431e-05,1.04253694943351e-06,0,0
205716,GJ9012,5.718281,-12.20991,2458859.5416707,10.337091,1.839099,-2271.13941,1.599011,11.728427,1.364123,-2270.650031,0.863165,70.106026,1.324085,20.781816,13.861359,98.99227,1.436924,0.447217,0.000636,0.321366,0.000764,0.429464,0.000988,0,10.726543,34.052394,0.012099,-3,131.8,2458859.54166,-28.056393,-28.056419,3,-9999999,1.18521,-1.201721,1.233472,-0.695831,1.346025,0.49,100,20.789353,13.83409,2020-01-11T01:01:53.827,-9999999,G2,0104.C-0090(A),demedeiros,-9999999,HARPS_ech_obs_all,HARPS_ech_obs_wavesimult,STAR_WAVE_G,4.44533481543381e-05,8.59698105685609e-07,0,0
205717,GJ9012,5.718281,-12.20991,2458861.5263293,19.637247,2.036672,-2263.152,1.68257,20.681485,1.620659,-2262.517814,1.009554,76.165463,1.574104,42.932692,17.411839,94.487079,1.851619,0.457682,0.000789,0.313774,0.000938,0.428725,0.001214,0,10.692645,34.223469,0.003192,-3,107.5,2458861.52633,-27.682446,-27.682504,0,-9999999,1.185634,-1.548819,1.233489,-0.551448,1.346047,0.5,100,43.087341,17.422716,2020-01-13T00:40:03.104,-9999999,G2,0104.C-0090(A),demedeiros,-9999999,HARPS_ech_obs_all,HARPS_ech_obs_wavesimult,STAR_WAVE_G,4.7423509156535e-05,9.85842736749845e-07,0,0
205718,GJ9012,5.718281,-12.20991,2458861.5278307,17.26142,2.159013,-2264.841022,1.727833,18.308415,1.771961,-2264.206791,1.083315,72.86329,1.724389,26.501279,17.55475,94.29636,1.946962,0.45875,0.000872,0.315483,0.00104,0.426379,0.001339,0,10.698642,34.231238,0.005349,-3,97.6,2458861.52782,-27.684786,-27.684823,0,-9999999,1.185634,-1.546062,1.233488,-0.551403,1.346044,0.49,100,26.575016,17.559545,2020-01-13T00:42:13.841,-9999999,G2,0104.C-0090(A),demedeiros,-9999999,HARPS_ech_obs_all,HARPS_ech_obs_wavesimult,STAR_WAVE_G,4.91337112308711e-05,1.00049967406257e-06,0,0
205719,GJ9012,5.718281,-12.20991,2458861.5293931,18.510809,2.140984,-2262.399778,1.727239,19.560674,1.74995,-2261.7655,1.082371,75.829115,1.707957,8.479479,16.631589,95.356025,1.794542,0.458502,0.000876,0.31364,0.001038,0.428397,0.001342,0,10.67802,34.255522,-0.001829,-3,97.5,2458861.52938,-27.687193,-27.687243,1,-9999999,1.185635,-1.543192,1.233486,-0.551357,1.346042,0.53,100,8.752253,16.668502,2020-01-13T00:44:24.839,-9999999,G2,0104.C-0090(A),demedeiros,-9999999,HARPS_ech_obs_all,HARPS_ech_obs_wavesimult,STAR_WAVE_G,4.8325748880645e-05,1.06818820372421e-06,0,0
205720,GJ9012,5.718281,-12.20991,2458861.5309206,17.492771,2.059109,-2265.875095,1.690137,18.545441,1.648771,-2265.240772,1.022125,74.137513,1.601993,9.848014,17.910505,93.796421,1.677717,0.458739,0.000801,0.314424,0.000954,0.426196,0.001229,0,10.695231,34.237288,-0.002904,-3,105.9,2458861.53091,-27.689519,-27.689562,1,-9999999,1.185635,-1.540387,1.233484,-0.551312,1.34604,0.54,100,9.729252,17.937323,2020-01-13T00:46:35.826,-9999999,G2,0104.C-0090(A),demedeiros,-9999999,HARPS_ech_obs_all,HARPS_ech_obs_wavesimult,STAR_WAVE_G,4.70523126821578e-05,1.01918308518412e-06,0,0
205721,GJ9012,5.718281,-12.20991,2458861.5323675,16.826283,2.042082,-2266.989111,1.681683,17.881611,1.627458,-2266.354745,1.008088,72.781311,1.582576,13.479941,16.24325,93.344049,1.623812,0.457728,0.000782,0.315537,0.000937,0.429127,0.001209,0,10.703242,34.188171,-0.009315,-3,108.0,2458861.53236,-27.691698,-27.691734,1,-9999999,1.185635,-1.537729,1.233482,-0.551269,1.346038,0.48,100,13.625188,16.279454,2020-01-13T00:48:46.853,-9999999,G2,0104.C-0090(A),demedeiros,-9999999,HARPS_ech_obs_all,HARPS_ech_obs_wavesimult,STAR_WAVE_G,4.6169559789048e-05,1.12135458420769e-06,0,0
205722,GJ9012,5.718281,-12.20991,2458861.5338838,16.62714,2.090451,-2265.491512,1.705329,17.685253,1.687753,-2264.8571,1.047061,74.05458,1.646234,-7.050019,15.830431,93.31576,1.570176,0.458697,0.000839,0.315304,0.000995,0.427741,0.001283,0,10.695526,34.267146,-0.003837,-3,101.9,2458861.53387,-27.693955,-27.694003,1,-9999999,1.185636,-1.534944,1.233481,-0.551224,1.346036,0.48,100,-6.981356,15.909402,2020-01-13T00:50:57.870,-9999999,G2,0104.C-0090(A),demedeiros,-9999999,HARPS_ech_obs_all,HARPS_ech_obs_wavesimult,STAR_WAVE_G,4.81126952857874e-05,8.82642016134636e-07,0,0
205723,GJ9012,5.718281,-12.20991,2458861.535434,18.590226,2.090161,-2266.174794,1.702055,19.651186,1.687395,-2265.540336,1.041722,75.149606,1.641656,-21.062811,14.746238,93.943088,1.594393,0.457419,0.00082,0.314435,0.00098,0.428922,0.001267,0,10.705899,34.201348,-0.007972,-3,103.2,2458861.53542,-27.696234,-27.696276,1,-9999999,1.185636,-1.532097,1.233479,-0.551178,1.346033,0.51,100,-21.102158,14.799507,2020-01-13T00:53:08.828,-9999999,G2,0104.C-0090(A),demedeiros,-9999999,HARPS_ech_obs_all,HARPS_ech_obs_wavesimult,STAR_WAVE_G,4.69893952094762e-05,8.92359162185061e-07,0,0
205724,GJ9012,5.718281,-12.20991,2458861.5369504,18.43806,2.069626,-2264.263703,1.692777,19.501805,1.661892,-2263.6292,1.026496,75.862016,1.617124,12.495284,14.478052,94.518379,1.929342,0.46041,0.000803,0.31506,0.000957,0.425975,0.001231,0,10.70161,34.178092,-0.002889,-3,105.6,2458861.53694,-27.698436,-27.698471,1,-9999999,1.185636,-1.529312,1.233477,-0.551133,1.346031,0.51,100,12.589837,14.543639,2020-01-13T00:55:19.855,-9999999,G2,0104.C-0090(A),demedeiros,-9999999,HARPS_ech_obs_all,HARPS_ech_obs_wavesimult,STAR_WAVE_G,4.81939481125559e-05,1.26606748919501e-06,0,0
205725,GJ9012,5.718281,-12.20991,2458861.5384546,15.786979,2.021,-2265.89581,1.672857,16.853487,1.600931,-2265.261261,0.993305,72.550155,1.554134,21.657356,15.560175,92.995646,2.085242,0.458936,0.000766,0.315598,0.000917,0.426791,0.00118,0,10.705605,34.177174,-0.00456,-3,110.2,2458861.53845,-27.700593,-27.700641,1,-9999999,1.185637,-1.526549,1.233475,-0.551088,1.346029,0.5,100,21.792516,15.601615,2020-01-13T00:57:30.832,-9999999,G2,0104.C-0090(A),demedeiros,-9999999,HARPS_ech_obs_all,HARPS_ech_obs_wavesimult,STAR_WAVE_G,4.70726914187857e-05,1.18432877478773e-06,0,0
205726,GJ9012,5.718281,-12.20991,2458864.5284894,-56.099726,1.827248,-2338.422559,1.583508,-54.889718,1.348089,-2337.803782,0.834066,2.23177,1.305643,44.59279,14.62837,97.812825,1.352354,0.445995,0.000605,0.314696,0.000733,0.426549,0.000942,0,10.710339,34.000801,0.056211,-3,137.7,2458864.52849,-27.099505,-27.099567,1,-9999999,1.186276,-1.383049,1.233487,-0.567499,1.346043,0.49,100,44.651781,14.629118,2020-01-16T00:43:34.192,-9999999,G2,0104.C-0090(A),demedeiros,-9999999,HARPS_ech_obs_all,HARPS_ech_obs_wavesimult,STAR_WAVE_G,4.43052263831414e-05,8.46538970754881e-07,0,0
205727,GJ9012,5.718281,-12.20991,2458864.5314054,-57.055918,1.803116,-2341.241397,1.57423,-55.840554,1.315198,-2340.622533,0.816321,0.017835,1.268903,70.118719,15.668764,97.731832,1.458511,0.445954,0.000596,0.313949,0.000717,0.427339,0.000924,0,10.709666,34.015466,0.048135,-3,140.6,2458864.5314,-27.103591,-27.103659,1,-9999999,1.186276,-1.377693,1.233483,-0.567412,1.346039,0.5,100,70.177272,15.669571,2020-01-16T00:47:45.156,-9999999,G2,0104.C-0090(A),demedeiros,-9999999,HARPS_ech_obs_all,HARPS_ech_obs_wavesimult,STAR_WAVE_G,4.53627337712317e-05,9.69775142697489e-07,0,0
205728,GJ9012,5.718281,-12.20991,2458864.5347323,-56.204905,1.831187,-2340.646365,1.584458,-54.983431,1.35343,-2340.027402,0.835881,0.442791,1.308764,38.110655,15.385422,95.912937,1.6682,0.445695,0.000607,0.314774,0.000738,0.426143,0.000948,0,10.702168,33.986119,0.05787,-3,136.8,2458864.53473,-27.108126,-27.108191,1,-9999999,1.186277,-1.371583,1.23348,-0.567314,1.346034,0.49,100,38.299148,15.378356,2020-01-16T00:52:33.631,-9999999,G2,0104.C-0090(A),demedeiros,-9999999,HARPS_ech_obs_all,HARPS_ech_obs_wavesimult,STAR_WAVE_G,4.61412974500726e-05,1.04363492826884e-06,0,0
205729,GJ9012,5.718281,-12.20991,2458864.5362623,-57.093092,1.813743,-2340.404918,1.577603,-55.868808,1.329735,-2339.785909,0.822818,-0.306161,1.288781,56.61202,13.173446,99.29268,1.18848,0.445496,0.000595,0.314688,0.000723,0.426243,0.000929,0,10.706,33.990104,0.053619,-3,139.5,2458864.53625,-27.110166,-27.110221,1,-9999999,1.186277,-1.368773,1.233478,-0.567268,1.346032,0.5,100,56.803599,13.162851,2020-01-16T00:54:44.829,-9999999,G2,0104.C-0090(A),demedeiros,-9999999,HARPS_ech_obs_all,HARPS_ech_obs_wavesimult,STAR_WAVE_G,4.56537094307627e-05,1.01740247813823e-06,0,0
205730,GJ9012,5.718281,-12.20991,2458864.5377782,-60.489414,1.816619,-2343.131852,1.577349,-59.262345,1.333657,-2342.512797,0.822333,-2.353418,1.285962,69.999668,12.539705,97.360979,1.370266,0.445904,0.000597,0.312791,0.000721,0.426745,0.000931,0,10.712617,33.998311,0.055579,-3,139.5,2458864.53777,-27.112158,-27.112207,1,-9999999,1.186278,-1.365988,1.233476,-0.567223,1.34603,0.5,100,70.096725,12.528877,2020-01-16T00:56:55.816,-9999999,G2,0104.C-0090(A),demedeiros,-9999999,HARPS_ech_obs_all,HARPS_ech_obs_wavesimult,STAR_WAVE_G,4.54762406941928e-05,9.27920406460401e-07,0,0
205731,GJ9012,5.718281,-12.20991,2458864.5392946,-56.176177,1.822732,-2339.752163,1.58016,-54.946323,1.341974,-2339.133063,0.827717,1.470205,1.298922,50.979829,13.996736,97.758503,1.371102,0.446728,0.000598,0.314159,0.000727,0.4273,0.000936,0,10.70902,33.974207,0.060586,-3,138.7,2458864.53928,-27.114122,-27.114182,1,-9999999,1.186278,-1.363203,1.233474,-0.567178,1.346028,0.5,100,51.056935,14.000239,2020-01-16T00:59:06.843,-9999999,G2,0104.C-0090(A),demedeiros,-9999999,HARPS_ech_obs_all,HARPS_ech_obs_wavesimult,STAR_WAVE_G,4.59893866947122e-05,1.01932374060881e-06,0,0
205732,GJ9012,5.718281,-12.20991,2458864.540799,-57.504842,1.857239,-2340.078044,1.592089,-56.272225,1.388482,-2339.4589,0.850271,0.553574,1.345698,61.190476,15.232339,96.956065,1.485152,0.446228,0.00062,0.314683,0.000754,0.426811,0.000971,0,10.710184,33.983637,0.057199,-3,133.8,2458864.54079,-27.116042,-27.116096,1,-9999999,1.186278,-1.36044,1.233473,-0.567134,1.346026,0.49,100,61.14964,15.24008,2020-01-16T01:01:17.840,-9999999,G2,0104.C-0090(A),demedeiros,-9999999,HARPS_ech_obs_all,HARPS_ech_obs_wavesimult,STAR_WAVE_G,4.50370143760241e-05,9.96532186757815e-07,0,0
205733,GJ9012,5.718281,-12.20991,2458864.5423382,-57.072567,1.848019,-2339.726757,1.590877,-55.837123,1.376126,-2339.107566,0.848003,1.075906,1.330753,59.34696,13.284695,97.673637,1.477619,0.446444,0.00062,0.313548,0.000752,0.426145,0.000968,0,10.706564,34.006907,0.051847,-3,134.1,2458864.54233,-27.117976,-27.118025,1,-9999999,1.186279,-1.357613,1.233471,-0.567088,1.346024,0.51,100,59.443188,13.279924,2020-01-16T01:03:28.837,-9999999,G2,0104.C-0090(A),demedeiros,-9999999,HARPS_ech_obs_all,HARPS_ech_obs_wavesimult,STAR_WAVE_G,4.56044891419871e-05,9.93967228515782e-07,0,0
205734,GJ9012,5.718281,-12.20991,2458864.5438426,-57.103185,1.82553,-2341.866745,1.57877,-55.864978,1.345776,-2341.247509,0.825069,0.338798,1.299053,71.878293,14.096016,95.20045,1.432099,0.44492,0.000598,0.313542,0.000727,0.425803,0.000936,0,10.706484,34.001497,0.052886,-3,138.6,2458864.54383,-27.119838,-27.119897,1,-9999999,1.186279,-1.35485,1.23347,-0.567043,1.346022,0.5,100,72.05055,14.081636,2020-01-16T01:05:39.824,-9999999,G2,0104.C-0090(A),demedeiros,-9999999,HARPS_ech_obs_all,HARPS_ech_obs_wavesimult,STAR_WAVE_G,4.56489871127503e-05,1.017120453896e-06,0,0
