,target,ra,dec,BJD,RV_mlc_nzp,e_RV_mlc_nzp,RV_drs_nzp,e_RV_drs_nzp,RV_mlc,e_RV_mlc,RV_drs,e_RV_drs,RV_mlc_j,e_RV_mlc_j,CRX,e_CRX,dLW,e_dLW,Halpha,e_Halpha,NaD1,e_NaD1,NaD2,e_NaD2,f_RV,FWHM_DRS,CONTRAST_DRS,BIS,RVGUESS,SNR_DRS,BJD_DRS,BERV,BERV_DRS,DRIFT,e_DRIFT,SA,NZP_mlc,dNZP_mlc,NZP_drs,dNZP_drs,TMMEAN,EXPTIME,MLCRX,E_MLCRX,TIMEID,DRIFT_LAMP,MASK,PROGID,PROGPI,AIRMASS,OBHAB,THAR_FP,DPR_TYPE,RHKp,dRHKp,vsinflag,metflag
75765,GJ1020,11.37095,-12.88056,2452939.6730201,-2.122682,0.859682,-10283.328694,0.916801,-7.657695,0.590648,-10282.843675,0.486506,-7.646599,0.590653,-0.214319,5.280638,-7.458812,1.356154,0.395434,0.000466,0.414141,0.000736,0.560843,0.000943,0,7.130772,40.401688,0.014716,-10,155.8,2452939.67307,-14.003926,-14.004982,1,-9999999,0.0,0.006647,0.624651,0.485019,0.777069,0.48,266,-0.204641,5.254979,2003-10-27T03:59:59.637,-9999999,G2,072.C-0488(E),M. Mayor,-9999999,HARPS_ech_obs_all,HARPS_ech_obs_thosimult,STAR_WAVE_G2V,5.67440393591618e-06,4.92905468751952e-07,0,0
75766,GJ1020,11.37095,-12.88056,2452946.7392507,-2.659883,1.052779,-10284.307616,1.102871,-7.811485,0.611589,-10283.904498,0.502729,-7.798692,0.611606,7.335419,7.554324,-15.090591,1.409889,0.394722,0.000455,0.412273,0.000749,0.560623,0.000962,0,7.129523,40.494805,0.013,-10,152.8,2452946.73925,-17.185555,-17.186428,0,-9999999,0.000624,0.390058,0.856914,0.402494,0.981625,0.5,396,7.31748,7.533113,2003-11-03T05:34:43.320,-9999999,G2,072.C-0488(E),M. Mayor,-9999999,HARPS_ech_obs_all,HARPS_ech_obs_thosimult,STAR_WAVE_G2V,5.10253237136956e-06,6.72616913211525e-07,0,0
75767,GJ1020,11.37095,-12.88056,2453606.8905981,0.748297,0.998035,-10279.440037,1.0554,-5.754461,0.511562,-10280.227884,0.387541,-5.738816,0.511584,4.056262,4.535795,6.606189,1.010062,0.393737,0.000363,0.424014,0.000583,0.561583,0.000745,0,7.130582,40.349958,0.014384,-10,195.4,2453606.89059,15.323679,15.323943,0,-9999999,0.058939,-0.961098,0.856958,-0.846786,0.981673,0.51,450,4.067866,4.516004,2005-08-24T09:11:54.779,-9999999,G2,072.C-0488(E),Mayor,-9999999,HARPS_ech_obs_all,HARPS_ech_obs_thosimult,STAR_WAVE_G2,7.24922831076144e-06,4.097645019123e-07,0,0
75768,GJ1020,11.37095,-12.88056,2453606.8964436,-1.900211,1.012099,-10282.608544,1.063325,-8.404791,0.538481,-10283.407398,0.408622,-8.394131,0.538453,1.663958,4.755249,4.763074,1.077689,0.394071,0.000382,0.424311,0.000615,0.56011,0.000785,0,7.130646,40.352668,0.015159,-10,185.6,2453606.89644,15.308804,15.309078,0,-9999999,0.058939,-0.96292,0.856961,-0.857793,0.981676,0.56,450,1.663216,4.726722,2005-08-24T09:19:57.305,-9999999,G2,072.C-0488(E),Mayor,-9999999,HARPS_ech_obs_all,HARPS_ech_obs_thosimult,STAR_WAVE_G2,4.71798376694783e-06,4.53859543580799e-07,0,0
75769,GJ1020,11.37095,-12.88056,2453607.8345547,1.325906,1.010041,-10278.533918,1.063416,-5.159388,0.534645,-10279.216151,0.408926,-5.156058,0.534626,6.53964,5.052173,-3.403268,1.18787,0.398696,0.000409,0.4128,0.000646,0.550996,0.000828,0,7.1225,40.389873,0.014301,-10,177.2,2453607.83454,15.071861,15.072162,0,-9999999,0.059022,-0.943634,0.856935,-0.741255,0.981648,0.49,300,6.562529,5.031562,2005-08-25T07:52:30.956,-9999999,G2,072.C-0488(E),Mayor,-9999999,HARPS_ech_obs_all,HARPS_ech_obs_thosimult,STAR_WAVE_G2,6.51491247475662e-06,4.44834182093676e-07,0,0
75770,GJ1020,11.37095,-12.88056,2453607.8384642,-0.533082,1.032395,-10280.867915,1.076007,-7.019594,0.575759,-10281.557509,0.440631,-7.009056,0.575756,7.525664,5.654795,-0.708748,1.126731,0.398511,0.000442,0.413415,0.000699,0.553249,0.000897,0,7.123886,40.371718,0.017361,-10,164.1,2453607.83846,15.060715,15.061006,0,-9999999,0.059023,-0.944852,0.856937,-0.748617,0.981649,0.5,300,7.549434,5.629409,2005-08-25T07:58:05.719,-9999999,G2,072.C-0488(E),Mayor,-9999999,HARPS_ech_obs_all,HARPS_ech_obs_thosimult,STAR_WAVE_G2,7.13804950497839e-06,3.61989613426172e-07,0,0
75771,GJ1020,11.37095,-12.88056,2453607.8423271,4.029959,1.005042,-10275.916747,1.05949,-2.457757,0.525135,-10276.613615,0.398599,-2.448752,0.525119,2.295541,5.325831,-0.410887,1.158713,0.397893,0.000397,0.412066,0.000627,0.552165,0.000805,0,7.124981,40.380192,0.014192,-10,182.5,2453607.84232,15.049749,15.05003,0,-9999999,0.059023,-0.946056,0.856938,-0.755891,0.981651,0.51,300,2.315259,5.316807,2005-08-25T08:03:36.461,-9999999,G2,072.C-0488(E),Mayor,-9999999,HARPS_ech_obs_all,HARPS_ech_obs_thosimult,STAR_WAVE_G2,7.03873781272195e-06,3.91095794526591e-07,0,0
75772,GJ1020,11.37095,-12.88056,2453608.904971,-0.897512,0.976899,-10280.992459,1.043546,-7.764207,0.474455,-10282.143503,0.357155,-7.750306,0.474453,4.246444,4.733263,-0.109,1.155434,0.39585,0.00034,0.421798,0.000542,0.55121,0.000696,0,7.129496,40.375163,0.01442,-10,210.5,2453608.90497,14.47363,14.473917,0,-9999999,0.059117,-1.325035,0.853946,-1.210161,0.980524,0.5,300,4.263693,4.705029,2005-08-26T09:33:47.319,-9999999,G2,072.C-0488(E),Mayor,-9999999,HARPS_ech_obs_all,HARPS_ech_obs_thosimult,STAR_WAVE_G2,5.88779318749065e-06,3.46127019008492e-07,0,0
75773,GJ1020,11.37095,-12.88056,2453608.9088096,-1.536411,0.976826,-10281.504103,1.043019,-8.404302,0.474302,-10282.662376,0.355608,-8.386661,0.474301,4.430139,5.700412,1.485266,0.859273,0.39533,0.000336,0.421554,0.000537,0.552133,0.00069,0,7.131219,40.358702,0.017197,-10,212.4,2453608.9088,14.464453,14.464755,0,-9999999,0.059117,-1.326231,0.853948,-1.21739,0.980526,0.5,300,4.430284,5.675723,2005-08-26T09:39:18.961,-9999999,G2,072.C-0488(E),Mayor,-9999999,HARPS_ech_obs_all,HARPS_ech_obs_thosimult,STAR_WAVE_G2,7.81907970246489e-06,4.08763218428716e-07,0,0
75774,GJ1020,11.37095,-12.88056,2453608.9126184,-4.875407,0.968991,-10284.613571,1.03958,-11.744485,0.457944,-10285.779015,0.345384,-11.734526,0.457933,5.635217,4.352245,0.499962,0.709933,0.395819,0.000332,0.420123,0.000525,0.552137,0.000677,0,7.129557,40.364137,0.01606,-10,216.9,2453608.91262,14.455488,14.455762,0,-9999999,0.059118,-1.327418,0.85395,-1.224562,0.980529,0.49,300,5.652025,4.305045,2005-08-26T09:44:51.026,-9999999,G2,072.C-0488(E),Mayor,-9999999,HARPS_ech_obs_all,HARPS_ech_obs_thosimult,STAR_WAVE_G2,7.10164430242993e-06,4.25930244106899e-07,0,0
75775,GJ1020,11.37095,-12.88056,2453610.8828002,-0.405293,2.246716,-10281.196754,1.891301,-7.165797,2.076863,-10282.162981,1.616585,-7.190566,2.076906,47.592178,16.46405,-2.320673,3.708754,0.400971,0.001453,0.421013,0.002353,0.555716,0.003022,0,7.128663,40.32833,0.016083,-10,50.2,2453610.88279,13.694623,13.694924,0,-9999999,0.059292,-1.218844,0.856955,-1.025519,0.981669,0.41,300,47.561676,16.457917,2005-08-28T09:02:10.611,-9999999,G2,072.C-0488(E),Mayor,-9999999,HARPS_ech_obs_all,HARPS_ech_obs_thosimult,STAR_WAVE_G2,8.12284907019662e-06,1.33279318439997e-06,0,0
75776,GJ1020,11.37095,-12.88056,2453610.8871744,0.533996,1.834099,-10280.776062,1.549787,-6.227871,1.621587,-10281.750526,1.199234,-6.216923,1.621568,11.2284,15.553173,6.468551,3.117005,0.400621,0.001147,0.42235,0.001857,0.546125,0.002362,0,7.133524,40.333963,0.017464,-10,62.8,2453610.88717,13.683482,13.683781,1,-9999999,0.059292,-1.220207,0.856957,-1.033756,0.981671,0.57,300,11.210722,15.544049,2005-08-28T09:07:40.523,-9999999,G2,072.C-0488(E),Mayor,-9999999,HARPS_ech_obs_all,HARPS_ech_obs_thosimult,STAR_WAVE_G2,4.16332213303867e-07,1.23924030505351e-06,0,0
75777,GJ1020,11.37095,-12.88056,2453610.8906139,-1.611739,1.87218,-10282.828405,1.580421,-8.374677,1.664536,-10283.809346,1.238567,-8.364935,1.664525,8.747369,14.63086,-1.445365,3.332973,0.397617,0.001176,0.417653,0.001901,0.550807,0.002445,0,7.132954,40.368626,0.007848,-10,61.1,2453610.89061,13.674833,13.675132,1,-9999999,0.059292,-1.221279,0.856958,-1.040233,0.981673,0.46,300,8.711703,14.62032,2005-08-28T09:13:10.686,-9999999,G2,072.C-0488(E),Mayor,-9999999,HARPS_ech_obs_all,HARPS_ech_obs_thosimult,STAR_WAVE_G2,-9999999.0,-9999999.0,-9999999,-9999999
75778,GJ1020,11.37095,-12.88056,2453975.7895204,0.154758,1.051073,-10280.13786,1.003006,-5.723594,0.608636,-10279.885874,0.464364,-5.729608,0.608645,9.94819,5.825822,-0.15775,1.545093,0.398489,0.000458,0.414663,0.000721,0.561425,0.000922,0,7.129992,40.380995,0.0138,-10,158.9,2453975.78962,14.042496,14.042482,0,-9999999,0.091526,-0.336692,0.856922,0.16046,0.889038,0.42,114,9.947307,5.806136,2006-08-28T06:49:08.143,-9999999,G2,072.C-0488(E),Mayor,-9999999,HARPS_ech_obs_all,HARPS_ech_obs_thosimult,STAR_WAVE_G2,7.5344954368037e-06,4.55928347561044e-07,0,0
75779,GJ1020,11.37095,-12.88056,2453975.7911964,2.647798,1.049404,-10278.809837,1.002331,-3.231076,0.60575,-10278.561007,0.462902,-3.21947,0.605759,4.320664,4.890985,0.170131,1.104316,0.397653,0.000455,0.413542,0.000716,0.562047,0.000918,0,7.129189,40.362519,0.014453,-10,159.6,2453975.79129,14.03762,14.037644,0,-9999999,0.091526,-0.337214,0.856923,0.157304,0.889038,0.39,114,4.321966,4.876945,2006-08-28T06:51:36.360,-9999999,G2,072.C-0488(E),Mayor,-9999999,HARPS_ech_obs_all,HARPS_ech_obs_thosimult,STAR_WAVE_G2,8.45833191641812e-06,4.66669591306372e-07,0,0
75780,GJ1020,11.37095,-12.88056,2453975.7929577,2.420059,1.072194,-10278.420002,1.015752,-3.459364,0.644424,-10278.174489,0.491287,-3.449151,0.644416,2.780324,5.270457,2.232147,1.312486,0.397959,0.000482,0.414075,0.00076,0.561486,0.000973,0,7.135588,40.356004,0.0146,-10,150.5,2453975.79306,14.032494,14.032472,0,-9999999,0.091526,-0.337763,0.856923,0.153987,0.889039,0.43,114,2.789684,5.257107,2006-08-28T06:54:03.967,-9999999,G2,072.C-0488(E),Mayor,-9999999,HARPS_ech_obs_all,HARPS_ech_obs_thosimult,STAR_WAVE_G2,6.74946451088402e-06,4.61686808825869e-07,0,0
75781,GJ1020,11.37095,-12.88056,2453975.7946495,0.390636,1.085644,-10281.223443,1.024289,-5.489314,0.666562,-10280.981115,0.508701,-5.477498,0.666556,-4.633815,5.93631,2.525898,1.488578,0.398846,0.000498,0.413991,0.000785,0.560624,0.001004,0,7.136178,40.352164,0.016558,-10,145.7,2453975.79475,14.027568,14.027563,0,-9999999,0.091526,-0.33829,0.856923,0.150802,0.889039,0.42,114,-4.615581,5.919049,2006-08-28T06:56:31.275,-9999999,G2,072.C-0488(E),Mayor,-9999999,HARPS_ech_obs_all,HARPS_ech_obs_thosimult,STAR_WAVE_G2,7.41950253392662e-06,4.50337249051617e-07,0,0
75782,GJ1020,11.37095,-12.88056,2453975.79634,-1.117269,1.069205,-10282.430903,1.014379,-6.997746,0.639438,-10282.191759,0.488439,-6.987175,0.639439,-0.649724,5.731715,1.048167,1.389829,0.398334,0.000477,0.414133,0.000754,0.561373,0.000964,0,7.130114,40.36933,0.017412,-10,152.0,2453975.79644,14.022645,14.022624,0,-9999999,0.091526,-0.338817,0.856924,0.147618,0.889039,0.41,114,-0.635041,5.708084,2006-08-28T06:58:58.462,-9999999,G2,072.C-0488(E),Mayor,-9999999,HARPS_ech_obs_all,HARPS_ech_obs_thosimult,STAR_WAVE_G2,6.4142442570492e-06,6.25959394064581e-07,0,0
75783,GJ1020,11.37095,-12.88056,2453975.7980864,-2.1916,1.051949,-10283.951139,1.003508,-8.072621,0.610146,-10283.715283,0.465441,-8.063477,0.610122,1.646036,4.898164,1.394118,1.163064,0.398412,0.000456,0.414288,0.000719,0.562888,0.000922,0,7.132465,40.357998,0.013445,-10,159.1,2453975.79819,14.017557,14.017545,0,-9999999,0.091526,-0.339361,0.856924,0.14433,0.88904,0.43,114,1.651473,4.862754,2006-08-28T07:01:27.070,-9999999,G2,072.C-0488(E),Mayor,-9999999,HARPS_ech_obs_all,HARPS_ech_obs_thosimult,STAR_WAVE_G2,6.14722733537351e-06,5.1970826445433e-07,0,0
75784,GJ1020,11.37095,-12.88056,2454054.6770622,-2.218544,0.896768,-10281.752585,0.996641,-7.463872,0.264375,-10281.243481,0.172364,-7.452331,0.264368,6.845769,3.053636,9.711724,1.077602,0.394813,0.000159,0.421512,0.000255,0.558596,0.000328,128,7.132623,40.399314,0.014669,-10,448.3,2454054.67718,-21.718434,-21.718497,1,-9999999,0.098494,0.296332,0.856913,0.41061,0.981623,0.5,750,6.833692,3.009035,2006-11-15T04:03:20.587,-9999999,G2,072.C-0488(E),Mayor,-9999999,HARPS_ech_obs_all,HARPS_ech_obs_thosimult,STAR_WAVE_G2,7.12780413441123e-06,1.89604078323406e-07,0,0
75785,GJ1020,11.37095,-12.88056,2454385.7077926,3.8039,1.154674,-10275.572103,1.092077,-2.524251,0.868624,-10276.475391,0.661538,-2.504944,0.868634,9.95121,7.314244,3.742666,1.996147,0.397575,0.000638,0.421956,0.001011,0.556474,0.001294,0,7.139468,40.356812,0.015096,-10,113.6,2454385.70789,-7.065657,-7.065607,0,-9999999,0.127736,-0.786491,0.760766,-1.031024,0.868908,0.42,400,9.946497,7.308276,2007-10-12T04:48:39.230,-9999999,G2,072.C-0488(E),Mayor,-9999999,HARPS_ech_obs_all,HARPS_ech_obs_thosimult,STAR_WAVE_G2,5.27386915012868e-06,6.66266237399558e-07,0,0
75786,GJ1020,11.37095,-12.88056,2454385.7133858,1.415293,1.057906,-10278.515194,1.03689,-4.914601,0.735118,-10279.429014,0.565809,-4.904218,0.735107,-2.700712,7.152998,6.402332,1.714828,0.396491,0.000537,0.420277,0.000851,0.560123,0.001096,0,7.14017,40.353757,0.012354,-10,134.3,2454385.71352,-7.082006,-7.082066,1,-9999999,0.127736,-0.788234,0.760767,-1.041556,0.868908,0.55,400,-2.701757,7.141412,2007-10-12T04:55:50.496,-9999999,G2,072.C-0488(E),Mayor,-9999999,HARPS_ech_obs_all,HARPS_ech_obs_thosimult,STAR_WAVE_G2,4.8974017485074e-06,6.41826546946395e-07,0,0
75787,GJ1020,11.37095,-12.88056,2454386.6530164,-1.794077,0.838631,-10281.856847,0.849878,-7.20558,0.325286,-10281.262591,0.235392,-7.192638,0.325293,4.485176,4.293416,1.756335,0.774584,0.396281,0.000222,0.409829,0.00035,0.549551,0.000453,0,7.136517,40.361729,0.01414,-10,324.6,2454386.65314,-7.391949,-7.391971,0,-9999999,0.127819,0.130157,0.772975,0.466437,0.81663,0.49,400,4.50881,4.261818,2007-10-13T03:29:20.530,-9999999,G2,072.C-0488(E),Mayor,-9999999,HARPS_ech_obs_all,HARPS_ech_obs_thosimult,STAR_WAVE_G2,5.79470912085008e-06,2.25949063756809e-07,0,0
75788,GJ1020,11.37095,-12.88056,2454386.6579627,-1.265594,0.840146,-10281.375663,0.850878,-6.678639,0.329173,-10280.79072,0.238978,-6.668128,0.329171,-2.191721,3.63038,1.911691,0.739677,0.396322,0.000226,0.41084,0.000356,0.550079,0.000461,0,7.137908,40.363523,0.013185,-10,319.5,2454386.65808,-7.406583,-7.406589,0,-9999999,0.12782,0.128615,0.772975,0.457123,0.816629,0.48,400,-2.173106,3.595349,2007-10-13T03:36:31.907,-9999999,G2,072.C-0488(E),Mayor,-9999999,HARPS_ech_obs_all,HARPS_ech_obs_thosimult,STAR_WAVE_G2,6.79472965082146e-06,2.53291580258549e-07,0,0
75789,GJ1020,11.37095,-12.88056,2454387.6466228,4.290511,0.943579,-10275.724801,1.02417,-0.204501,0.395014,-10274.438894,0.292117,-0.192873,0.395015,0.8971,4.679358,3.459852,0.715617,0.396126,0.000282,0.418751,0.000441,0.561836,0.000571,0,7.133574,40.345798,0.014398,-10,258.1,2454387.64675,-7.859739,-7.859766,0,-9999999,0.127907,1.046648,0.856916,1.158,0.981627,0.53,400,0.896447,4.678382,2007-10-14T03:19:54.324,-9999999,G2,072.C-0488(E),Mayor,-9999999,HARPS_ech_obs_all,HARPS_ech_obs_thosimult,STAR_WAVE_G2,7.33127842729114e-06,3.12457917408654e-07,0,0
75790,GJ1020,11.37095,-12.88056,2454387.651243,1.400093,0.93518,-10277.992936,1.018988,-3.096359,0.37451,-10276.715728,0.273399,-3.086126,0.374486,-1.068167,3.800798,-0.446508,0.809638,0.395843,0.000263,0.41861,0.000413,0.561862,0.000535,0,7.132463,40.373708,0.015431,-10,275.6,2454387.65135,-7.873362,-7.873347,0,-9999999,0.127908,1.045208,0.856915,1.1493,0.981626,0.45,400,-1.065551,3.784201,2007-10-14T03:27:05.521,-9999999,G2,072.C-0488(E),Mayor,-9999999,HARPS_ech_obs_all,HARPS_ech_obs_thosimult,STAR_WAVE_G2,6.34159560220115e-06,3.28868127115906e-07,0,0
75791,GJ1020,11.37095,-12.88056,2454388.6807617,0.39893,0.935336,-10279.259108,0.68681,-2.869293,0.411062,-10277.33059,0.304043,-2.859404,0.411064,-4.586262,3.633169,2.735618,0.894611,0.395948,0.000289,0.410165,0.000455,0.562033,0.000589,0,7.135726,40.355812,0.015237,-10,250.1,2454388.68087,-8.445324,-8.445329,0,-9999999,0.127999,2.273437,0.840167,1.800519,0.615846,0.49,400,-4.599032,3.620323,2007-10-15T04:09:22.364,-9999999,G2,072.C-0488(E),Mayor,-9999999,HARPS_ech_obs_all,HARPS_ech_obs_thosimult,STAR_WAVE_G2,6.8031074987409e-06,3.01745749899824e-07,0,0
75792,GJ1020,11.37095,-12.88056,2454388.6856126,-1.84804,0.935282,-10280.816614,0.687398,-5.117775,0.410941,-10278.897231,0.30537,-5.104318,0.410946,-8.232666,5.018693,5.165311,0.846949,0.396587,0.00029,0.409579,0.000457,0.560777,0.00059,0,7.136581,40.339238,0.013815,-10,249.4,2454388.68572,-8.45969,-8.459686,0,-9999999,0.127999,2.271925,0.840167,1.791384,0.615846,0.46,400,-8.229286,5.000273,2007-10-15T04:16:33.491,-9999999,G2,072.C-0488(E),Mayor,-9999999,HARPS_ech_obs_all,HARPS_ech_obs_thosimult,STAR_WAVE_G2,6.80465231860814e-06,3.23095238720349e-07,0,0
75793,GJ1020,11.37095,-12.88056,2454389.7022337,-0.696446,1.089029,-10280.600974,0.877846,-3.839525,0.731218,-10278.771404,0.562295,-3.830903,0.731213,-2.114044,6.575226,5.711959,1.897218,0.395532,0.000548,0.410035,0.000861,0.552484,0.001116,0,7.141769,40.361671,0.012325,-10,132.7,2454389.70235,-8.990145,-8.990131,0,-9999999,0.128089,2.398581,0.807035,1.701481,0.67412,0.47,400,-2.105896,6.565302,2007-10-16T04:40:28.089,-9999999,G2,072.C-0488(E),Mayor,-9999999,HARPS_ech_obs_all,HARPS_ech_obs_thosimult,STAR_WAVE_G2,5.12926273242758e-06,6.48392504051658e-07,0,0
75794,GJ1020,11.37095,-12.88056,2454389.7071745,3.016294,1.100225,-10277.266645,0.88467,-0.128325,0.74779,-10275.446379,0.572891,-0.112724,0.747758,-2.239407,6.344617,6.641107,1.830876,0.39599,0.00056,0.41176,0.000882,0.551006,0.001139,0,7.140908,40.350292,0.013019,-10,129.9,2454389.70728,-9.004452,-9.004402,0,-9999999,0.128089,2.397041,0.807035,1.692177,0.67412,0.46,400,-2.260198,6.344521,2007-10-16T04:47:38.985,-9999999,G2,072.C-0488(E),Mayor,-9999999,HARPS_ech_obs_all,HARPS_ech_obs_thosimult,STAR_WAVE_G2,8.3092746816881e-06,5.9171561863488e-07,0,0
75795,GJ1020,11.37095,-12.88056,2454390.6949491,0.426638,0.849433,-10280.001259,0.824745,-3.989888,0.349089,-10278.633076,0.259136,-3.97842,0.34909,-6.500539,3.813235,-1.41697,0.64693,0.395885,0.000244,0.418429,0.000383,0.563276,0.000498,0,7.129504,40.381533,0.014878,-10,296.5,2454390.69506,-9.44783,-9.447811,1,-9999999,0.128177,1.125134,0.774386,1.240006,0.782977,0.47,400,-6.502588,3.796209,2007-10-17T04:30:01.318,-9999999,G2,072.C-0488(E),Mayor,-9999999,HARPS_ech_obs_all,HARPS_ech_obs_thosimult,STAR_WAVE_G2,6.42468967756164e-06,2.74093127410885e-07,0,0
75796,GJ1020,11.37095,-12.88056,2454390.6998877,-3.441484,0.852115,-10283.28268,0.826645,-7.859549,0.355565,-10281.923796,0.265123,-7.849061,0.355557,-3.615036,4.336957,2.84874,0.758404,0.39552,0.000249,0.419157,0.000392,0.564256,0.000509,0,7.133453,40.362707,0.017068,-10,290.2,2454390.69999,-9.462197,-9.462148,0,-9999999,0.128177,1.123595,0.774386,1.230707,0.782977,0.46,400,-3.623604,4.301192,2007-10-17T04:37:12.024,-9999999,G2,072.C-0488(E),Mayor,-9999999,HARPS_ech_obs_all,HARPS_ech_obs_thosimult,STAR_WAVE_G2,7.33010583693268e-06,2.80322045086317e-07,0,0
75797,GJ1020,11.37095,-12.88056,2454392.6544171,2.867691,1.001509,-10277.487692,1.062319,-2.144659,0.51838,-10276.643852,0.40612,-2.134074,0.51836,5.256373,4.296718,2.876201,1.104609,0.396606,0.000407,0.415945,0.000629,0.564365,0.000819,0,7.134073,40.361783,0.014256,-10,181.1,2454392.65453,-10.277591,-10.277601,0,-9999999,0.12835,0.52931,0.856915,0.71549,0.981626,0.48,400,5.23216,4.288374,2007-10-19T03:31:40.901,-9999999,G2,072.C-0488(E),Mayor,-9999999,HARPS_ech_obs_all,HARPS_ech_obs_thosimult,STAR_WAVE_G2,6.2763954599103e-06,4.63401431464058e-07,0,0
75798,GJ1020,11.37095,-12.88056,2454392.6594938,1.348712,0.979907,-10278.985472,1.049129,-3.66522,0.475307,-10278.151192,0.37025,-3.654322,0.475284,-5.703923,4.320684,2.414771,1.075543,0.396998,0.000362,0.416893,0.000564,0.564231,0.000734,0,7.133037,40.365793,0.014409,-10,202.0,2454392.65961,-10.292619,-10.292636,0,-9999999,0.12835,0.527728,0.856914,0.70593,0.981625,0.5,400,-5.723385,4.303848,2007-10-19T03:38:51.547,-9999999,G2,072.C-0488(E),Mayor,-9999999,HARPS_ech_obs_all,HARPS_ech_obs_thosimult,STAR_WAVE_G2,6.98769554134072e-06,3.43543407538732e-07,0,0
75799,GJ1020,11.37095,-12.88056,2454393.7069222,-0.692095,0.924286,-10280.615226,1.015882,-5.701304,0.34642,-10279.898266,0.261598,-5.687985,0.346418,-2.852849,3.240049,0.027725,0.729402,0.395706,0.000248,0.411593,0.000391,0.559834,0.000503,0,7.132098,40.37507,0.015097,-10,292.1,2454393.70703,-10.90052,-10.900498,1,-9999999,0.128443,0.532451,0.856912,0.588517,0.981623,0.48,400,-2.855178,3.211125,2007-10-20T04:47:20.536,-9999999,G2,072.C-0488(E),Mayor,-9999999,HARPS_ech_obs_all,HARPS_ech_obs_thosimult,STAR_WAVE_G2,6.88094535806184e-06,3.01204273654809e-07,0,0
75800,GJ1020,11.37095,-12.88056,2454393.7118179,-0.90594,0.9199,-10281.220763,1.013085,-5.916675,0.334541,-10280.513022,0.250516,-5.905912,0.334549,-2.905246,3.439904,-2.017606,0.593593,0.395609,0.000236,0.411475,0.000372,0.560423,0.00048,0,7.130747,40.377329,0.016108,-10,306.7,2454393.71193,-10.914288,-10.914259,0,-9999999,0.128443,0.530925,0.856912,0.579298,0.981623,0.46,400,-2.914111,3.407775,2007-10-20T04:54:31.542,-9999999,G2,072.C-0488(E),Mayor,-9999999,HARPS_ech_obs_all,HARPS_ech_obs_thosimult,STAR_WAVE_G2,7.06122698392177e-06,2.73098190092114e-07,0,0
75801,GJ1020,11.37095,-12.88056,2454423.5678568,0.119846,0.849378,-10279.837352,0.798955,-4.869267,0.522407,-10279.217228,0.405364,-4.857346,0.522423,4.342031,5.685182,-0.034676,1.06287,0.394907,0.000384,0.412504,0.000611,0.55982,0.000786,0,7.129639,40.370574,0.018537,-10,187.8,2454423.56797,-22.691879,-22.691972,0,-9999999,0.13108,0.552546,0.669727,0.489044,0.688483,0.49,450,4.348468,5.669608,2007-11-19T01:29:03.913,-9999999,G2,072.C-0488(E),Mayor,-9999999,HARPS_ech_obs_all,HARPS_ech_obs_thosimult,STAR_WAVE_G2,6.6322407510223e-06,3.12469082990415e-07,0,0
75802,GJ1020,11.37095,-12.88056,2454423.5733655,2.988355,0.857087,-10276.931291,0.803634,-2.002475,0.534852,-10276.321539,0.414515,-1.993177,0.534842,-0.035248,5.885771,3.424348,1.074666,0.396011,0.000395,0.412159,0.000625,0.559152,0.000805,0,7.131698,40.354105,0.013748,-10,183.5,2454423.57348,-22.707358,-22.707443,0,-9999999,0.131081,0.55083,0.669725,0.478671,0.68848,0.48,450,-0.038249,5.880419,2007-11-19T01:37:04.398,-9999999,G2,072.C-0488(E),Mayor,-9999999,HARPS_ech_obs_all,HARPS_ech_obs_thosimult,STAR_WAVE_G2,6.8098323222877e-06,3.76158906522654e-07,0,0
75803,GJ1020,11.37095,-12.88056,2454424.5497485,-0.002459,0.658936,-10279.615426,0.530962,-4.425397,0.386378,-10278.542929,0.292532,-4.414943,0.386385,3.269291,3.376013,-0.728349,0.686047,0.39546,0.00028,0.411691,0.000441,0.548384,0.000569,0,7.133523,40.373155,0.013912,-10,259.7,2454424.54986,-22.959006,-22.959095,0,-9999999,0.131167,1.118721,0.533768,0.94133,0.443109,0.47,450,3.270034,3.351933,2007-11-20T01:03:14.819,-9999999,G2,072.C-0488(E),Mayor,-9999999,HARPS_ech_obs_all,HARPS_ech_obs_thosimult,STAR_WAVE_G2,7.17604620788723e-06,2.64887489589803e-07,0,0
75804,GJ1020,11.37095,-12.88056,2454424.5553187,2.982885,0.657022,-10276.552283,0.529507,-1.441789,0.38311,-10275.490274,0.289891,-1.431201,0.383103,5.815144,3.593674,2.167685,0.903744,0.395303,0.000278,0.410914,0.000437,0.547561,0.000564,0,7.134312,40.357687,0.014422,-10,261.8,2454424.55543,-22.974547,-22.974618,0,-9999999,0.131168,1.116986,0.533765,0.930841,0.443104,0.47,450,5.811891,3.58921,2007-11-20T01:11:16.125,-9999999,G2,072.C-0488(E),Mayor,-9999999,HARPS_ech_obs_all,HARPS_ech_obs_thosimult,STAR_WAVE_G2,7.24440578678218e-06,2.90062114952504e-07,0,0
75805,GJ1020,11.37095,-12.88056,2454426.5888028,1.942807,0.56024,-10278.224973,0.546972,-3.401497,0.296291,-10277.668523,0.21217,-3.393625,0.296284,-2.967189,2.991133,-3.945224,0.780454,0.395684,0.000204,0.410679,0.00032,0.546659,0.000413,0,7.136112,40.380671,0.015284,-10,358.1,2454426.58891,-23.682248,-23.68234,0,-9999999,0.131347,0.197356,0.475479,0.425103,0.504145,0.47,450,-2.964355,2.972746,2007-11-22T01:59:42.812,-9999999,G2,072.C-0488(E),Mayor,-9999999,HARPS_ech_obs_all,HARPS_ech_obs_thosimult,STAR_WAVE_G2,6.65241376553587e-06,3.00067685270167e-07,0,0
75806,GJ1020,11.37095,-12.88056,2454426.5944271,-0.087952,0.558377,-10280.117649,0.545403,-5.434009,0.292758,-10279.571789,0.2081,-5.42356,0.292756,-3.476466,3.350131,-6.065859,0.725857,0.394998,0.000198,0.410951,0.000312,0.546163,0.000402,0,7.134046,40.384039,0.015401,-10,366.8,2454426.59454,-23.697707,-23.697815,0,-9999999,0.131348,0.195603,0.475476,0.414512,0.504141,0.48,450,-3.47248,3.320571,2007-11-22T02:07:44.298,-9999999,G2,072.C-0488(E),Mayor,-9999999,HARPS_ech_obs_all,HARPS_ech_obs_thosimult,STAR_WAVE_G2,7.04217369759308e-06,2.38009907976941e-07,0,0
75807,GJ1020,11.37095,-12.88056,2454427.6074749,-2.213993,0.591235,-10282.179143,0.684175,-7.870938,0.250802,-10281.951891,0.155465,-7.859512,0.250805,-0.374848,3.472022,8.872447,1.081934,0.39477,0.000149,0.420147,0.000233,0.557786,0.000301,128,7.134672,40.397635,0.013019,-10,490.0,2454427.6076,-24.029495,-24.029613,1,-9999999,0.131437,-0.115286,0.535403,0.095815,0.666277,0.5,900,-0.362978,3.42745,2007-11-23T02:22:44.567,-9999999,G2,072.C-0488(E),Mayor,-9999999,HARPS_ech_obs_all,HARPS_ech_obs_thosimult,STAR_WAVE_G2,7.27565651565191e-06,1.89301070873339e-07,0,0
75808,GJ1020,11.37095,-12.88056,2454428.5696626,0.117327,0.917508,-10279.911174,0.622077,-4.910127,0.327849,-10278.943664,0.234853,-4.900587,0.32786,1.381019,3.140144,-3.413685,0.729579,0.396337,0.000232,0.41196,0.000361,0.55677,0.000465,0,7.135965,40.376141,0.013844,-10,317.6,2454428.56978,-24.216155,-24.216283,1,-9999999,0.131522,0.514206,0.856934,0.835988,0.576042,0.49,450,1.389062,3.11285,2007-11-24T01:32:13.755,-9999999,G2,072.C-0488(E),Mayor,-9999999,HARPS_ech_obs_all,HARPS_ech_obs_thosimult,STAR_WAVE_G2,7.5579792796248e-06,2.51306248736239e-07,0,0
75809,GJ1020,11.37095,-12.88056,2454428.5750772,-0.179861,0.91717,-10280.72795,0.621474,-5.209002,0.326907,-10279.770635,0.233259,-5.198919,0.326915,0.248534,2.77348,-4.388907,0.668093,0.396458,0.000231,0.411643,0.000359,0.556305,0.000462,0,7.133541,40.38203,0.014968,-10,319.7,2454428.57518,-24.231123,-24.231215,1,-9999999,0.131523,0.512518,0.856932,0.825792,0.576039,0.46,450,0.258911,2.740581,2007-11-24T01:40:15.111,-9999999,G2,072.C-0488(E),Mayor,-9999999,HARPS_ech_obs_all,HARPS_ech_obs_thosimult,STAR_WAVE_G2,6.57825984745782e-06,2.02790850037837e-07,0,0
75810,GJ1020,11.37095,-12.88056,2454446.6196611,1.126703,0.963067,-10278.643876,0.966132,-4.431457,0.537175,-10278.208898,0.414009,-4.4216,0.537166,-6.150566,4.010735,-0.089342,1.140635,0.393992,0.000387,0.409553,0.000614,0.546402,0.000793,0,7.136835,40.366579,0.014576,-10,186.3,2454446.61976,-28.2818,-28.281915,0,-9999999,0.133117,-0.0165,0.799337,0.301861,0.87293,0.46,200,-6.1397,3.994667,2007-12-12T02:48:39.057,-9999999,G2,072.C-0488(E),Mayor,-9999999,HARPS_ech_obs_all,HARPS_ech_obs_thosimult,STAR_WAVE_G2,7.0816470315612e-06,4.34705839627692e-07,0,0
75811,GJ1020,11.37095,-12.88056,2454446.6223277,3.341539,0.971252,-10276.645813,0.971869,-2.217452,0.551716,-10276.215857,0.427228,-2.207131,0.551719,0.19134,5.276097,2.127188,0.939799,0.395251,0.000401,0.410324,0.000636,0.546684,0.000821,0,7.136627,40.359611,0.015241,-10,179.9,2454446.62244,-28.287167,-28.287301,1,-9999999,0.133117,-0.017331,0.799337,0.296839,0.87293,0.46,200,0.196275,5.27292,2007-12-12T02:52:29.469,-9999999,G2,072.C-0488(E),Mayor,-9999999,HARPS_ech_obs_all,HARPS_ech_obs_thosimult,STAR_WAVE_G2,6.10416099625361e-06,4.84279864167004e-07,0,0
75812,GJ1020,11.37095,-12.88056,2454446.6250069,2.091189,0.968221,-10277.88662,0.969289,-3.468637,0.546363,-10277.461709,0.421327,-3.457573,0.546362,-1.22823,4.567541,2.468739,1.006826,0.395286,0.000394,0.409856,0.000625,0.54716,0.000807,0,7.137986,40.349562,0.014593,-10,183.2,2454446.62511,-28.292484,-28.29259,1,-9999999,0.133117,-0.018166,0.799336,0.291794,0.872929,0.46,200,-1.208964,4.558157,2007-12-12T02:56:20.972,-9999999,G2,072.C-0488(E),Mayor,-9999999,HARPS_ech_obs_all,HARPS_ech_obs_thosimult,STAR_WAVE_G2,8.06384059461008e-06,4.43102518214765e-07,0,0
75813,GJ1020,11.37095,-12.88056,2454446.6276613,1.393526,0.980945,-10277.983637,0.976442,-4.167127,0.568608,-10277.563724,0.437532,-4.157432,0.568598,3.149631,4.526085,3.682859,1.091845,0.394363,0.000405,0.40966,0.000645,0.547199,0.000834,0,7.136843,40.354523,0.013632,-10,177.1,2454446.62777,-28.297676,-28.297801,1,-9999999,0.133117,-0.018993,0.799336,0.286796,0.872929,0.45,200,3.158823,4.514455,2007-12-12T03:00:12.334,-9999999,G2,072.C-0488(E),Mayor,-9999999,HARPS_ech_obs_all,HARPS_ech_obs_thosimult,STAR_WAVE_G2,5.35385678942094e-06,4.86008958154028e-07,0,0
75814,GJ1020,11.37095,-12.88056,2454447.5820369,6.019646,0.810439,-10273.864732,0.720208,0.690611,0.655058,-10273.616653,0.506258,0.700591,0.655052,7.749379,5.197573,4.934584,1.221509,0.395051,0.000463,0.412918,0.000746,0.546952,0.00096,0,7.13752,40.343069,0.012005,-10,154.1,2454447.58214,-28.33738,-28.337538,0,-9999999,0.133202,0.212625,0.47719,0.114877,0.512252,0.45,200,7.763391,5.199115,2007-12-13T01:54:38.117,-9999999,G2,072.C-0488(E),Mayor,-9999999,HARPS_ech_obs_all,HARPS_ech_obs_thosimult,STAR_WAVE_G2,7.75170414720621e-06,4.8603349146426e-07,0,0
75815,GJ1020,11.37095,-12.88056,2454447.5847492,-2.388795,0.736964,-10282.086937,0.670845,-7.718675,0.561611,-10281.843965,0.433165,-7.684739,0.561651,-0.729538,5.47832,2.023077,1.13146,0.394952,0.000392,0.411285,0.00063,0.545584,0.000812,0,7.136432,40.349772,0.014347,-10,181.8,2454447.58486,-28.343663,-28.34382,0,-9999999,0.133202,0.21178,0.477188,0.10977,0.512251,0.47,200,-0.727792,5.451098,2007-12-13T01:58:28.480,-9999999,G2,072.C-0488(E),Mayor,-9999999,HARPS_ech_obs_all,HARPS_ech_obs_thosimult,STAR_WAVE_G2,7.85749679857561e-06,3.81688520280057e-07,0,0
75816,GJ1020,11.37095,-12.88056,2454447.5873602,-3.750418,0.712303,-10283.484647,0.654216,-9.081112,0.528837,-10283.246592,0.406939,-9.072049,0.528855,5.464024,5.003199,-1.825415,1.047899,0.394904,0.000366,0.412045,0.00059,0.547197,0.00076,0,7.134703,40.366645,0.015624,-10,194.2,2454447.58746,-28.349658,-28.349806,0,-9999999,0.133202,0.210966,0.477187,0.104853,0.512249,0.44,200,5.482278,4.972291,2007-12-13T02:02:20.093,-9999999,G2,072.C-0488(E),Mayor,-9999999,HARPS_ech_obs_all,HARPS_ech_obs_thosimult,STAR_WAVE_G2,8.18851521084731e-06,4.14372367854363e-07,0,0
75817,GJ1020,11.37095,-12.88056,2454447.5900648,2.859828,0.719111,-10276.599658,0.659188,-2.471709,0.537973,-10276.366695,0.414887,-2.461351,0.537978,1.838094,5.194212,1.233267,1.159324,0.394809,0.000376,0.410443,0.000603,0.54715,0.000779,0,7.134232,40.361137,0.01572,-10,189.5,2454447.59017,-28.355812,-28.355974,0,-9999999,0.133202,0.210123,0.477185,0.099761,0.512247,0.45,200,1.858678,5.186382,2007-12-13T02:06:11.786,-9999999,G2,072.C-0488(E),Mayor,-9999999,HARPS_ech_obs_all,HARPS_ech_obs_thosimult,STAR_WAVE_G2,7.02052495600869e-06,4.38813255041337e-07,0,0
75818,GJ1020,11.37095,-12.88056,2454448.5845315,-0.429774,0.787623,-10279.92748,0.820449,-5.221178,0.586505,-10279.247685,0.453494,-5.210257,0.586503,0.908713,5.553744,-3.33172,1.109615,0.395697,0.00041,0.411193,0.000662,0.546812,0.000853,0,7.134198,40.377254,0.014751,-10,173.1,2454448.58464,-28.472208,-28.472372,0,-9999999,0.13329,0.750256,0.525701,0.546505,0.683725,0.44,200,0.895105,5.533004,2007-12-14T01:58:23.796,-9999999,G2,072.C-0488(E),Mayor,-9999999,HARPS_ech_obs_all,HARPS_ech_obs_thosimult,STAR_WAVE_G2,6.99167334011381e-06,4.94090215129609e-07,0,0
75819,GJ1020,11.37095,-12.88056,2454448.5872381,-2.136422,0.852118,-10281.617716,0.857633,-6.928669,0.67063,-10280.943017,0.517742,-6.919565,0.670626,3.393915,5.803991,2.048895,1.344774,0.395611,0.000477,0.411465,0.000766,0.546954,0.000987,0,7.136301,40.341974,0.01466,-10,149.8,2454448.58735,-28.478341,-28.478515,0,-9999999,0.13329,0.749413,0.525699,0.541409,0.683724,0.45,200,3.388955,5.780896,2007-12-14T02:02:15.668,-9999999,G2,072.C-0488(E),Mayor,-9999999,HARPS_ech_obs_all,HARPS_ech_obs_thosimult,STAR_WAVE_G2,6.83830381290249e-06,5.81364955754414e-07,0,0
75820,GJ1020,11.37095,-12.88056,2454448.5899477,0.651615,0.80376,-10278.849478,0.830058,-4.141477,0.608006,-10278.179881,0.470659,-4.1389,0.608044,-5.767288,5.381043,-0.621163,1.225556,0.395537,0.000428,0.412216,0.00069,0.547834,0.000889,0,7.134979,40.367208,0.015178,-10,166.1,2454448.59005,-28.484422,-28.484574,0,-9999999,0.133291,0.748568,0.525698,0.536306,0.683722,0.46,200,-5.775932,5.367389,2007-12-14T02:06:07.801,-9999999,G2,072.C-0488(E),Mayor,-9999999,HARPS_ech_obs_all,HARPS_ech_obs_thosimult,STAR_WAVE_G2,7.60005545722255e-06,5.72302118121226e-07,0,0
75821,GJ1020,11.37095,-12.88056,2454448.5925521,1.045846,0.837446,-10278.24788,0.84981,-3.748057,0.651888,-10277.583187,0.504681,-3.735761,0.651887,-4.881186,6.460514,-4.660091,1.325683,0.395641,0.000462,0.41001,0.000743,0.546437,0.000958,0,7.133222,40.376809,0.016331,-10,154.0,2454448.59266,-28.490208,-28.490366,0,-9999999,0.133291,0.747757,0.525697,0.531402,0.683721,0.43,200,-4.894848,6.45018,2007-12-14T02:09:58.843,-9999999,G2,072.C-0488(E),Mayor,-9999999,HARPS_ech_obs_all,HARPS_ech_obs_thosimult,STAR_WAVE_G2,6.87777078639052e-06,5.55153612591284e-07,0,0
75822,GJ1020,11.37095,-12.88056,2454449.5887677,0.873353,0.913804,-10279.458943,0.868846,-3.566395,0.726423,-10278.295643,0.561703,-3.554009,0.72644,7.111897,5.754864,1.185345,1.367297,0.395236,0.000524,0.411861,0.00084,0.558219,0.001081,0,7.132733,40.371416,0.016147,-10,136.9,2454449.58887,-28.601404,-28.601573,0,-9999999,0.133379,1.101912,0.55439,1.029921,0.66286,0.46,200,7.112634,5.741961,2007-12-15T02:04:34.006,-9999999,G2,072.C-0488(E),Mayor,-9999999,HARPS_ech_obs_all,HARPS_ech_obs_thosimult,STAR_WAVE_G2,6.50350869874425e-06,5.9419411688263e-07,0,0
75823,GJ1020,11.37095,-12.88056,2454449.5914927,-1.109999,0.934433,-10280.565061,0.88044,-5.550596,0.752209,-10279.406893,0.579476,-5.539475,0.752189,-8.808557,5.983082,2.499566,1.58011,0.39573,0.000535,0.411757,0.000862,0.559286,0.00111,0,7.133519,40.350004,0.012851,-10,133.4,2454449.5916,-28.607394,-28.607558,0,-9999999,0.133379,1.101062,0.554389,1.024789,0.662859,0.48,200,-8.799488,5.968226,2007-12-15T02:08:25.469,-9999999,G2,072.C-0488(E),Mayor,-9999999,HARPS_ech_obs_all,HARPS_ech_obs_thosimult,STAR_WAVE_G2,7.9228027601972e-06,5.58044406570466e-07,0,0
75824,GJ1020,11.37095,-12.88056,2454449.5940553,1.514405,0.998037,-10279.41731,0.91803,-2.926991,0.829899,-10278.263967,0.635137,-2.917122,0.829897,-13.797679,8.33017,1.190619,1.598141,0.395064,0.000592,0.420593,0.000952,0.557068,0.001226,0,7.137904,40.363205,0.016805,-10,120.6,2454449.59416,-28.612967,-28.613128,0,-9999999,0.133379,1.100264,0.554388,1.019964,0.662857,0.43,200,-13.794998,8.323166,2007-12-15T02:12:16.901,-9999999,G2,072.C-0488(E),Mayor,-9999999,HARPS_ech_obs_all,HARPS_ech_obs_thosimult,STAR_WAVE_G2,8.47338723566565e-06,5.64853508894496e-07,0,0
75825,GJ1020,11.37095,-12.88056,2454449.5968531,1.758887,0.973061,-10278.153101,0.903579,-2.683381,0.79969,-10277.005025,0.614066,-2.67276,0.799733,-0.42047,8.061062,4.987488,1.653153,0.395448,0.000572,0.420477,0.000918,0.558124,0.001184,0,7.142182,40.342111,0.013418,-10,125.0,2454449.59696,-28.618985,-28.619157,0,-9999999,0.13338,1.099392,0.554387,1.014696,0.662856,0.48,200,-0.428558,8.053289,2007-12-15T02:16:08.653,-9999999,G2,072.C-0488(E),Mayor,-9999999,HARPS_ech_obs_all,HARPS_ech_obs_thosimult,STAR_WAVE_G2,8.04761895832874e-06,7.13663039319881e-07,0,0
75826,GJ1020,11.37095,-12.88056,2454450.5669113,0.327196,0.73536,-10280.257884,0.687478,-5.259155,0.517332,-10279.934923,0.399807,-5.248922,0.517331,0.168759,4.521814,-1.208748,1.160386,0.394455,0.000367,0.418748,0.000587,0.556596,0.000757,0,7.135574,40.378609,0.015169,-10,194.8,2454450.56702,-28.662251,-28.662443,0,-9999999,0.133465,-0.044691,0.522611,0.189496,0.559268,0.48,200,0.169821,4.500425,2007-12-16T01:33:09.631,-9999999,G2,072.C-0488(E),Mayor,-9999999,HARPS_ech_obs_all,HARPS_ech_obs_thosimult,STAR_WAVE_G2,7.28796704213739e-06,3.79086004105824e-07,0,0
75827,GJ1020,11.37095,-12.88056,2454450.5694768,-2.428797,0.740129,-10283.187183,0.692371,-8.015948,0.52409,-10282.869052,0.408165,-8.00376,0.524097,-5.808363,4.752401,-2.218238,1.138958,0.394336,0.000386,0.418589,0.00061,0.55841,0.000789,0,7.135163,40.381264,0.01273,-10,187.5,2454450.56958,-28.668249,-28.668431,0,-9999999,0.133466,-0.045491,0.52261,0.184665,0.559266,0.43,200,-5.794733,4.722927,2007-12-16T01:37:01.313,-9999999,G2,072.C-0488(E),Mayor,-9999999,HARPS_ech_obs_all,HARPS_ech_obs_thosimult,STAR_WAVE_G2,8.00388699016291e-06,3.89163467522076e-07,0,0
75828,GJ1020,11.37095,-12.88056,2454450.5722641,0.801635,0.8193,-10279.665409,0.746656,-4.786384,0.630978,-10279.352526,0.49469,-4.78014,0.630985,-3.170812,6.066147,-0.035328,1.096735,0.394263,0.000503,0.419387,0.00078,0.555247,0.001004,0,7.139581,40.360486,0.01503,-10,147.4,2454450.57238,-28.674713,-28.674906,0,-9999999,0.133466,-0.046359,0.522608,0.179417,0.559265,0.48,200,-3.159252,6.051727,2007-12-16T01:40:52.156,-9999999,G2,072.C-0488(E),Mayor,-9999999,HARPS_ech_obs_all,HARPS_ech_obs_thosimult,STAR_WAVE_G2,6.70542172915512e-06,4.67557969648224e-07,0,0
75829,GJ1020,11.37095,-12.88056,2454450.5754237,0.09824,0.730951,-10279.936846,0.684878,-5.490764,0.511049,-10279.629913,0.395326,-5.480673,0.511051,-4.367167,4.613303,0.470097,1.072059,0.394181,0.000366,0.418708,0.000583,0.556046,0.000752,0,7.134865,40.368215,0.014726,-10,196.2,2454450.57553,-28.681971,-28.682141,0,-9999999,0.133466,-0.047344,0.522607,0.173467,0.559263,0.44,200,-4.363064,4.590942,2007-12-16T01:45:33.172,-9999999,G2,072.C-0488(E),Mayor,-9999999,HARPS_ech_obs_all,HARPS_ech_obs_thosimult,STAR_WAVE_G2,6.20845590238805e-06,4.17877142747662e-07,0,0
75830,GJ1020,11.37095,-12.88056,2454452.5635721,1.737763,0.807442,-10278.420809,0.825007,-2.609846,0.467473,-10276.734436,0.357667,-2.598057,0.467479,-4.083829,4.696073,1.193472,1.012396,0.39406,0.000327,0.417204,0.000521,0.555674,0.000673,0,7.13456,40.366258,0.015855,-10,218.7,2454452.56368,-28.849078,-28.849271,1,-9999999,0.133642,1.194051,0.658355,1.552731,0.743446,0.46,280,-4.077273,4.69003,2007-12-18T01:28:04.775,-9999999,G2,072.C-0488(E),Mayor,-9999999,HARPS_ech_obs_all,HARPS_ech_obs_thosimult,STAR_WAVE_G2,6.7307144362378e-06,3.44786943499892e-07,0,0
75831,GJ1020,11.37095,-12.88056,2454452.5671784,-5.078184,0.822822,-10285.744275,0.834812,-9.426917,0.493566,-10284.064693,0.379739,-9.415894,0.49355,-2.00268,4.366383,-2.496317,1.020004,0.394393,0.00035,0.418766,0.000558,0.557212,0.00072,0,7.132822,40.380961,0.017511,-10,204.7,2454452.56729,-28.857372,-28.857576,1,-9999999,0.133642,1.192927,0.658353,1.54594,0.743444,0.46,280,-1.993719,4.330945,2007-12-18T01:33:16.392,-9999999,G2,072.C-0488(E),Mayor,-9999999,HARPS_ech_obs_all,HARPS_ech_obs_thosimult,STAR_WAVE_G2,6.80479425148841e-06,3.93542261180658e-07,0,0
75832,GJ1020,11.37095,-12.88056,2454452.5707808,2.527191,0.830852,-10277.561145,0.839767,-1.822664,0.506842,-10275.888346,0.390515,-1.811885,0.50684,-4.475448,4.256549,-0.18029,1.066759,0.394486,0.000358,0.418786,0.000572,0.557571,0.000738,0,7.132485,40.361151,0.015136,-10,199.8,2454452.57089,-28.86556,-28.865758,0,-9999999,0.133642,1.191805,0.658352,1.539157,0.743442,0.46,280,-4.472469,4.250186,2007-12-18T01:38:27.669,-9999999,G2,072.C-0488(E),Mayor,-9999999,HARPS_ech_obs_all,HARPS_ech_obs_thosimult,STAR_WAVE_G2,7.13861417969799e-06,4.21809479712559e-07,0,0
75833,GJ1020,11.37095,-12.88056,2454454.5994083,0.796049,0.667723,-10279.743852,0.702524,-4.564949,0.387405,-10279.011724,0.290512,-4.542484,0.387397,3.451454,3.664634,-2.395544,0.752644,0.395548,0.00027,0.407687,0.000427,0.545228,0.000552,0,7.135845,40.368059,0.015925,-10,267.8,2454454.59952,-29.083072,-29.083241,0,-9999999,0.133822,0.180661,0.543849,0.598306,0.639643,0.47,280,3.451592,3.64173,2007-12-20T02:19:55.093,-9999999,G2,072.C-0488(E),Mayor,-9999999,HARPS_ech_obs_all,HARPS_ech_obs_thosimult,STAR_WAVE_G2,5.5620200960527e-06,3.19651127146198e-07,0,0
75834,GJ1020,11.37095,-12.88056,2454454.6029807,-2.293399,0.666751,-10282.707789,0.701435,-7.655511,0.38573,-10281.982388,0.287871,-7.64457,0.385726,-3.799806,3.666621,-4.345511,0.782015,0.39526,0.000267,0.407269,0.000422,0.545933,0.000546,0,7.135052,40.385947,0.015624,-10,270.7,2454454.60309,-29.089899,-29.090073,0,-9999999,0.133822,0.179548,0.543847,0.591579,0.639642,0.46,280,-3.807657,3.623865,2007-12-20T02:25:06.580,-9999999,G2,072.C-0488(E),Mayor,-9999999,HARPS_ech_obs_all,HARPS_ech_obs_thosimult,STAR_WAVE_G2,6.34838292802954e-06,3.0960196189556e-07,0,0
75835,GJ1020,11.37095,-12.88056,2454454.6066188,0.965546,0.665452,-10279.57613,0.700501,-4.397699,0.383481,-10278.857579,0.285591,-4.388577,0.38349,2.155994,3.709508,-4.550652,0.82109,0.39599,0.000266,0.407482,0.000419,0.544959,0.000542,0,7.133786,40.380769,0.016481,-10,272.5,2454454.60673,-29.09671,-29.096875,0,-9999999,0.133822,0.178415,0.543846,0.584729,0.63964,0.47,280,2.154164,3.686346,2007-12-20T02:30:18.137,-9999999,G2,072.C-0488(E),Mayor,-9999999,HARPS_ech_obs_all,HARPS_ech_obs_thosimult,STAR_WAVE_G2,7.52116599951149e-06,2.87843381136006e-07,0,0
75836,GJ1020,11.37095,-12.88056,2454739.680737,-2.322067,0.789078,-10282.946631,0.737443,-5.867836,0.549379,-10280.799085,0.430036,-5.850059,0.549367,1.120882,5.623404,3.596421,1.447056,0.396459,0.000409,0.419568,0.000641,0.56154,0.000828,0,7.135655,40.361553,0.014391,-10,177.8,2454739.68085,-1.424278,-1.424234,0,-9999999,0.159004,1.995891,0.566416,1.988542,0.599075,0.48,300,1.14766,5.604719,2008-09-30T04:09:52.932,-9999999,G2,072.C-0488(E),Mayor,-9999999,HARPS_ech_obs_all,HARPS_ech_obs_thosimult,STAR_WAVE_G2,7.11249112138707e-06,4.76126032339703e-07,0,0
75837,GJ1020,11.37095,-12.88056,2454739.68447,-1.025782,0.767351,-10281.379202,0.722636,-4.572714,0.517688,-10279.238684,0.404119,-4.569807,0.5177,5.40966,5.27801,4.665754,1.166919,0.396398,0.000384,0.417838,0.0006,0.561522,0.000777,0,7.135546,40.355925,0.012964,-10,189.4,2454739.68458,-1.435313,-1.435255,0,-9999999,0.159005,1.994728,0.566416,1.981513,0.599075,0.45,300,5.409276,5.261979,2008-09-30T04:15:24.461,-9999999,G2,072.C-0488(E),Mayor,-9999999,HARPS_ech_obs_all,HARPS_ech_obs_thosimult,STAR_WAVE_G2,5.66049726239779e-06,4.2709616153799e-07,0,0
75838,GJ1020,11.37095,-12.88056,2454739.688414,-1.779457,0.773381,-10282.365537,0.726803,-5.327618,0.526585,-10280.232446,0.411523,-5.316445,0.526586,7.417084,4.608988,5.609042,1.399737,0.395969,0.000391,0.419112,0.000613,0.562792,0.000793,0,7.134712,40.354701,0.016373,-10,185.9,2454739.68853,-1.447007,-1.44696,0,-9999999,0.159005,1.993499,0.566416,1.974086,0.599075,0.48,300,7.429165,4.58837,2008-09-30T04:20:56.222,-9999999,G2,072.C-0488(E),Mayor,-9999999,HARPS_ech_obs_all,HARPS_ech_obs_thosimult,STAR_WAVE_G2,7.6105555055803e-06,3.99992718813692e-07,0,0
75839,GJ1020,11.37095,-12.88056,2454746.6895988,-5.344146,0.920795,-10285.696271,0.918426,-9.507891,0.380363,-10284.79887,0.290794,-9.479002,0.380388,1.478742,3.453908,4.468677,0.869308,0.394716,0.000268,0.405179,0.000421,0.561938,0.000547,0,7.134084,40.358724,0.014868,-10,268.7,2454746.6897,-4.928751,-4.928666,0,-9999999,0.159623,1.377915,0.838563,0.737778,0.871174,0.46,430,1.502598,3.401973,2008-10-07T04:21:51.279,-9999999,G2,072.C-0488(E),Mayor,-9999999,HARPS_ech_obs_all,HARPS_ech_obs_thosimult,STAR_WAVE_G2,8.0496064619019e-06,2.94285796666899e-07,0,0
75840,GJ1020,11.37095,-12.88056,2454746.6954268,-4.236635,0.904317,-10284.332418,0.907887,-8.402196,0.338527,-10283.44599,0.255567,-8.392058,0.338522,-6.120141,3.697707,5.346669,0.691365,0.395346,0.000238,0.405363,0.000371,0.561826,0.000483,0,7.137843,40.354622,0.0126,-10,304.8,2454746.69555,-4.946124,-4.946107,1,-9999999,0.159624,1.376098,0.838563,0.726804,0.871174,0.5,430,-6.099937,3.658586,2008-10-07T04:29:57.628,-9999999,G2,072.C-0488(E),Mayor,-9999999,HARPS_ech_obs_all,HARPS_ech_obs_thosimult,STAR_WAVE_G2,7.32695472041791e-06,2.62629943868946e-07,0,0
75841,GJ1020,11.37095,-12.88056,2454758.6333648,3.579552,0.914939,-10277.314709,1.03716,-1.985704,0.524438,-10277.033579,0.412106,-1.976642,0.524448,1.235791,5.42293,-1.368481,1.279106,0.395644,0.000402,0.410707,0.000626,0.551501,0.000811,0,7.12875,40.375005,0.011123,-10,182.8,2454758.63348,-10.542118,-10.542091,0,-9999999,0.160678,-0.023596,0.749719,0.120452,0.951772,0.49,300,1.230428,5.417597,2008-10-19T03:02:10.266,-9999999,G2,072.C-0488(E),Mayor,-9999999,HARPS_ech_obs_all,HARPS_ech_obs_thosimult,STAR_WAVE_G2,7.59160486535913e-06,3.89149913327052e-07,0,0
75842,GJ1020,11.37095,-12.88056,2454758.6371008,1.264539,0.892491,-10278.968016,1.024457,-4.301881,0.484213,-10278.69392,0.379005,-4.29129,0.484214,8.58664,4.661622,3.579276,1.053435,0.395823,0.000368,0.410221,0.000572,0.552203,0.000743,0,7.134252,40.357801,0.015473,-10,199.5,2454758.6372,-10.553093,-10.553044,0,-9999999,0.160679,-0.02476,0.749718,0.113417,0.951771,0.46,300,8.575079,4.644374,2008-10-19T03:07:42.065,-9999999,G2,072.C-0488(E),Mayor,-9999999,HARPS_ech_obs_all,HARPS_ech_obs_thosimult,STAR_WAVE_G2,6.12629184475818e-06,3.90040360693718e-07,0,0
75843,GJ1020,11.37095,-12.88056,2454758.6409716,-0.469062,0.879559,-10280.49628,1.017558,-6.036688,0.459943,-10280.229472,0.359941,-6.025967,0.459953,5.928255,4.496094,-1.511257,1.08128,0.39595,0.000349,0.410169,0.000543,0.549871,0.000703,0,7.129521,40.377115,0.014833,-10,210.2,2454758.64108,-10.564492,-10.564465,0,-9999999,0.160679,-0.025966,0.749718,0.106129,0.95177,0.47,300,5.921797,4.467537,2008-10-19T03:13:13.516,-9999999,G2,072.C-0488(E),Mayor,-9999999,HARPS_ech_obs_all,HARPS_ech_obs_thosimult,STAR_WAVE_G2,5.97663483663546e-06,3.24354884267872e-07,0,0
75844,GJ1020,11.37095,-12.88056,2456621.5905894,1.006721,1.050103,-10278.91743,0.996915,-3.831152,0.919326,-10277.717111,0.711878,-3.82256,0.919322,-5.556011,8.738018,13.16237,2.213018,0.39501,0.000683,0.420394,0.001045,0.555288,0.001344,0,7.152825,40.327275,0.013812,-10,110.8,2456621.59058,-24.667373,-24.667279,0,-9999999,0.325243,0.703787,0.5075,0.875076,0.697904,0.54,400,-5.55418,8.731154,2013-11-25T02:02:36.854,-9999999,G2,192.C-0852(A),Udry,-9999999,HARPS_ech_obs_all,HARPS_ech_obs_wavesimult,STAR_WAVE_G2,5.50353057994321e-06,7.91205465390645e-07,0,0
75845,GJ1020,11.37095,-12.88056,2456621.5958155,0.580909,1.285007,-10277.951987,1.127021,-4.258592,1.180546,-10276.761508,0.884934,-4.246737,1.180548,12.322483,10.041299,10.027238,3.660621,0.397339,0.000879,0.423689,0.001343,0.558904,0.001727,0,7.148395,40.339945,0.013788,-10,87.0,2456621.59581,-24.681432,-24.681346,0,-9999999,0.325244,0.702159,0.507498,0.865235,0.697902,0.59,400,12.327683,10.034465,2013-11-25T02:09:48.430,-9999999,G2,192.C-0852(A),Udry,-9999999,HARPS_ech_obs_all,HARPS_ech_obs_wavesimult,STAR_WAVE_G2,2.24484660731595e-06,1.24444627134641e-06,0,0
