,target,ra,dec,BJD,RV_mlc_nzp,e_RV_mlc_nzp,RV_drs_nzp,e_RV_drs_nzp,RV_mlc,e_RV_mlc,RV_drs,e_RV_drs,RV_mlc_j,e_RV_mlc_j,CRX,e_CRX,dLW,e_dLW,Halpha,e_Halpha,NaD1,e_NaD1,NaD2,e_NaD2,f_RV,FWHM_DRS,CONTRAST_DRS,BIS,RVGUESS,SNR_DRS,BJD_DRS,BERV,BERV_DRS,DRIFT,e_DRIFT,SA,NZP_mlc,dNZP_mlc,NZP_drs,dNZP_drs,TMMEAN,EXPTIME,MLCRX,E_MLCRX,TIMEID,DRIFT_LAMP,MASK,PROGID,PROGPI,AIRMASS,OBHAB,THAR_FP,DPR_TYPE,RHKp,dRHKp,vsinflag,metflag
127193,GJ198,79.7148975,-18.130105,2459497.8254167,-1.056922,1.372325,40568.712411,1.340292,-0.762647,0.59882,40570.229119,0.468859,-0.762647,0.59882,5.851841,8.605053,8.196184,1.379457,0.397099,0.000395,0.409118,0.000548,0.527324,0.000703,0,7.947493,36.2164,0.032957,41,203.7,2459497.82541,19.375498,19.375565,-1,-9999999,0.0,0.3396,1.234784,1.516708,1.255609,0.49,450,5.856552,8.602242,2021-10-10T07:41:47.322,-9999999,G2,108.22KV.001,UNKNOWN,-9999999,HARPS_ech_obs_all,HARPS_ech_obs_wavesimult,STAR_WAVE_G0,6.63435497037799e-06,5.7361078954241e-07,0,0
127194,GJ198,79.7148975,-18.130105,2459497.831086,-0.035124,1.357323,40569.17233,1.330657,0.269574,0.563579,40570.689284,0.440541,0.269574,0.563579,-3.226263,8.363826,8.295537,1.312673,0.396927,0.000371,0.409279,0.000514,0.529032,0.00066,0,7.949125,36.21287,0.035588,41,217.4,2459497.83108,19.361017,19.361087,0,-9999999,1e-06,0.350023,1.234789,1.516953,1.255616,0.51,450,-3.245688,8.362397,2021-10-10T07:49:48.116,-9999999,G2,108.22KV.001,UNKNOWN,-9999999,HARPS_ech_obs_all,HARPS_ech_obs_wavesimult,STAR_WAVE_G0,6.32311157090692e-06,4.43306207396102e-07,0,0
127195,GJ198,79.7148975,-18.130105,2459500.8436338,-1.224042,1.27335,40570.202835,0.972087,-0.035493,0.56244,40569.940821,0.437305,-0.035493,0.56244,7.699999,7.745981,5.713233,1.459061,0.400192,0.000354,0.408215,0.000496,0.540519,0.000638,0,7.950674,36.214788,0.03227,41,224.5,2459500.84363,18.696409,18.696451,0,-9999999,0.000716,1.233874,1.142402,-0.26273,0.868169,0.48,450,7.716074,7.744998,2021-10-13T08:07:49.273,-9999999,G2,108.22KV.001,UNKNOWN,-9999999,HARPS_ech_obs_all,HARPS_ech_obs_wavesimult,STAR_WAVE_G0,6.73015997618198e-06,4.7253404970899e-07,0,0
127196,GJ198,79.7148975,-18.130105,2459500.849108,0.63163,1.297317,40571.659046,0.991372,1.830244,0.614765,40571.397271,0.478625,1.830244,0.614765,0.839443,9.444691,6.305897,1.431937,0.400597,0.000391,0.409857,0.000548,0.540167,0.000703,0,7.947426,36.217441,0.035755,41,203.7,2459500.84911,18.681975,18.682024,0,-9999999,0.000718,1.243939,1.142408,-0.262493,0.86818,0.46,450,0.880031,9.443836,2021-10-13T08:15:51.217,-9999999,G2,108.22KV.001,UNKNOWN,-9999999,HARPS_ech_obs_all,HARPS_ech_obs_wavesimult,STAR_WAVE_G0,8.62687099039152e-06,4.34159910630593e-07,0,0
127197,GJ198,79.7148975,-18.130105,2459501.7975921,-2.314145,1.281804,40569.521387,1.408887,-0.415617,0.520088,40569.330378,0.404613,-0.415617,0.520088,6.860847,9.357251,7.668632,1.164488,0.396137,0.000334,0.407737,0.000468,0.527402,0.000602,0,7.948831,36.199578,0.035436,41,237.8,2459501.79759,18.593454,18.593515,0,-9999999,0.000943,1.943853,1.17155,-0.191952,1.349537,0.5,450,6.874702,9.355737,2021-10-14T07:01:17.175,-9999999,G2,108.22KV.001,UNKNOWN,-9999999,HARPS_ech_obs_all,HARPS_ech_obs_wavesimult,STAR_WAVE_G0,6.07640560843015e-06,4.91418465701017e-07,0,0
127198,GJ198,79.7148975,-18.130105,2459501.8030522,-1.244274,1.279543,40569.747608,1.407435,0.664292,0.514481,40569.556836,0.39951,0.664292,0.514481,0.85587,8.930847,5.280403,1.177959,0.396944,0.000332,0.406956,0.000463,0.527203,0.000596,0,7.945756,36.208906,0.032321,41,240.2,2459501.80304,18.579816,18.579879,0,-9999999,0.000944,1.953892,1.171554,-0.191716,1.349542,0.48,450,0.868654,8.930389,2021-10-14T07:09:17.899,-9999999,G2,108.22KV.001,UNKNOWN,-9999999,HARPS_ech_obs_all,HARPS_ech_obs_wavesimult,STAR_WAVE_G0,6.01606841677095e-06,4.68109666262306e-07,0,0
127199,GJ198,79.7148975,-18.130105,2459504.7430142,0.919826,0.940364,40569.94366,1.399667,0.36359,0.47945,40569.811447,0.371355,0.36359,0.47945,6.181858,5.41063,7.375946,0.938902,0.396472,0.000308,0.408978,0.000433,0.539968,0.000556,0,7.951723,36.194506,0.032715,41,257.1,2459504.74301,18.027972,18.028041,0,-9999999,0.001642,-0.51091,0.808957,-0.133855,1.349505,0.5,450,6.215683,5.409904,2021-10-17T05:42:26.255,-9999999,G2,108.22KV.001,UNKNOWN,-9999999,HARPS_ech_obs_all,HARPS_ech_obs_wavesimult,STAR_WAVE_G0,7.08792143754266e-06,3.43579216735988e-07,0,0
127200,GJ198,79.7148975,-18.130105,2459504.7485248,1.117797,0.945848,40570.62268,1.401739,0.571693,0.490116,40570.490707,0.379081,0.571693,0.490116,3.962223,5.495935,5.158053,1.14564,0.39638,0.000312,0.40921,0.000439,0.537547,0.000563,0,7.948125,36.20488,0.035159,41,253.4,2459504.74852,18.016011,18.016089,0,-9999999,0.001643,-0.500779,0.80896,-0.133616,1.349507,0.49,450,3.980851,5.495647,2021-10-17T05:50:26.849,-9999999,G2,108.22KV.001,UNKNOWN,-9999999,HARPS_ech_obs_all,HARPS_ech_obs_wavesimult,STAR_WAVE_G0,5.66730054603397e-06,4.46939519100547e-07,0,0
127201,GJ198,79.7148975,-18.130105,2459538.764153,2.214908,1.307008,40573.965877,1.161486,0.823514,0.428576,40571.554817,0.332227,0.823514,0.428576,-3.981534,7.445276,-2.117183,0.795967,0.398345,0.000256,0.401406,0.000369,0.532917,0.000469,0,7.944363,36.204825,0.03255,41,302.9,2459538.76415,7.167396,7.167501,0,-9999999,0.009717,-1.346069,1.234744,-2.420777,1.112958,0.48,450,-3.957851,7.445369,2021-11-20T06:10:55.246,-9999999,G2,108.22KV.001,UNKNOWN,-9999999,HARPS_ech_obs_all,HARPS_ech_obs_wavesimult,STAR_WAVE_G0,5.71890024697762e-06,3.91475353282095e-07,0,0
127202,GJ198,79.7148975,-18.130105,2459538.7699283,2.773941,1.300928,40574.303265,1.157037,1.393165,0.409652,40571.892455,0.316307,1.393165,0.409652,-8.695437,6.283045,-3.394734,0.894583,0.39781,0.000246,0.401347,0.000353,0.533867,0.00045,0,7.942033,36.204337,0.030492,41,316.5,2459538.76993,7.151226,7.151341,0,-9999999,0.009718,-1.335451,1.234747,-2.420528,1.112962,0.52,450,-8.690481,6.283749,2021-11-20T06:18:56.223,-9999999,G2,108.22KV.001,UNKNOWN,-9999999,HARPS_ech_obs_all,HARPS_ech_obs_wavesimult,STAR_WAVE_G0,6.94118211661093e-06,3.59948321622963e-07,0,0
127203,GJ198,79.7148975,-18.130105,2459541.7742147,0.325818,1.303569,40569.00768,1.388478,-1.379129,0.417955,40568.710339,0.326599,-1.379129,0.417955,-7.202216,5.337407,-2.144961,0.937547,0.395504,0.000259,0.410457,0.000369,0.532857,0.000471,0,7.946274,36.200125,0.035165,41,302.4,2459541.77421,5.993856,5.993979,0,-9999999,0.010431,-1.659621,1.234749,-0.307772,1.34952,0.51,450,-7.17741,5.337175,2021-11-23T06:25:05.337,-9999999,G2,108.22KV.001,UNKNOWN,-9999999,HARPS_ech_obs_all,HARPS_ech_obs_wavesimult,STAR_WAVE_G0,6.19694233137079e-06,4.45451507337414e-07,0,0
127204,GJ198,79.7148975,-18.130105,2459541.7795186,-0.348933,1.298974,40568.428205,1.385637,-2.044128,0.403386,40568.131096,0.314287,-2.044128,0.403386,-12.807095,6.381462,-2.132775,0.73414,0.394936,0.000249,0.410419,0.000354,0.533014,0.000451,0,7.945691,36.199506,0.033124,41,316.0,2459541.77952,5.97914,5.979245,0,-9999999,0.010433,-1.64987,1.234752,-0.307542,1.349524,0.46,450,-12.774925,6.381503,2021-11-23T06:33:06.084,-9999999,G2,108.22KV.001,UNKNOWN,-9999999,HARPS_ech_obs_all,HARPS_ech_obs_wavesimult,STAR_WAVE_G0,7.30373039025962e-06,3.78029027462283e-07,0,0
127205,GJ198,79.7148975,-18.130105,2459544.8517167,2.83478,1.144171,40572.139334,1.387245,1.008954,0.416954,40571.880451,0.321003,1.008954,0.416954,15.464194,7.628383,-2.230951,0.917818,0.39474,0.000248,0.402129,0.000357,0.521617,0.000454,0,7.947858,36.198601,0.032966,41,313.1,2459544.85171,4.63042,4.630519,0,-9999999,0.011162,-1.780501,1.065493,-0.270045,1.349595,0.5,450,15.489012,7.626011,2021-11-26T08:16:41.160,-9999999,G2,108.22KV.001,UNKNOWN,-9999999,HARPS_ech_obs_all,HARPS_ech_obs_wavesimult,STAR_WAVE_G0,7.189238107823e-06,3.18697524740198e-07,0,0
127206,GJ198,79.7148975,-18.130105,2459544.8572808,2.1976,1.141467,40570.901865,1.385386,0.382003,0.409458,40570.643224,0.31284,0.382003,0.409458,17.592148,9.086956,-0.717412,0.938708,0.395284,0.000237,0.402401,0.000342,0.520605,0.000435,0,7.943951,36.198095,0.034028,41,326.7,2459544.85727,4.618047,4.618171,0,-9999999,0.011163,-1.770271,1.0655,-0.269804,1.349602,0.5,450,17.614176,9.084639,2021-11-26T08:24:41.887,-9999999,G2,108.22KV.001,UNKNOWN,-9999999,HARPS_ech_obs_all,HARPS_ech_obs_wavesimult,STAR_WAVE_G0,6.78684837633175e-06,3.24245217589947e-07,0,0
127207,GJ198,79.7148975,-18.130105,2459547.7410129,0.431469,0.92722,40570.670359,0.8119,-1.452679,0.452969,40569.145111,0.352043,-1.452679,0.452969,-6.642365,6.085867,1.423783,0.920028,0.394901,0.000272,0.41182,0.000393,0.520664,0.000499,0,7.947622,36.189734,0.035272,41,285.0,2459547.741,3.736448,3.736591,0,-9999999,0.011848,-1.838823,0.809046,-1.537096,0.731606,0.49,450,-6.615496,6.085367,2021-11-29T05:37:17.256,-9999999,G2,108.22KV.001,UNKNOWN,-9999999,HARPS_ech_obs_all,HARPS_ech_obs_wavesimult,STAR_WAVE_G0,6.60253679483741e-06,4.31883603249399e-07,0,0
127208,GJ198,79.7148975,-18.130105,2459547.7467358,2.399677,0.905297,40572.766531,0.796839,0.52605,0.406206,40571.241531,0.315751,0.52605,0.406206,-5.355744,5.96041,-1.141465,0.863512,0.398243,0.000243,0.411647,0.00035,0.530303,0.000444,0,7.943512,36.204201,0.03355,41,320.0,2459547.74673,3.72032,3.720455,0,-9999999,0.011849,-1.828302,0.809049,-1.536849,0.73161,0.52,450,-5.323196,5.960912,2021-11-29T05:45:18.202,-9999999,G2,108.22KV.001,UNKNOWN,-9999999,HARPS_ech_obs_all,HARPS_ech_obs_wavesimult,STAR_WAVE_G0,6.16612081096141e-06,3.77620536700905e-07,0,0
127209,GJ198,79.7148975,-18.130105,2459548.8693983,-1.558459,1.326447,40568.509182,1.399777,-3.211072,0.484417,40568.02523,0.371353,-3.211072,0.484417,-0.184607,8.266382,2.134448,1.198683,0.394995,0.000287,0.402706,0.000416,0.521806,0.000529,0,7.94755,36.195403,0.032609,41,269.0,2459548.8694,3.016553,3.016673,0,-9999999,0.012115,-1.607288,1.234828,-0.496067,1.349619,0.5,450,-0.127951,8.26636,2021-11-30T08:42:04.108,-9999999,G2,108.22KV.001,UNKNOWN,-9999999,HARPS_ech_obs_all,HARPS_ech_obs_wavesimult,STAR_WAVE_G0,7.91430806741786e-06,4.97053345439304e-07,0,0
127210,GJ198,79.7148975,-18.130105,2459548.8748597,-1.41295,1.330098,40567.6727,1.402352,-3.055522,0.494312,40567.188986,0.380916,-3.055522,0.494312,-6.323772,7.592082,5.762327,0.959639,0.395295,0.000299,0.402744,0.000431,0.520919,0.000548,0,7.948269,36.173466,0.035883,41,259.7,2459548.87485,3.00608,3.006225,0,-9999999,0.012117,-1.597247,1.234835,-0.495831,1.349627,0.48,450,-6.264553,7.594425,2021-11-30T08:50:04.965,-9999999,G2,108.22KV.001,UNKNOWN,-9999999,HARPS_ech_obs_all,HARPS_ech_obs_wavesimult,STAR_WAVE_G0,4.84976511584029e-06,4.72591536358076e-07,0,0
127211,GJ198,79.7148975,-18.130105,2459549.751869,0.877028,1.28866,40567.207037,1.099922,-0.802286,0.368866,40570.111183,0.286347,-0.802286,0.368866,0.142834,6.136813,-5.148746,1.010989,0.395395,0.00022,0.411062,0.000314,0.532871,0.0004,0,7.947154,36.205639,0.032707,41,356.5,2459549.75186,2.906674,2.906809,0,-9999999,0.012325,-1.633989,1.234739,2.891821,1.061996,0.51,450,0.171386,6.136367,2021-12-01T05:52:44.275,-9999999,G2,108.22KV.001,UNKNOWN,-9999999,HARPS_ech_obs_all,HARPS_ech_obs_wavesimult,STAR_WAVE_G0,6.29023141075269e-06,3.44866128866186e-07,0,0
127212,GJ198,79.7148975,-18.130105,2459549.7573325,1.562994,1.287703,40567.941604,1.099431,-0.106275,0.365502,40570.845987,0.284441,-0.106275,0.365502,-1.981402,5.424381,-5.692878,0.880496,0.395371,0.00022,0.410587,0.000313,0.533249,0.000399,0,7.947442,36.207885,0.033919,41,357.8,2459549.75732,2.891419,2.891563,0,-9999999,0.012326,-1.623944,1.234742,2.892057,1.061999,0.49,450,-1.967937,5.424342,2021-12-01T06:00:45.312,-9999999,G2,108.22KV.001,UNKNOWN,-9999999,HARPS_ech_obs_all,HARPS_ech_obs_wavesimult,STAR_WAVE_G0,6.23405366086248e-06,3.64833013653862e-07,0,0
127213,GJ198,79.7148975,-18.130105,2459563.847158,-3.693704,1.228537,40568.543955,1.014966,-1.194783,0.518661,40570.110347,0.395173,-1.194783,0.518661,-12.810516,7.143806,0.513572,1.266189,0.394933,0.000308,0.412471,0.000444,0.534196,0.000565,0,7.947827,36.21492,0.036079,41,253.4,2459563.84716,-2.962027,-2.961921,1,-9999999,0.01567,2.544246,1.113685,1.550722,0.934876,0.5,450,-12.813025,7.142697,2021-12-15T08:10:01.083,-9999999,G2,108.22KV.001,UNKNOWN,-9999999,HARPS_ech_obs_all,HARPS_ech_obs_wavesimult,STAR_WAVE_G0,7.49767101732625e-06,5.43107400300467e-07,0,0
127214,GJ198,79.7148975,-18.130105,2459563.852675,-2.629179,1.232386,40569.513058,1.016988,-0.120115,0.527699,40571.079691,0.400315,-0.120115,0.527699,-12.591142,8.012776,0.465415,1.161346,0.395206,0.00031,0.412971,0.000449,0.534112,0.000571,0,7.945216,36.224008,0.034242,41,251.1,2459563.85267,-2.971324,-2.971199,0,-9999999,0.015672,2.554389,1.113691,1.550961,0.934887,0.49,450,-12.57772,8.012055,2021-12-15T08:18:02.259,-9999999,G2,108.22KV.001,UNKNOWN,-9999999,HARPS_ech_obs_all,HARPS_ech_obs_wavesimult,STAR_WAVE_G0,6.11402415802666e-06,5.15378183210528e-07,0,0
127215,GJ198,79.7148975,-18.130105,2459564.682684,-1.119765,1.111986,40570.054023,1.153466,-1.92325,0.512145,40569.667715,0.397072,-1.92325,0.512145,7.419685,8.695069,0.884341,1.225816,0.39637,0.000317,0.410802,0.000454,0.537456,0.000581,0,7.944357,36.209561,0.033712,41,246.6,2459564.68268,-2.95807,-2.957971,0,-9999999,0.015869,-0.758159,0.987026,-0.402177,1.082967,0.52,450,7.416705,8.693808,2021-12-16T04:13:02.209,-9999999,G2,108.22KV.001,UNKNOWN,-9999999,HARPS_ech_obs_all,HARPS_ech_obs_wavesimult,STAR_WAVE_G0,5.6650699528659e-06,4.50274838355445e-07,0,0
127216,GJ198,79.7148975,-18.130105,2459564.688147,-1.211663,1.094416,40570.032436,1.143351,-2.005104,0.472787,40569.646365,0.366654,-2.005104,0.472787,4.547167,9.39162,2.558348,1.187613,0.395989,0.00029,0.410233,0.000415,0.537278,0.000532,0,7.946902,36.195825,0.033231,41,269.5,2459564.68814,-2.973511,-2.973403,0,-9999999,0.01587,-0.748116,0.987025,-0.401941,1.082967,0.5,450,4.52778,9.389861,2021-12-16T04:21:03.217,-9999999,G2,108.22KV.001,UNKNOWN,-9999999,HARPS_ech_obs_all,HARPS_ech_obs_wavesimult,STAR_WAVE_G0,6.41227531127437e-06,3.80949338443612e-07,0,0
127217,GJ198,79.7148975,-18.130105,2459576.6794624,-2.655286,1.289105,40569.639409,1.37945,-1.197272,0.370445,40570.180988,0.285893,-1.197272,0.370445,3.766876,5.659474,-3.607665,0.902208,0.395587,0.000223,0.409775,0.00032,0.538246,0.000411,0,7.948503,36.194554,0.033087,41,349.6,2459576.67946,-7.67002,-7.669941,0,-9999999,0.018716,1.503339,1.234732,0.522863,1.349499,0.5,450,3.813373,5.658321,2021-12-28T04:08:51.192,-9999999,G2,108.22KV.001,UNKNOWN,-9999999,HARPS_ech_obs_all,HARPS_ech_obs_wavesimult,STAR_WAVE_G0,6.78288200857547e-06,3.53110979999925e-07,0,0
127218,GJ198,79.7148975,-18.130105,2459576.6850888,-2.417588,1.288316,40569.801245,1.378797,-0.94923,0.367693,40570.343069,0.282732,-0.94923,0.367693,-3.124423,5.53762,-4.435958,0.868346,0.395727,0.000221,0.409249,0.000316,0.538404,0.000406,0,7.949118,36.203027,0.033742,41,353.6,2459576.68508,-7.685612,-7.68552,0,-9999999,0.018718,1.513683,1.234731,0.523106,1.349498,0.51,450,-3.081367,5.537533,2021-12-28T04:16:52.830,-9999999,G2,108.22KV.001,UNKNOWN,-9999999,HARPS_ech_obs_all,HARPS_ech_obs_wavesimult,STAR_WAVE_G0,6.23754721518307e-06,3.44598208666255e-07,0,0
