,target,ra,dec,BJD,RV_mlc_nzp,e_RV_mlc_nzp,RV_drs_nzp,e_RV_drs_nzp,RV_mlc,e_RV_mlc,RV_drs,e_RV_drs,RV_mlc_j,e_RV_mlc_j,CRX,e_CRX,dLW,e_dLW,Halpha,e_Halpha,NaD1,e_NaD1,NaD2,e_NaD2,f_RV,FWHM_DRS,CONTRAST_DRS,BIS,RVGUESS,SNR_DRS,BJD_DRS,BERV,BERV_DRS,DRIFT,e_DRIFT,SA,NZP_mlc,dNZP_mlc,NZP_drs,dNZP_drs,TMMEAN,EXPTIME,MLCRX,E_MLCRX,TIMEID,DRIFT_LAMP,MASK,PROGID,PROGPI,AIRMASS,OBHAB,THAR_FP,DPR_TYPE,RHKp,dRHKp,vsinflag,metflag
55340,GJ131,48.687188,-26.44652,2452944.7708348,1.499337,1.745714,15434.99765,2.407366,-0.116082,1.645605,15434.30475,2.316723,-20.964173,1.727248,2.143064,15.484931,-1.676834,1.551947,0.692404,0.002092,0.190858,0.002555,0.238805,0.003056,0,6.384914,39.89837,0.053928,15,40.6,2452944.77083,-1.095743,-1.095548,0,-9999999,0.0,-0.485083,0.582667,-0.6929,0.654376,0.5,145,2.117323,15.449014,2003-11-01T06:22:42.547,-9999999,K5,072.C-0488(E),M. Mayor,-9999999,HARPS_ech_obs_all,HARPS_ech_obs_objA,STAR_DARK_K5V,3.80974999650205e-05,4.76006726457246e-06,0,0
55341,GJ131,48.687188,-26.44652,2452991.6617511,2.695548,2.171483,15444.237448,2.652467,0.766528,2.02423,15443.583093,2.501709,-19.24356,2.121575,-2.124397,18.495397,4.453691,1.6267,0.688325,0.002445,0.191347,0.003227,0.235088,0.003822,0,6.373331,40.028194,0.053877,15,35.0,2452991.66174,-17.059923,-17.059786,0,-9999999,0.00312,-0.798684,0.786022,-0.657475,0.881495,0.48,180,-1.983385,18.428945,2003-12-18T03:47:31.591,-9999999,K5,072.C-0488(E),Mayor,-9999999,HARPS_ech_obs_all,HARPS_ech_obs_objA,STAR_DARK_K5,0.003160753071105,0.022972062049813,0,0
55342,GJ131,48.687188,-26.44652,2452999.6152874,-1.581232,1.936934,15431.233309,2.995955,-3.12606,1.876646,15431.438983,2.964935,-23.424309,1.970102,-11.320617,15.440908,6.253131,1.48633,0.67677,0.002729,0.18798,0.003573,0.226139,0.00424,0,6.351106,40.333478,0.047153,15,32.0,2452999.61528,-18.879913,-18.879807,0,-9999999,0.00365,-0.414492,0.479491,0.202024,0.430008,0.49,135,-11.218963,15.192711,2003-12-26T02:41:38.212,-9999999,K5,072.C-0488(E),Mayor,-9999999,HARPS_ech_obs_all,HARPS_ech_obs_objA,STAR_DARK_K5,4.15848038949893e-05,5.68172147430981e-06,0,0
55343,GJ131,48.687188,-26.44652,2453363.6772556,8.197799,1.34979,15441.485724,1.547569,6.126109,1.043508,15440.833188,1.196832,-14.567006,1.122502,-1.949982,11.169428,-1.774087,1.063839,0.696942,0.001503,0.186414,0.001688,0.22293,0.001999,0,6.384788,40.044543,0.047849,15,58.4,2453363.67725,-18.731977,-18.731937,0,-9999999,0.027876,-0.941353,0.856168,-0.680412,0.981102,0.5,203,-2.025977,11.254509,2004-12-24T04:10:09.786,-9999999,K5,074.C-0364(A),Robichon,-9999999,HARPS_ech_obs_all,HARPS_ech_obs_objA,STAR_DARK_K5,6.42023487564458e-05,7.83503256650473e-06,0,0
55344,GJ131,48.687188,-26.44652,2453364.6745804,5.494007,1.399343,15435.755119,1.566833,3.40758,1.106859,15435.16353,1.221639,-16.598969,1.187477,6.985709,11.707336,-2.586199,0.975658,0.702628,0.001478,0.186227,0.001692,0.225173,0.002036,0,6.380017,40.079313,0.044916,15,58.1,2453364.67457,-18.945669,-18.945629,0,-9999999,0.027943,-0.95609,0.856168,-0.619532,0.981103,0.54,204,7.114892,11.372264,2004-12-25T04:06:15.286,-9999999,K5,074.C-0364(A),Robichon,-9999999,HARPS_ech_obs_all,HARPS_ech_obs_objA,STAR_DARK_K5,5.2074388793411e-05,7.12805898293248e-06,0,0
55345,GJ131,48.687188,-26.44652,2456289.6531166,-3.541816,1.292379,15390.40636,1.419874,-3.977436,0.987443,15389.11021,1.02639,-25.066669,1.075007,-14.920716,10.489745,-10.365939,0.92244,0.6723,0.001378,0.182433,0.001455,0.224925,0.001748,0,7.325134,42.14586,-0.007164,15,66.2,2456289.65311,-19.517732,-19.517665,-1,-9999999,0.222586,0.694717,0.833786,-1.518736,0.981105,0.51,488,-14.7897,10.473605,2012-12-28T03:33:20.527,-9999999,G2,090.C-0421(A),LoCurto,-9999999,HARPS_ech_obs_all,HARPS_ech_obs_thosimult,STAR_WAVE_NONE,4.6472961794539e-05,5.65420744526382e-06,0,0
55346,GJ131,48.687188,-26.44652,2456517.9062771,-11.593481,1.111485,15424.862062,1.158426,-12.201502,0.985316,15424.572158,1.025116,-31.856129,1.061249,-1.644905,8.848626,-5.948938,0.9752,0.674786,0.001333,0.186985,0.001419,0.225962,0.001699,0,6.36194,40.039243,0.038508,15,67.1,2456517.90627,21.045991,21.046034,0,-9999999,0.237775,0.522316,0.514346,-0.527679,0.539525,0.55,1067,-1.564196,8.546616,2013-08-13T09:33:46.240,-9999999,K5,091.C-0034(A),LoCurto,-9999999,HARPS_ech_obs_all,HARPS_ech_obs_objA,STAR_DARK_K5,4.58403328890889e-05,6.35970936533533e-06,0,0
55347,GJ131,48.687188,-26.44652,2456615.70757,2.672202,1.678333,15435.318658,1.89623,3.433217,1.464539,15435.745344,1.622691,-17.559697,1.533285,-23.912647,10.803473,-3.810346,1.293514,0.672341,0.001897,0.182711,0.002111,0.224492,0.002594,0,6.369227,39.918777,0.024967,15,48.1,2456615.70757,-7.967693,-7.967589,0,-9999999,0.244284,1.891351,0.819712,0.182402,0.981102,0.5,500,-23.963989,10.802151,2013-11-19T04:49:03.254,-9999999,K5,092.C-0721(A),LoCurto,-9999999,HARPS_ech_obs_all,HARPS_ech_obs_objA,STAR_DARK_K5,3.92820404756159e-05,4.80859441524115e-06,0,0
55348,GJ131,48.687188,-26.44652,2456695.5528847,0.281275,1.247182,15434.063508,1.356245,0.128977,0.906859,15435.355643,0.936366,-20.52656,0.998467,-11.607852,9.412405,1.210469,1.015828,0.698998,0.001294,0.192868,0.00134,0.223795,0.001606,0,6.417648,39.672498,0.036448,15,71.9,2456695.55288,-22.065928,-22.065941,0,-9999999,0.249597,0.978039,0.856195,1.042538,0.981132,0.49,300,-11.697704,9.627112,2014-02-07T01:14:53.545,-9999999,K5,092.C-0721(A),LoCurto,-9999999,HARPS_ech_obs_all,HARPS_ech_obs_thosimult,STAR_WAVE_K5,0.000204815343621,0.000264450756625,0,0
55349,GJ131,48.687188,-26.44652,2456727.5117427,8.916328,1.916297,15438.400449,2.012707,7.511613,1.884403,15438.239692,1.978209,-12.150128,1.96844,-10.29974,18.045664,1.382999,1.549834,0.686233,0.002213,0.191157,0.002623,0.218317,0.003147,0,6.399885,39.766729,0.042728,15,41.1,2456727.51173,-16.537249,-16.537313,0,-9999999,0.251724,-0.274378,0.348165,-0.412481,0.371051,0.52,202,-10.517734,18.105868,2014-03-11T00:19:20.824,-9999999,K5,092.C-0721(A),LoCurto,-9999999,HARPS_ech_obs_all,HARPS_ech_obs_objA,STAR_DARK_K5,-9999999.0,-9999999.0,-9999999,-9999999
55350,GJ131,48.687188,-26.44652,2457716.6998253,5.122649,0.828724,15456.630912,0.985645,-0.534586,0.512154,15457.981752,0.787719,-0.956593,0.779305,13.084369,10.952836,3.687417,0.768554,0.706666,0.001121,0.189401,0.00112,0.223928,0.001326,0,6.4242,39.647537,0.048086,15,83.3,2457716.69982,-9.849283,-9.849191,0,-9999999,0.317549,0.804473,0.651523,1.033291,0.592448,0.5,600,12.942853,11.035028,2016-11-24T04:37:15.241,-9999999,K5,098.C-0366(A),LoCurto,-9999999,HARPS_ech_obs_all,HARPS_ech_obs_objA,STAR_DARK_K5,5.32987318855296e-05,6.13989274189607e-06,0,0
55351,GJ131,48.687188,-26.44652,2458070.7841765,3.838484,1.713209,15454.917558,2.004988,-4.506549,1.188882,15453.877085,1.504026,-5.704418,1.450962,8.058257,13.633053,12.336101,1.175013,0.706521,0.001854,0.191287,0.001987,0.227755,0.002368,0,6.459894,39.47172,0.059619,15,51.2,2458070.78417,-5.90819,-5.908087,0,-9999999,0.341112,-1.883325,1.23355,-1.381585,1.325852,0.47,180,7.980075,13.666198,2017-11-13T06:41:53.538,-9999999,K5,0100.C-0097(A),LoCurto,-9999999,HARPS_ech_obs_all,HARPS_ech_obs_objA,STAR_DARK_K5,6.0168378315995e-05,7.47592282551536e-06,0,0
55352,GJ131,48.687188,-26.44652,2458109.6790301,-9.079393,1.54396,15441.653545,1.929143,-16.201001,1.11244,15440.820118,1.381726,-17.585661,1.368449,8.376356,12.38507,0.632962,1.377889,0.698909,0.001708,0.189733,0.00186,0.22505,0.002189,0,6.416819,39.745517,0.050914,15,54.1,2458109.67902,-18.220865,-18.220783,0,-9999999,0.3437,-0.659901,1.07065,-1.177127,1.346264,0.52,240,8.604361,12.248556,2017-12-22T04:12:06.843,-9999999,K5,0100.C-0097(A),LoCurto,-9999999,HARPS_ech_obs_all,HARPS_ech_obs_objA,STAR_DARK_K5,6.09657940998638e-05,9.91986457742998e-06,0,0
55353,GJ131,48.687188,-26.44652,2458442.6885215,10.647038,1.751423,15459.72385,2.142555,6.575541,1.243341,15462.422583,1.666769,2.728931,1.522576,11.923078,14.124953,8.326243,1.284728,0.709334,0.002018,0.195051,0.002254,0.230843,0.002717,0,6.466939,39.446849,0.053164,15,46.1,2458442.68852,-8.204098,-8.204037,0,-9999999,0.36586,2.39021,1.233526,2.332873,1.346263,0.51,180,11.890104,14.158536,2018-11-20T04:24:15.502,-9999999,K5,0102.C-0558(A),LoCurto,-9999999,HARPS_ech_obs_all,HARPS_ech_obs_objA,STAR_DARK_K5,4.59404652501457e-05,6.17021064033805e-06,0,0
55354,GJ131,48.687188,-26.44652,2458733.7992227,-7.141833,3.684348,15444.155952,3.945321,-12.315594,3.471707,15444.884554,3.708507,-14.936683,3.450826,-31.247259,39.854079,77.271718,2.901674,0.690461,0.004137,0.189499,0.005156,0.227313,0.006121,0,6.37365,40.122084,0.050811,15,24.9,2458733.79922,17.232476,17.232568,0,-9999999,0.385233,1.287947,1.23356,0.343369,1.346304,0.48,900,-29.761692,40.015883,2019-09-07T06:59:54.601,-9999999,K5,0103.C-0432(A),LoCurto,-9999999,HARPS_ech_obs_all,HARPS_ech_obs_objA,STAR_DARK_K5,0.000496683372248,0.003286074671073,0,0
55355,GJ131,48.687188,-26.44652,2458751.8433019,-13.610117,2.078792,15440.495462,1.985573,-19.7846,1.673206,15439.173566,1.459398,-18.36914,1.569766,-24.313531,16.609167,83.125804,1.762637,0.687451,0.001967,0.193451,0.001992,0.235698,0.002367,0,6.412317,39.69864,0.070769,15,51.5,2458751.8433,12.19602,12.19613,0,-9999999,0.386433,0.287225,1.233596,-1.708329,1.34635,0.51,897,-24.480125,16.644469,2019-09-25T08:01:40.747,-9999999,K5,0103.C-0432(A),LoCurto,-9999999,HARPS_ech_obs_all,HARPS_ech_obs_objA,STAR_DARK_K5,3.827723695234e-05,4.36695057772437e-06,0,0
55356,GJ131,48.687188,-26.44652,2458881.5116866,8.310242,2.258209,15452.909504,2.120856,0.482914,1.891461,15452.148569,1.638659,-1.343938,1.793237,11.066409,19.956756,83.55431,2.275933,0.678854,0.001934,0.188773,0.002078,0.220143,0.002464,0,6.3934,39.447921,0.052514,15,48.9,2458881.51169,-22.290088,-22.290099,0,-9999999,0.395062,-1.365621,1.233647,-1.155997,1.346413,0.59,180,11.155434,20.073689,2020-02-02T00:15:38.917,-9999999,K5,0103.C-0432(A),LoCurto,-9999999,HARPS_ech_obs_all,HARPS_ech_obs_objA,STAR_DARK_K5,0.000115973141232,0.000271884811047,0,0
55357,GJ131,48.687188,-26.44652,2459160.688892,-8.023032,2.003082,15448.512002,1.878529,-15.112647,1.578211,15450.496981,1.391837,-8.578884,1.506356,19.391872,20.619921,76.752781,2.286585,0.683564,0.001737,0.182125,0.001932,0.219514,0.002314,0,6.373885,40.056875,0.04929,15,51.6,2459160.68889,-3.459412,-3.459301,0,-9999999,0.41364,-0.627908,1.233526,1.571339,1.261611,0.49,238,19.138064,20.594917,2020-11-07T04:24:03.543,-9999999,K5,106.21R4.001,LoCurto,-9999999,HARPS_ech_obs_all,HARPS_ech_obs_objA,STAR_DARK_K5,3.35891951898658e-05,4.11223062608695e-06,0,0
55358,GJ131,48.687188,-26.44652,2459196.6355925,-7.584361,1.800724,15438.726949,3.882175,-13.676593,1.311864,15440.785573,3.685888,-15.373916,1.163503,-17.561063,18.147727,82.526474,1.56897,0.696957,0.001309,0.1913,0.001363,0.224525,0.001637,0,6.405243,39.833985,0.060955,15,69.8,2459196.63559,-15.836376,-15.836311,0,-9999999,0.416032,0.369475,1.23354,1.642592,1.218815,0.5,320,-18.082469,18.079776,2020-12-13T03:08:18.194,-9999999,K5,106.21R4.001,UNKNOWN,-9999999,HARPS_ech_obs_all,HARPS_ech_obs_objAB,STAR_SKY_K5,6.53283126107622e-05,9.58314258123573e-06,0,0
55359,GJ131,48.687188,-26.44652,2459213.5868395,2.451698,2.079803,15442.476388,5.138241,-3.972732,1.674481,15443.102039,4.958725,-14.482108,1.640538,3.814023,18.701782,90.545965,1.764581,0.713831,0.001937,0.195287,0.002209,0.223862,0.002601,0,6.434121,39.54814,0.062716,15,47.5,2459213.58684,-19.761177,-19.76114,0,-9999999,0.41716,0.037277,1.23357,0.208491,1.346317,0.5,320,4.404146,18.781646,2020-12-30T01:59:33.247,-9999999,K5,106.21R4.001,UNKNOWN,-9999999,HARPS_ech_obs_all,HARPS_ech_obs_objAB,STAR_SKY_K5,6.10078957106689e-05,8.85655754988102e-06,0,0
55360,GJ131,48.687188,-26.44652,2459280.5038555,1.027627,2.017166,15465.268679,4.558791,-6.389014,1.595948,15464.410991,4.395179,2.317766,1.463179,19.04677,16.709067,86.725556,1.399535,0.691971,0.001603,0.193449,0.001588,0.222271,0.001895,0,6.542716,38.725061,0.046671,15,61.6,2459280.50386,-17.51331,-17.513391,0,-9999999,0.421613,-0.954934,1.233657,-1.279301,1.210361,0.51,325,18.321889,16.811752,2021-03-07T00:06:41.289,-9999999,K5,106.21R4.001,UNKNOWN,-9999999,HARPS_ech_obs_all,HARPS_ech_obs_objAB,STAR_SKY_K5,6.05174364453801e-05,9.23532083531788e-06,0,0
55361,GJ131,48.687188,-26.44652,2459500.6526608,-7.930226,3.372333,15436.911504,7.092175,-13.378232,3.201475,15437.57399,7.066167,-17.452487,3.161008,31.676041,34.83395,77.999448,2.390772,0.685588,0.003471,0.180125,0.00409,0.222665,0.004941,0,6.438406,39.602167,0.04196,15,28.5,2459500.65265,6.29062,6.290739,0,-9999999,0.436263,1.013701,1.059804,0.226223,0.606825,0.49,324,32.472553,34.863239,2021-10-13T03:31:21.932,-9999999,K5,108.222V.001,UNKNOWN,-9999999,HARPS_ech_obs_all,HARPS_ech_obs_objAB,STAR_SKY_K5,2.77278158888474e-05,2.56049120430449e-06,0,0
55362,GJ131,48.687188,-26.44652,2459507.7905746,14.594465,1.860737,15457.107863,4.794521,6.714783,1.647145,15457.027948,4.767977,1.154945,1.584136,-25.83687,18.962146,84.913773,1.959746,0.68698,0.001761,0.189465,0.001805,0.22742,0.002158,0,6.487609,39.247473,0.042216,15,54.2,2459507.79057,3.329368,3.329485,0,-9999999,0.436738,-1.417975,0.865595,-0.516653,0.503816,0.52,324,-25.827704,18.96493,2021-10-20T06:49:38.246,-9999999,K5,108.222V.001,UNKNOWN,-9999999,HARPS_ech_obs_all,HARPS_ech_obs_objAB,STAR_SKY_K5,5.15571717313782e-05,6.4716884504258e-06,0,0
55363,GJ131,48.687188,-26.44652,2459520.8344099,-8.240155,2.017825,15447.426919,4.661147,-15.376231,1.596834,15446.756821,4.462473,-11.553851,1.468273,2.454999,19.647432,77.898526,2.016822,0.669525,0.001547,0.181297,0.001595,0.226056,0.001912,0,6.469915,39.343265,0.056271,15,59.7,2459520.83441,-1.790169,-1.790033,0,-9999999,0.437606,-0.674369,1.233588,-1.107704,1.346339,0.48,325,2.087901,19.623351,2021-11-02T07:52:54.403,-9999999,K5,108.222V.001,UNKNOWN,-9999999,HARPS_ech_obs_all,HARPS_ech_obs_objAB,STAR_SKY_K5,5.48559638488772e-05,8.06026133051963e-06,0,0
55364,GJ131,48.687188,-26.44652,2459543.7052433,-20.682373,2.178563,15447.216901,4.885118,-28.679652,1.795703,15448.866667,4.6962,-11.859136,1.563792,7.213239,21.497466,77.975785,2.062568,0.669959,0.001746,0.1796,0.001776,0.222036,0.002127,0,6.433303,39.661021,0.058744,15,54.7,2459543.70524,-10.12677,-10.126679,0,-9999999,0.439128,-1.535571,1.233526,1.210638,1.345395,0.51,324,6.786484,21.395442,2021-11-25T04:47:23.945,-9999999,K5,108.222V.001,UNKNOWN,-9999999,HARPS_ech_obs_all,HARPS_ech_obs_objAB,STAR_SKY_K5,5.96635433915088e-05,8.81088563761449e-06,0,0
