,target,ra,dec,BJD,RV_mlc_nzp,e_RV_mlc_nzp,RV_drs_nzp,e_RV_drs_nzp,RV_mlc,e_RV_mlc,RV_drs,e_RV_drs,RV_mlc_j,e_RV_mlc_j,CRX,e_CRX,dLW,e_dLW,Halpha,e_Halpha,NaD1,e_NaD1,NaD2,e_NaD2,f_RV,FWHM_DRS,CONTRAST_DRS,BIS,RVGUESS,SNR_DRS,BJD_DRS,BERV,BERV_DRS,DRIFT,e_DRIFT,SA,NZP_mlc,dNZP_mlc,NZP_drs,dNZP_drs,TMMEAN,EXPTIME,MLCRX,E_MLCRX,TIMEID,DRIFT_LAMP,MASK,PROGID,PROGPI,AIRMASS,OBHAB,THAR_FP,DPR_TYPE,RHKp,dRHKp,vsinflag,metflag
72319,GJ9222,103.3167025,-74.72355,2453057.6010864,12.978277,1.305886,5280.206038,1.34301,10.633809,0.985918,5282.870455,0.917109,5.185331,1.043271,-16.444549,10.455184,6.629027,1.489567,0.392947,0.000922,0.403095,0.001398,0.567966,0.00183,0,7.528842,38.270326,0.062077,5,82.5,2453057.60108,4.78195,4.782032,0,-9999999,0.0,2.147985,0.856332,2.664417,0.981115,0.5,300,-16.537383,10.453541,2004-02-22T02:23:10.692,-9999999,G2,072.C-0488(E),Mayor,-9999999,HARPS_ech_obs_all,HARPS_ech_obs_objA,STAR_DARK_F8,2.10618900747969e-05,9.15414269809465e-07,0,0
72320,GJ9222,103.3167025,-74.72355,2453062.5318224,14.234163,2.456801,5278.546316,2.544963,12.602741,2.3811,5281.803508,2.439336,5.246469,2.475868,-13.734729,23.015579,-7.056288,3.051737,0.386714,0.002092,0.405176,0.003145,0.556102,0.004084,0,7.52434,38.494051,0.061177,5,38.3,2453062.53182,4.836406,4.836481,0,-9999999,0.000607,2.861031,0.605172,3.256585,0.725586,0.43,300,-13.741512,23.013837,2004-02-27T00:43:40.433,-9999999,G2,072.C-0488(E),Mayor,-9999999,HARPS_ech_obs_all,HARPS_ech_obs_objA,STAR_DARK_F8,-9999999.0,-9999999.0,-9999999,-9999999
72321,GJ9222,103.3167025,-74.72355,2453374.7327063,10.064742,3.619518,5274.970468,3.436849,4.190093,3.516764,5274.210045,3.293838,-0.578736,3.647405,-3.352678,33.89433,-7.156766,4.261241,0.386239,0.002598,0.423119,0.004151,0.556723,0.005278,0,7.545439,38.479935,0.056251,5,29.8,2453374.7327,2.833496,2.83343,0,-9999999,0.039022,-1.382197,0.856321,-0.799445,0.981103,0.52,60,-2.972693,33.917482,2005-01-04T05:35:38.268,-9999999,G2,072.C-0488(E),Mayor,-9999999,HARPS_ech_obs_all,HARPS_ech_obs_objA,STAR_DARK_F8,2.82499938497256e-05,1.9329449973494e-06,0,0
72322,GJ9222,103.3167025,-74.72355,2453691.7060204,1.761452,2.769727,5267.984662,2.51495,-2.550841,2.634028,5268.000338,2.315688,-7.065804,2.742544,7.937047,21.144998,-17.888655,3.984112,0.393313,0.002023,0.415444,0.003145,0.56191,0.004011,0,7.525002,38.464279,0.054319,5,38.8,2453691.70601,-0.948785,-0.948843,0,-9999999,0.078024,0.18016,0.856319,-0.062348,0.981102,0.67,150,7.767026,21.146471,2005-11-17T04:56:17.009,-9999999,G2,072.C-0488(E),Mayor,-9999999,HARPS_ech_obs_all,HARPS_ech_obs_objA,STAR_DARK_F8,-9999999.0,-9999999.0,-9999999,-9999999
72323,GJ9222,103.3167025,-74.72355,2454047.8174532,-0.744459,1.846834,5264.120901,1.608645,-5.124703,1.638294,5263.832336,1.298541,-11.556378,1.721763,12.970025,14.917496,-14.107341,2.394492,0.385013,0.00122,0.415755,0.001926,0.56358,0.002472,0,7.53386,38.406074,0.055878,5,61.1,2454047.81755,-1.730846,-1.730959,0,-9999999,0.121842,0.112208,0.852519,-0.410407,0.94949,0.41,120,12.894758,14.906461,2006-11-08T07:37:32.552,-9999999,G2,072.C-0488(E),Mayor,-9999999,HARPS_ech_obs_all,HARPS_ech_obs_objA,STAR_DARK_F8,5.93636022836133e-06,2.06575705740199e-06,0,0
72324,GJ9222,103.3167025,-74.72355,2454139.6219582,1.053117,1.768625,5264.394455,1.521272,-5.689294,1.651723,5261.948255,1.332151,-11.57612,1.736353,2.877249,13.65026,-8.757994,2.11619,0.391658,0.001252,0.418206,0.001962,0.564083,0.00251,0,7.547735,38.233194,0.051087,5,60.3,2454139.62205,4.549491,4.549415,0,-9999999,0.133138,-2.249958,0.632335,-2.579338,0.734603,0.41,100,2.828142,13.626554,2007-02-08T02:55:22.191,-9999999,G2,072.C-0488(E),Mayor,-9999999,HARPS_ech_obs_all,HARPS_ech_obs_objA,STAR_DARK_F8,2.10649395019839e-05,1.27377400485442e-06,0,0
72325,GJ9222,103.3167025,-74.72355,2454349.9145288,-7.789298,2.718289,5257.811829,2.437851,-12.267621,2.579867,5257.747747,2.246283,-18.52785,2.679918,6.483352,25.319707,-3.187944,3.211215,0.391029,0.001885,0.417776,0.002976,0.556046,0.003775,0,7.545481,38.269372,0.054871,5,40.8,2454349.9146,-4.643278,-4.643324,0,-9999999,0.159013,0.014129,0.856378,-0.223095,0.947274,0.34,50,6.353998,25.314922,2007-09-06T09:56:46.490,-9999999,G2,072.C-0488(E),Mayor,-9999999,HARPS_ech_obs_all,HARPS_ech_obs_objA,STAR_DARK_F8,2.12344484676668e-05,1.47025591371446e-06,0,0
72326,GJ9222,103.3167025,-74.72355,2454387.8739793,-1.876978,2.873253,5264.554461,2.635097,-5.408492,2.742669,5265.441817,2.445627,-11.682974,2.853204,-14.477315,29.874527,-9.172061,3.566155,0.384971,0.0021,0.420603,0.003271,0.558525,0.00419,0,7.532259,38.180922,0.052282,5,37.8,2454387.87406,-3.432063,-3.432149,0,-9999999,0.163684,0.960939,0.856358,0.723672,0.981144,0.35,60,-14.481025,29.838389,2007-10-14T08:59:05.370,-9999999,G2,072.C-0488(E),Mayor,-9999999,HARPS_ech_obs_all,HARPS_ech_obs_objA,STAR_DARK_F8,1.52871099904421e-05,2.6422114903277e-06,0,0
72327,GJ9222,103.3167025,-74.72355,2455263.5559102,-8.107913,1.891231,5255.225374,1.677144,-11.995628,1.686246,5256.857165,1.360219,-18.930482,1.768407,-0.984045,15.470984,-3.162903,2.111209,0.386666,0.001299,0.412912,0.001971,0.569849,0.002558,0,7.543756,38.285464,0.052599,5,60.0,2455263.5559,4.740713,4.740712,0,-9999999,0.271433,0.604737,0.856346,1.360358,0.98113,0.49,75,-1.034029,15.422026,2010-03-08T01:19:41.023,-9999999,G2,072.C-0488(E),Mayor,-9999999,HARPS_ech_obs_all,HARPS_ech_obs_objA,STAR_DARK_F8,1.87588710813639e-05,1.52466153986125e-06,0,0
72328,GJ9222,103.3167025,-74.72355,2455299.4880126,-12.934707,1.645283,5253.353468,1.414906,-16.379968,1.466146,5255.337989,1.172721,-22.81818,1.54232,-2.111926,13.689954,-8.245372,1.965873,0.385795,0.001135,0.414145,0.001736,0.552382,0.002241,0,7.536438,38.435205,0.052774,5,67.8,2455299.48801,3.384965,3.385002,0,-9999999,0.275854,1.047191,0.746574,1.708667,0.791634,0.52,120,-2.148579,13.722014,2010-04-12T23:40:45.156,-9999999,G2,085.C-0019(A),LoCurto,-9999999,HARPS_ech_obs_all,HARPS_ech_obs_objA,STAR_DARK_F8,1.90969854530285e-05,1.27440411411259e-06,0,0
72329,GJ9222,103.3167025,-74.72355,2455303.4973921,-6.899066,2.062904,5258.882733,1.787114,-11.045868,1.910019,5259.825564,1.584063,-16.308363,2.002252,17.574048,15.457177,-9.217624,2.855347,0.383481,0.001475,0.414164,0.002258,0.56617,0.002915,0,7.54453,38.373439,0.049111,5,53.0,2455303.49739,3.131016,3.131049,0,-9999999,0.276347,0.34565,0.779359,0.666484,0.827358,0.47,500,17.462626,15.430436,2010-04-16T23:51:19.124,-9999999,G2,085.C-0019(A),LoCurto,-9999999,HARPS_ech_obs_all,HARPS_ech_obs_objA,STAR_DARK_F8,1.88218414412997e-05,1.56413171915227e-06,0,0
72330,GJ9222,103.3167025,-74.72355,2455313.5059058,-7.170543,4.479376,5251.343527,3.131566,-11.172792,4.396754,5252.548442,2.973894,-16.844561,4.606597,26.242521,50.071951,-0.040062,4.72817,0.387688,0.001994,0.416932,0.003283,0.565063,0.004198,0,7.658447,35.632089,0.053152,5,37.0,2455313.5059,2.453727,2.453766,0,-9999999,0.277579,0.490204,0.856367,0.927336,0.981154,0.52,100,26.082169,49.861449,2010-04-27T00:06:29.560,-9999999,G2,085.C-0019(A),LoCurto,-9999999,HARPS_ech_obs_all,HARPS_ech_obs_objA,STAR_DARK_F8,4.50321362844609e-05,3.2167037678569e-06,0,0
72331,GJ9222,103.3167025,-74.72355,2455315.5038713,-12.090747,2.920747,5258.976451,2.344285,-15.944678,2.792382,5260.374974,2.129086,-21.215953,2.922729,46.751179,24.062403,-6.977287,3.389174,0.38588,0.001838,0.426736,0.002904,0.561512,0.003668,0,7.568296,38.4611,0.028507,5,42.1,2455315.50387,2.313427,2.313467,0,-9999999,0.277825,0.638522,0.856368,1.120698,0.981155,0.5,100,46.671179,24.034984,2010-04-29T00:03:34.364,-9999999,G2,085.C-0019(A),LoCurto,-9999999,HARPS_ech_obs_all,HARPS_ech_obs_objA,STAR_DARK_F8,1.97248433539581e-05,1.85804605573325e-06,0,0
72332,GJ9222,103.3167025,-74.72355,2455350.4574013,-4.848066,4.092659,5261.861981,3.50417,-10.051034,4.002055,5262.559811,3.363999,-14.548814,4.169799,0.861894,34.92308,12.458093,4.502937,0.389458,0.002895,0.427463,0.004376,0.549721,0.005602,0,7.557202,37.923072,0.069059,5,28.9,2455350.45739,-0.408654,-0.408606,0,-9999999,0.282125,-0.710515,0.856395,0.415705,0.981183,0.45,120,0.907154,34.893552,2010-06-02T22:56:24.558,-9999999,G2,085.C-0019(A),LoCurto,-9999999,HARPS_ech_obs_all,HARPS_ech_obs_objA,STAR_DARK_F8,2.88581190335532e-05,2.10012581966763e-06,0,0
72333,GJ9222,103.3167025,-74.72355,2455353.4350376,-28.888949,2.06211,5229.550365,1.78191,-34.171802,1.875863,5230.19176,1.487431,-39.702909,1.965286,65.434337,17.366531,9.842178,2.65058,0.386167,0.001364,0.443167,0.002152,0.577659,0.002715,0,7.599341,37.960045,0.01574,5,56.7,2455353.43503,-0.640888,-0.64083,0,-9999999,0.282492,-0.790401,0.856409,0.358903,0.981199,0.48,120,65.407473,17.304528,2010-06-05T22:24:09.105,-9999999,G2,085.C-0019(A),LoCurto,-9999999,HARPS_ech_obs_all,HARPS_ech_obs_objA,STAR_DARK_F8,2.20212503179071e-06,2.36861320274377e-06,0,0
72334,GJ9222,103.3167025,-74.72355,2455525.790453,8.800482,1.360717,5275.439367,1.32917,4.643938,1.057473,5276.255231,0.896722,-1.486223,1.130406,-6.688205,9.267932,-5.211001,1.538027,0.389656,0.000897,0.422723,0.001311,0.550203,0.001694,0,7.528583,38.250107,0.058775,5,88.8,2455525.79044,-0.364032,-0.364103,0,-9999999,0.303699,0.335909,0.85633,0.512165,0.981113,0.5,199,-6.626409,9.270272,2010-11-25T06:57:54.551,-9999999,G2,183.C-0972(A),Udry,-9999999,HARPS_ech_obs_all,HARPS_ech_obs_objA,STAR_DARK_F8,1.73376870694578e-05,9.83140908240361e-07,0,0
72335,GJ9222,103.3167025,-74.72355,2455543.7200519,-0.213035,1.74551,5264.053887,1.551058,-5.225741,1.521027,5263.90421,1.20134,-11.058157,1.598488,29.463129,15.227312,-7.249825,1.760284,0.392466,0.001137,0.426834,0.001736,0.549666,0.002226,0,7.54819,38.249989,0.056892,5,67.6,2455543.72005,1.161069,1.161005,0,-9999999,0.305905,-0.520254,0.85632,-0.455582,0.981102,0.5,200,29.466889,15.199824,2010-12-13T05:16:29.354,-9999999,G2,183.C-0972(A),Udry,-9999999,HARPS_ech_obs_all,HARPS_ech_obs_objA,STAR_DARK_F8,2.52353942972504e-05,9.03866593264432e-07,0,0
72336,GJ9222,103.3167025,-74.72355,2455587.6377731,-5.433993,1.554038,5258.309323,1.423545,-9.590243,1.29682,5259.245866,1.03146,-15.146594,1.372772,-17.134948,11.429085,-8.967845,1.831902,0.387155,0.000992,0.402282,0.001492,0.571703,0.001968,0,7.542916,38.336801,0.045602,5,77.7,2455587.63777,4.092175,4.092155,0,-9999999,0.311309,0.336203,0.856324,0.625234,0.981107,0.55,444,-17.238765,11.432549,2011-01-26T03:15:01.220,-9999999,G2,183.C-0972(A),Udry,-9999999,HARPS_ech_obs_all,HARPS_ech_obs_objA,STAR_DARK_F8,1.82051548005342e-05,1.01879563622927e-06,0,0
72337,GJ9222,103.3167025,-74.72355,2455637.5135329,-3.860162,3.08014,5258.369416,2.659869,-6.346897,3.018337,5261.242878,2.572094,-12.476037,3.141444,7.209584,26.203137,-0.562265,3.709843,0.38999,0.002204,0.416849,0.003314,0.569809,0.004324,0,7.552398,38.32328,0.058875,5,36.9,2455637.51353,4.576316,4.576326,0,-9999999,0.317446,2.005718,0.613924,2.556016,0.677668,0.5,90,7.152418,26.206193,2011-03-17T00:18:19.353,-9999999,G2,183.C-0972(A),Udry,-9999999,HARPS_ech_obs_all,HARPS_ech_obs_objA,STAR_DARK_F8,1.58312536544812e-05,2.48047596654948e-06,0,0
72338,GJ9222,103.3167025,-74.72355,2455654.5050277,-4.539283,1.521205,5261.179867,1.404878,-8.486656,1.257258,5262.391149,1.005494,-14.507758,1.332093,-7.665346,11.83773,-6.837579,1.854498,0.390888,0.000952,0.412004,0.001424,0.561336,0.001837,0,7.540168,38.27803,0.058093,5,81.6,2455654.50502,3.930157,3.930182,0,-9999999,0.319537,0.54508,0.856368,0.891745,0.981154,0.49,120,-7.76196,11.793541,2011-04-03T00:05:29.620,-9999999,G2,087.C-0831(A),LoCurto,-9999999,HARPS_ech_obs_all,HARPS_ech_obs_objA,STAR_DARK_F8,2.7147283868409e-05,9.76451401559257e-07,0,0
72339,GJ9222,103.3167025,-74.72355,2455694.4445306,0.326946,1.468908,5265.790128,1.377251,-4.128046,1.193426,5266.641723,0.96648,-9.569278,1.26569,4.70918,10.702852,0.388837,1.432534,0.39107,0.000926,0.422626,0.001377,0.563914,0.001781,0,7.54556,38.191324,0.061586,5,84.7,2455694.44452,1.304906,1.304939,0,-9999999,0.324451,0.037461,0.856403,0.527144,0.981192,0.51,120,4.723167,10.670375,2011-05-12T22:37:48.422,-9999999,G2,087.C-0831(A),LoCurto,-9999999,HARPS_ech_obs_all,HARPS_ech_obs_objA,STAR_DARK_F8,1.99968196934935e-05,9.31819288507659e-07,0,0
72340,GJ9222,103.3167025,-74.72355,2455956.5608984,5.266663,1.276795,5269.007945,1.009518,-0.268315,1.103539,5268.910798,0.907382,-6.906326,1.175715,-2.295384,11.398965,-7.694941,1.485263,0.386607,0.000876,0.410361,0.001302,0.554775,0.001696,0,7.545587,38.350412,0.053828,5,89.3,2455956.56089,4.292903,4.292905,0,-9999999,0.356704,-1.042525,0.64219,-0.453851,0.442476,0.48,250,-2.245184,11.418686,2012-01-30T01:26:19.137,-9999999,G2,183.C-0972(A),Udry,-9999999,HARPS_ech_obs_all,HARPS_ech_obs_objAB,STAR_SKY_F8,1.05706226541807e-05,1.34321767714758e-06,0,0
72341,GJ9222,103.3167025,-74.72355,2456316.6014782,-4.279227,2.725462,5258.289703,2.209742,-8.88355,2.587439,5258.672416,1.979993,-13.478252,2.710808,9.171997,24.995117,-14.361691,4.502161,0.388512,0.00181,0.41234,0.002713,0.567148,0.0035,0,7.54336,38.360189,0.069401,5,44.5,2456316.60148,4.045117,4.045101,1,-9999999,0.401005,-0.11187,0.856332,-0.018292,0.981115,0.52,92,9.077885,24.985296,2013-01-24T02:26:03.375,-9999999,G2,090.C-0421(A),LoCurto,-9999999,HARPS_ech_obs_all,HARPS_ech_obs_thosimult,STAR_WAVE_F8,-9999999.0,-9999999.0,-9999999,-9999999
72342,GJ9222,103.3167025,-74.72355,2456929.8877443,12.726742,2.184266,5281.445146,1.881609,9.080166,2.067692,5282.199007,1.605552,3.11983,2.160352,-9.619271,17.089228,1.029986,2.916663,0.391082,0.001496,0.415043,0.002257,0.565863,0.002911,0,7.543997,38.176928,0.068179,5,53.2,2456929.88773,-4.118814,-4.118843,0,-9999999,0.476467,0.845877,0.704038,0.277394,0.98115,0.48,100,-9.585193,17.083082,2014-09-29T09:18:10.898,-9999999,G2,093.C-0409(A),LoCurto,-9999999,HARPS_ech_obs_all,HARPS_ech_obs_objA,STAR_DARK_F8,2.01840249768793e-05,1.9265919059446e-06,0,0
72343,GJ9222,103.3167025,-74.72355,2457104.5109195,3.835899,1.325701,5268.779165,1.280963,-1.145932,1.011989,5268.853724,0.841186,-7.244018,1.08341,-21.288085,9.47313,-2.129012,1.438105,0.390312,0.000767,0.413847,0.001134,0.556236,0.001491,0,7.556752,38.204424,0.054845,5,101.4,2457104.51091,4.388241,4.388262,0,-9999999,0.497954,-0.489378,0.856365,-0.423395,0.966061,0.49,300,-21.21073,9.493879,2015-03-23T00:12:43.903,-9999999,G2,093.C-0409(A),LoCurto,-9999999,HARPS_ech_obs_all,HARPS_ech_obs_objA,STAR_DARK_F8,1.92571873190979e-05,1.06116234816091e-06,0,0
72344,GJ9222,103.3167025,-74.72355,2457277.9129176,20.672888,2.077531,5304.772005,1.781403,26.840726,1.961534,5306.799987,1.607424,27.514257,2.018041,-12.166668,18.616774,15.68641,2.633329,0.394436,0.00162,0.423342,0.002279,0.554833,0.002901,0,7.561399,37.949197,0.077018,5,51.7,2457277.91292,-4.581149,-4.581178,0,-9999999,0.51929,1.853183,0.684485,1.508692,0.767844,0.49,100,-12.147907,18.564192,2015-09-12T09:54:03.015,-9999999,G2,095.C-0551(A),LoCurto,-9999999,HARPS_ech_obs_all,HARPS_ech_obs_objA,STAR_DARK_F8,1.48402144950291e-05,1.85575383649016e-06,0,0
72345,GJ9222,103.3167025,-74.72355,2457352.779165,6.418391,1.791184,5290.111512,5.158162,12.608586,1.668638,5292.438569,5.124912,12.220613,1.720273,8.21639,18.104325,11.943859,2.297305,0.391788,0.001341,0.41665,0.001935,0.556636,0.002461,0,7.585364,38.040756,0.068791,5,60.5,2457352.77916,-0.29983,-0.299853,0,-9999999,0.528502,1.87554,0.651144,1.798555,0.584729,0.51,336,8.166375,18.099469,2015-11-26T06:40:27.448,-9999999,G2,096.C-0460(A),LoCurto,-9999999,HARPS_ech_obs_all,HARPS_ech_obs_objAB,STAR_SKY_F8,2.38156530302345e-05,1.20838272451753e-06,0,0
72346,GJ9222,103.3167025,-74.72355,2457355.7117084,3.768992,1.423112,5285.406152,1.350364,11.20192,1.000428,5289.412544,0.868502,11.691989,1.043552,-6.753822,12.712328,9.468761,1.580299,0.389203,0.000952,0.413746,0.001289,0.557435,0.001649,0,7.57627,38.056474,0.063533,5,89.7,2457355.7117,-0.015639,-0.015663,0,-9999999,0.528863,3.118274,1.012123,3.477529,1.034015,0.51,158,-6.702906,12.685744,2015-11-29T05:04:50.107,-9999999,G2,096.C-0460(A),LoCurto,-9999999,HARPS_ech_obs_all,HARPS_ech_obs_objA,STAR_DARK_F8,1.78193070398631e-05,8.89085844861129e-07,0,0
72347,GJ9222,103.3167025,-74.72355,2457680.8688904,-3.114997,1.724432,5279.88433,1.539898,1.617423,1.425195,5281.158549,1.148983,2.106081,1.472624,9.153317,16.34355,3.108732,1.948034,0.388898,0.001177,0.42647,0.001692,0.552169,0.002145,0,7.562871,38.195008,0.066871,5,68.7,2457680.86889,-3.104199,-3.104237,0,-9999999,0.568872,0.417766,0.970817,0.705347,1.025243,0.51,300,9.028934,16.347566,2016-10-19T08:49:39.024,-9999999,G2,098.C-0366(A),LoCurto,-9999999,HARPS_ech_obs_all,HARPS_ech_obs_objA,STAR_DARK_F8,9.79444968230466e-06,1.75506768813154e-06,0,0
72348,GJ9222,103.3167025,-74.72355,2457728.842729,-7.367295,1.458307,5276.817593,1.118166,-1.59116,1.042766,5277.926309,0.875909,-1.75247,1.08962,6.82239,12.886409,1.984956,1.311272,0.388754,0.000834,0.41339,0.001204,0.557806,0.001542,0,7.568395,38.231802,0.064574,5,95.4,2457728.84272,0.552301,0.552267,0,-9999999,0.574775,1.461481,1.01946,0.533941,0.695039,0.51,180,6.796315,12.884263,2016-12-06T08:13:18.621,-9999999,G2,098.C-0366(A),LoCurto,-9999999,HARPS_ech_obs_all,HARPS_ech_obs_objA,STAR_DARK_F8,1.41718343210211e-05,1.15718789768873e-06,0,0
72349,GJ9222,103.3167025,-74.72355,2457824.5719369,1.089299,1.7682,5284.092471,1.52276,6.46935,1.566417,5285.485221,1.243926,6.352518,1.615211,12.092709,15.307176,12.468666,2.240944,0.393428,0.001323,0.407966,0.001816,0.560868,0.002345,0,7.564395,38.011832,0.062302,5,64.0,2457824.57193,4.646268,4.646254,0,-9999999,0.586554,1.065397,0.820287,0.806196,0.87832,0.52,120,11.975116,15.297374,2017-03-12T01:42:14.502,-9999999,G2,098.C-0366(A),LoCurto,-9999999,HARPS_ech_obs_all,HARPS_ech_obs_objA,STAR_DARK_F8,2.53672384431175e-05,1.16666810343249e-06,0,0
72350,GJ9222,103.3167025,-74.72355,2457851.5640974,1.444403,2.088496,5280.875098,1.608037,3.211021,2.02345,5279.728708,1.542959,3.465694,2.076324,-9.66498,18.175818,2.994156,2.704708,0.391979,0.001505,0.409421,0.002157,0.559815,0.002777,0,7.571881,38.176647,0.068814,5,54.1,2457851.56409,3.605306,3.605332,0,-9999999,0.589875,-2.548037,0.51717,-1.736265,0.452835,0.49,120,-9.754632,18.171944,2017-04-08T01:30:27.631,-9999999,G2,099.C-0458(A),LoCurto,-9999999,HARPS_ech_obs_all,HARPS_ech_obs_objA,STAR_DARK_F8,-9999999.0,-9999999.0,-9999999,-9999999
72351,GJ9222,103.3167025,-74.72355,2458017.8954408,-5.759949,2.395295,5274.110549,1.996934,-0.6512,2.248156,5275.582756,1.785032,-1.105135,2.307017,30.825354,18.049188,1.05422,2.905577,0.390314,0.001722,0.416314,0.002469,0.548324,0.003149,0,7.562308,38.234219,0.057137,5,48.2,2458017.89543,-4.373668,-4.373667,0,-9999999,0.610341,0.794095,0.826578,0.861866,0.895213,0.52,123,30.709399,18.049337,2017-09-21T09:28:51.041,-9999999,G2,099.C-0458(A),LoCurto,-9999999,HARPS_ech_obs_all,HARPS_ech_obs_objA,STAR_DARK_F8,1.4400612569254e-05,1.80274157433211e-06,0,0
72352,GJ9222,103.3167025,-74.72355,2458068.8438205,2.760537,1.842771,5286.711115,1.722616,5.331825,1.368799,5284.331986,1.073974,5.321249,1.415301,2.456341,14.295225,0.90591,1.769175,0.390629,0.001068,0.422879,0.001518,0.558212,0.001945,0,7.56434,38.232947,0.065605,5,76.2,2458068.84381,-1.503384,-1.503409,0,-9999999,0.61661,-1.743366,1.233772,-2.995739,1.346843,0.5,120,2.497078,14.296604,2017-11-11T08:15:21.496,-9999999,G2,0100.C-0097(A),LoCurto,-9999999,HARPS_ech_obs_all,HARPS_ech_obs_objA,STAR_DARK_F8,1.49384860416109e-05,1.37807742615615e-06,0,0
72353,GJ9222,103.3167025,-74.72355,2458071.7679016,2.13215,1.678943,5284.198399,1.516668,3.921988,1.229775,5283.361389,0.995797,3.453729,1.274835,-6.298116,10.363191,5.155507,1.916004,0.388421,0.000996,0.41515,0.001413,0.550584,0.001815,0,7.562983,38.201983,0.066942,5,82.0,2458071.7679,-1.225117,-1.225147,0,-9999999,0.61697,-2.524817,1.143024,-1.45398,1.143971,0.49,120,-6.417004,10.367232,2017-11-14T06:26:04.469,-9999999,G2,0100.C-0097(A),LoCurto,-9999999,HARPS_ech_obs_all,HARPS_ech_obs_objA,STAR_DARK_F8,8.12119813991519e-06,1.69598187262582e-06,0,0
72354,GJ9222,103.3167025,-74.72355,2458110.6955311,-2.160112,1.378138,5282.535702,1.619982,3.305888,1.078452,5281.918233,0.900329,3.266102,1.121776,-3.898123,10.88704,0.777582,1.349521,0.389967,0.000887,0.411838,0.001253,0.559961,0.001613,0,7.566616,38.186524,0.066384,5,91.9,2458110.69553,1.973866,1.973827,0,-9999999,0.62176,1.151346,0.858024,-1.239229,1.346755,0.51,120,-3.934516,10.890338,2017-12-23T04:41:45.314,-9999999,G2,0100.C-0097(A),LoCurto,-9999999,HARPS_ech_obs_all,HARPS_ech_obs_objA,STAR_DARK_F8,2.08002534006007e-05,8.87156406838719e-07,0,0
72355,GJ9222,103.3167025,-74.72355,2458149.6159275,-1.221587,1.265842,5285.181684,1.555868,3.419391,0.903527,5282.507181,0.779035,3.178744,0.949933,-5.649619,8.493986,1.95252,1.220091,0.390531,0.000701,0.423351,0.001026,0.563881,0.001321,0,7.561614,38.187873,0.068179,5,111.5,2458149.61593,4.310469,4.310428,0,-9999999,0.626549,0.326324,0.886563,-3.301052,1.346785,0.51,200,-5.687338,8.50868,2018-01-31T02:45:50.201,-9999999,G2,0100.C-0097(A),LoCurto,-9999999,HARPS_ech_obs_all,HARPS_ech_obs_objA,STAR_DARK_F8,1.10003308882589e-05,1.13896353970526e-06,0,0
72356,GJ9222,103.3167025,-74.72355,2458162.7385378,2.255013,1.925673,5279.412024,1.609995,3.997085,1.478576,5279.084755,1.106532,3.227386,1.530201,17.534035,14.725826,1.347494,2.009314,0.392541,0.001024,0.400471,0.001523,0.568124,0.002001,0,7.566022,38.133008,0.068583,5,74.9,2458162.73853,4.602277,4.602252,0,-9999999,0.628164,-2.572582,1.233706,-0.955433,1.169475,0.51,120,17.481581,14.722108,2018-02-13T05:42:47.439,-9999999,G2,0100.C-0097(A),LoCurto,-9999999,HARPS_ech_obs_all,HARPS_ech_obs_objA,STAR_DARK_F8,1.52826022578547e-05,1.84483095528969e-06,0,0
72357,GJ9222,103.3167025,-74.72355,2458205.6476035,-1.732482,1.406516,5277.026663,2.934591,-1.166516,0.675459,5276.083505,2.607306,-1.166194,0.723637,-3.334259,6.637846,1.843783,0.990982,0.388293,0.000538,0.419434,0.000821,0.553112,0.001065,0,7.562134,38.217316,0.05836,5,137.9,2458205.6476,4.110425,4.110412,0,-9999999,0.633443,-3.748688,1.233711,-1.576601,1.346767,0.5,780,-3.373541,6.64162,2018-03-28T03:25:24.234,-9999999,G2,0100.C-0097(A),LoCurto,-9999999,HARPS_ech_obs_all,HARPS_ech_obs_objAB,STAR_SKY_F8,1.61532656732286e-05,7.03642656357142e-07,0,0
72358,GJ9222,103.3167025,-74.72355,2458480.8135801,3.045409,1.838618,5286.497433,1.727852,6.864433,1.363227,5285.954631,1.082393,6.909347,1.413435,-6.399067,14.833032,2.964223,1.754489,0.385888,0.001043,0.418375,0.001585,0.562823,0.002024,0,7.564606,38.173814,0.062933,5,73.3,2458480.81357,2.260119,2.260099,0,-9999999,0.667301,-0.49563,1.233745,-1.210103,1.34681,0.5,120,-6.417753,14.822792,2018-12-28T07:31:42.995,-9999999,G2,0102.C-0558(A),LoCurto,-9999999,HARPS_ech_obs_all,HARPS_ech_obs_objA,STAR_DARK_F8,1.14193685848663e-05,1.93306196318523e-06,0,0
72359,GJ9222,103.3167025,-74.72355,2458489.7880705,0.951804,1.516745,5282.151832,1.549653,3.919956,0.882287,5282.917001,0.766542,3.596192,0.928171,-10.480241,8.971476,1.50352,1.327403,0.386582,0.000708,0.415132,0.001083,0.562953,0.001392,0,7.571282,38.218578,0.062688,5,105.9,2458489.78807,2.900716,2.900687,0,-9999999,0.668406,-1.346502,1.233728,0.096763,1.346788,0.54,600,-10.4593,8.97387,2019-01-06T06:50:28.121,-9999999,G2,0102.C-0558(A),LoCurto,-9999999,HARPS_ech_obs_all,HARPS_ech_obs_objA,STAR_DARK_F8,1.25684786417887e-05,8.19095798631258e-07,0,0
72360,GJ9222,103.3167025,-74.72355,2459159.8607513,-7.096649,2.307472,5273.439372,1.992021,-3.108214,1.94992,5273.487814,1.467686,-3.34259,1.938145,9.142476,19.005318,78.268769,2.286032,0.38518,0.001516,0.413659,0.002211,0.561854,0.002839,0,7.565788,38.268705,0.063863,5,53.6,2459159.86074,-1.873528,-1.873555,0,-9999999,0.750855,-0.326219,1.23379,-0.702413,1.346865,0.51,82,9.211024,19.015156,2020-11-06T08:40:00.180,-9999999,G2,106.21R4.001,LoCurto,-9999999,HARPS_ech_obs_all,HARPS_ech_obs_objA,STAR_DARK_F8,2.04647704059527e-05,1.41616900588053e-06,0,0
72361,GJ9222,103.3167025,-74.72355,2459243.6752736,-3.045596,2.25415,5275.895619,5.419512,2.26237,1.886576,5278.560194,5.305976,1.361949,1.875759,-24.948831,21.381047,77.261384,2.274716,0.391165,0.001561,0.418258,0.00214,0.553479,0.002787,0,7.579929,38.147274,0.058092,5,55.0,2459243.67527,4.208983,4.20896,0,-9999999,0.761168,0.993312,1.233703,1.903407,1.103508,0.48,80,-24.889252,21.393036,2021-01-29T04:12:23.225,-9999999,G2,106.21R4.001,UNKNOWN,-9999999,HARPS_ech_obs_all,HARPS_ech_obs_objAB,STAR_SKY_F8,1.5171194326144e-05,2.20978471702625e-06,0,0
72362,GJ9222,103.3167025,-74.72355,2459544.8758225,-12.154609,2.162392,5265.705752,5.328622,-8.870141,1.958555,5267.927741,5.250777,-8.75083,1.952426,43.85441,19.760414,93.182568,2.526955,0.391815,0.001509,0.424105,0.002042,0.573995,0.002619,0,7.602989,37.749761,0.042059,5,57.8,2459544.87581,-0.314284,-0.314323,0,-9999999,0.798229,-1.030186,0.916516,1.42376,0.907496,0.49,80,43.912216,19.752339,2021-11-26T09:01:50.772,-9999999,G2,108.222V.001,UNKNOWN,-9999999,HARPS_ech_obs_all,HARPS_ech_obs_objAB,STAR_SKY_F8,2.45113591999628e-05,1.41157965294443e-06,0,0
