,target,ra,dec,BJD,RV_mlc_nzp,e_RV_mlc_nzp,RV_drs_nzp,e_RV_drs_nzp,RV_mlc,e_RV_mlc,RV_drs,e_RV_drs,RV_mlc_j,e_RV_mlc_j,CRX,e_CRX,dLW,e_dLW,Halpha,e_Halpha,NaD1,e_NaD1,NaD2,e_NaD2,f_RV,FWHM_DRS,CONTRAST_DRS,BIS,RVGUESS,SNR_DRS,BJD_DRS,BERV,BERV_DRS,DRIFT,e_DRIFT,SA,NZP_mlc,dNZP_mlc,NZP_drs,dNZP_drs,TMMEAN,EXPTIME,MLCRX,E_MLCRX,TIMEID,DRIFT_LAMP,MASK,PROGID,PROGPI,AIRMASS,OBHAB,THAR_FP,DPR_TYPE,RHKp,dRHKp,vsinflag,metflag
53472,GJ136,49.44866,-62.5746,2452949.7635235,6.481646,1.039635,12563.391162,1.100031,-7.760169,0.589394,12563.689093,0.497112,-7.760169,0.589394,-36.767261,7.779808,17.035463,1.188338,0.446686,0.000449,0.339663,0.000618,0.460899,0.000802,0,7.111232,40.842799,-0.001138,12,165.8,2452949.76348,-7.018005,-7.017901,0,-9999999,1.2e-05,0.38384,0.85642,0.297919,0.981299,0.53,120,-36.788039,7.771148,2003-11-06T06:16:47.465,-9999999,G2,072.C-0513(B),UNKNOWN,-9999999,HARPS_ech_obs_all,HARPS_ech_obs_thosimult,STAR_WAVE_G2V,2.39272322198616e-05,5.52311023527806e-07,0,0
53473,GJ136,49.44866,-62.5746,2452949.7652416,6.693344,1.049004,12563.995781,1.106902,-7.549003,0.605767,12564.290501,0.512137,-7.549003,0.605767,-32.308654,7.414918,14.870973,1.408321,0.445927,0.00047,0.34053,0.000645,0.462674,0.000839,0,7.113922,40.848099,0.000138,12,159.0,2452949.76524,-7.020088,-7.020028,1,-9999999,1.5e-05,0.383308,0.85642,0.294705,0.981299,0.5,120,-32.332784,7.406991,2003-11-06T06:19:19.517,-9999999,G2,072.C-0513(B),UNKNOWN,-9999999,HARPS_ech_obs_all,HARPS_ech_obs_thosimult,STAR_WAVE_G2V,2.46122496403988e-05,6.14091580729089e-07,0,0
53474,GJ136,49.44866,-62.5746,2452949.7670059,7.360408,1.069226,12565.072895,1.120217,-6.882486,0.640147,12565.364317,0.540312,-6.882486,0.640147,-24.461464,8.366847,16.901062,1.314752,0.446829,0.000487,0.341464,0.000675,0.460795,0.000873,0,7.10904,40.840675,0.001079,12,152.4,2452949.76698,-7.022218,-7.022146,0,-9999999,1.8e-05,0.382761,0.85642,0.291404,0.981299,0.51,120,-24.465293,8.358838,2003-11-06T06:21:50.749,-9999999,G2,072.C-0513(B),UNKNOWN,-9999999,HARPS_ech_obs_all,HARPS_ech_obs_thosimult,STAR_WAVE_G2V,2.40227399679401e-05,6.29035995431019e-07,0,0
53475,GJ136,49.44866,-62.5746,2453039.6243388,18.97451,1.093737,12574.271962,1.131383,5.573771,0.680296,12575.993121,0.563094,5.573771,0.680296,-29.842336,6.940687,1.677922,1.276816,0.44259,0.000517,0.336554,0.000717,0.457098,0.00093,0,7.087639,40.92851,-0.009598,12,143.1,2453039.62433,-5.981987,-5.982062,0,-9999999,0.150593,1.224916,0.856422,1.570566,0.981301,0.5,150,-29.839533,6.941987,2004-02-04T02:59:41.851,-9999999,G2,072.C-0513(D),UNKNOWN,-9999999,HARPS_ech_obs_all,HARPS_ech_obs_thosimult,STAR_WAVE_G2V,2.39033437610193e-05,5.90309281377532e-07,0,0
53476,GJ136,49.44866,-62.5746,2453039.6264385,18.302843,1.076195,12574.055875,1.118992,4.901454,0.651719,12575.773109,0.537765,4.901454,0.651719,-21.156564,5.357246,-0.227007,1.330233,0.442987,0.000493,0.336364,0.000683,0.456629,0.000885,0,7.090525,40.926312,-0.009272,12,150.2,2453039.62644,-5.983004,-5.983079,0,-9999999,0.150596,1.224266,0.856421,1.566638,0.981301,0.5,150,-21.148524,5.35794,2004-02-04T03:02:43.263,-9999999,G2,072.C-0513(D),UNKNOWN,-9999999,HARPS_ech_obs_all,HARPS_ech_obs_thosimult,STAR_WAVE_G2V,2.46749146574633e-05,4.91202690147894e-07,0,0
53477,GJ136,49.44866,-62.5746,2453039.6285498,16.722514,1.064544,12571.957277,1.110126,3.320471,0.632295,12573.670565,0.519067,3.320471,0.632295,-26.582925,6.274077,0.399011,1.423786,0.443451,0.000477,0.335571,0.000658,0.458371,0.000857,0,7.087669,40.925397,-0.00923,12,155.3,2453039.62854,-5.983998,-5.984074,0,-9999999,0.1506,1.223612,0.856421,1.562688,0.9813,0.5,150,-26.575825,6.274791,2004-02-04T03:05:45.686,-9999999,G2,072.C-0513(D),UNKNOWN,-9999999,HARPS_ech_obs_all,HARPS_ech_obs_thosimult,STAR_WAVE_G2V,2.2963392952319e-05,6.35939110530749e-07,0,0
53478,GJ136,49.44866,-62.5746,2453261.8286712,21.080757,1.372465,33897088.911736,-9999999.0,4.857104,1.072464,33897087.866,-9999999.0,4.857104,1.072464,-12.4377,11.5237,23.658484,2.714058,0.445993,0.000423,0.341082,0.000676,0.460745,0.000873,0,14.754582,0.248635,1.77156,31746,148.9,2453261.82867,0.376707,0.375997,-9999999,-9999999,0.522943,-1.597998,0.856436,-1.568679,0.981316,0.48,120,-12.407239,11.530424,2004-09-13T07:49:47.948,-9999999,G2,073.C-0784(B),UNKNOWN,-9999999,HARPS_ech_obs_all,HARPS_ech_obs_thosimult,STAR_WAVE_G2.5V,0.001448875903261,0.009957333200073,0,0
53479,GJ136,49.44866,-62.5746,2453261.8303971,20.092989,1.326022,33897660.724662,-9999999.0,3.868802,1.012349,33897659.6757,-9999999.0,3.868802,1.012349,2.532126,9.577595,20.155797,2.13776,0.445627,0.000413,0.342491,0.000645,0.461864,0.000832,0,15.382499,0.248145,-0.093804,31746,156.8,2453261.83039,0.374435,0.373719,-9999999,-9999999,0.522946,-1.598532,0.856436,-1.571908,0.981317,0.47,120,2.509012,9.586259,2004-09-13T07:52:18.259,-9999999,G2,073.C-0784(B),UNKNOWN,-9999999,HARPS_ech_obs_all,HARPS_ech_obs_thosimult,STAR_WAVE_G2.5V,1.73341453780122e-05,4.38442434524763e-06,0,0
53480,GJ136,49.44866,-62.5746,2453261.8321937,21.031844,1.352531,33896888.29502,-9999999.0,4.807101,1.046831,33896887.2427,-9999999.0,4.807101,1.046831,-1.84321,10.715323,23.19084,2.568036,0.44612,0.000412,0.343149,0.00066,0.462706,0.000852,0,15.351306,0.236656,-1.021447,31746,153.2,2453261.83218,0.372067,0.371359,-9999999,-9999999,0.522949,-1.599088,0.856437,-1.575269,0.981317,0.51,120,-1.86979,10.723054,2004-09-13T07:54:48.690,-9999999,G2,073.C-0784(B),UNKNOWN,-9999999,HARPS_ech_obs_all,HARPS_ech_obs_thosimult,STAR_WAVE_G2.5V,3.58946540985434e-05,2.68233585198481e-06,0,0
53481,GJ136,49.44866,-62.5746,2453306.8303063,2.625754,0.994079,12559.083758,1.059523,-13.257516,0.504688,12559.046666,0.399508,-13.257516,0.504688,2.791794,5.011486,28.793475,1.079251,0.442039,0.000358,0.34123,0.000504,0.461045,0.000654,0,7.107668,40.731354,0.009827,13,203.2,2453306.8303,-6.163824,-6.16476,0,-9999999,0.598353,-1.257615,0.856436,-0.635445,0.981317,0.5,100,2.753163,4.978474,2004-10-28T07:52:55.573,-9999999,G2,074.C-0012(A),UNKNOWN,-9999999,HARPS_ech_obs_all,HARPS_ech_obs_thosimult,STAR_WAVE_G2.5V,2.39660788530278e-05,5.35623415959904e-07,0,0
53482,GJ136,49.44866,-62.5746,2453306.8318218,4.161515,0.998735,12560.577109,1.063438,-11.722224,0.513797,12560.537185,0.409776,-11.722224,0.513797,-5.658662,5.990138,28.947183,1.085988,0.442502,0.000371,0.341136,0.00052,0.461197,0.000675,0,7.10888,40.731695,0.011542,13,197.0,2453306.83182,-6.165456,-6.166389,0,-9999999,0.598356,-1.258084,0.856437,-0.63828,0.981317,0.49,100,-5.690521,5.968536,2004-10-28T07:55:07.515,-9999999,G2,074.C-0012(A),UNKNOWN,-9999999,HARPS_ech_obs_all,HARPS_ech_obs_thosimult,STAR_WAVE_G2.5V,2.38506131104599e-05,5.44055407588904e-07,0,0
53483,GJ136,49.44866,-62.5746,2453306.8333465,5.074414,0.991653,12561.034137,1.059449,-10.809797,0.49989,12560.991362,0.399308,-10.809797,0.49989,-7.001101,4.27286,29.731294,1.237758,0.442318,0.000359,0.340943,0.000505,0.462118,0.000656,0,7.110618,40.728655,0.0123,13,203.1,2453306.83334,-6.167088,-6.168031,0,-9999999,0.598358,-1.258556,0.856437,-0.641133,0.981318,0.5,100,-7.032802,4.250682,2004-10-28T07:57:18.249,-9999999,G2,074.C-0012(A),UNKNOWN,-9999999,HARPS_ech_obs_all,HARPS_ech_obs_thosimult,STAR_WAVE_G2.5V,2.39039381017439e-05,4.57079430689046e-07,0,0
53484,GJ136,49.44866,-62.5746,2453361.5985617,32.076736,1.46161,12587.905729,1.357707,16.794946,1.184413,12587.498015,0.938298,16.794946,1.184413,-16.326125,9.56721,29.588414,2.526901,0.448864,0.00093,0.339778,0.0013,0.461822,0.001689,0,7.130303,40.762329,-0.003175,12,80.2,2453361.59856,-9.070294,-9.070335,0,-9999999,0.690129,-0.656135,0.856428,-1.097843,0.981307,0.46,30,-16.391141,9.583958,2004-12-22T02:21:58.259,-9999999,G2,074.C-0364(A),Robichon,-9999999,HARPS_ech_obs_all,HARPS_ech_obs_objA,STAR_DARK_G2,2.65810715930148e-05,8.66568148845595e-07,0,0
53485,GJ136,49.44866,-62.5746,2453362.69897,25.092383,1.391833,12581.105999,1.308968,9.658148,1.097157,12580.757187,0.866292,9.658148,1.097157,-27.743745,10.276129,32.797534,2.101679,0.449445,0.000886,0.340362,0.001214,0.460405,0.001575,0,7.132955,40.760018,-0.001717,12,85.9,2453362.69897,-9.156335,-9.156376,0,-9999999,0.691973,-0.80858,0.856415,-1.040785,0.981293,0.41,30,-27.838747,10.2875,2004-12-23T04:46:37.909,-9999999,G2,074.C-0364(A),Robichon,-9999999,HARPS_ech_obs_all,HARPS_ech_obs_objA,STAR_DARK_G2,2.60184627786839e-05,8.19655468446139e-07,0,0
53486,GJ136,49.44866,-62.5746,2453363.6074564,21.326204,1.3687,12578.220851,1.293798,5.738731,1.067649,12578.241454,0.843181,5.738731,1.067649,-17.135107,9.823951,31.194715,2.369034,0.453805,0.000855,0.341003,0.001179,0.459269,0.001525,0,7.138418,40.766769,0.004818,12,88.5,2453363.60745,-9.043864,-9.043901,0,-9999999,0.693496,-0.961819,0.856425,-0.672893,0.981305,0.43,30,-17.195361,9.829742,2004-12-24T02:34:52.887,-9999999,G2,074.C-0364(A),Robichon,-9999999,HARPS_ech_obs_all,HARPS_ech_obs_objA,STAR_DARK_G2,2.50646821859755e-05,8.79701335633566e-07,0,0
53487,GJ136,49.44866,-62.5746,2453430.5634078,11.192877,0.938862,12566.693574,1.025069,-4.294683,0.384676,12567.440504,0.296276,-4.294683,0.384676,-7.014225,4.434715,13.413234,1.135316,0.442722,0.000286,0.332745,0.000394,0.450403,0.000511,0,7.090913,40.822413,-0.003943,13,260.3,2453430.5634,-2.390972,-2.390308,0,-9999999,0.805694,-0.861906,0.856438,-0.058764,0.981319,0.54,240,-7.022457,4.426778,2005-03-01T01:31:32.991,-9999999,G2,074.C-0012(B),UNKNOWN,-9999999,HARPS_ech_obs_all,HARPS_ech_obs_thosimult,STAR_WAVE_G2.5V,2.36872814969661e-05,5.27116063883413e-07,0,0
53488,GJ136,49.44866,-62.5746,2453430.5664345,9.742835,0.932197,12565.377868,1.020752,-5.745663,0.368111,12566.119142,0.28098,-5.745663,0.368111,-1.969261,3.978674,11.070474,1.062941,0.442858,0.000261,0.333255,0.000365,0.450076,0.000473,0,7.090741,40.831889,-0.005067,13,280.3,2453430.56643,-2.392146,-2.391487,0,-9999999,0.8057,-0.862843,0.856437,-0.064426,0.981318,0.5,240,-1.978699,3.966928,2005-03-01T01:36:04.097,-9999999,G2,074.C-0012(B),UNKNOWN,-9999999,HARPS_ech_obs_all,HARPS_ech_obs_thosimult,STAR_WAVE_G2.5V,2.35478196562916e-05,5.76498855293452e-07,0,0
53489,GJ136,49.44866,-62.5746,2453430.5695737,9.716996,0.936253,12565.510074,1.022529,-5.772474,0.378267,12566.24548,0.287373,-5.772474,0.378267,-6.341477,3.334062,10.794803,1.189451,0.442858,0.000264,0.332332,0.000371,0.4485,0.00048,0,7.088236,40.836392,-0.00428,13,275.4,2453430.56957,-2.393301,-2.392641,0,-9999999,0.805705,-0.863815,0.856436,-0.070299,0.981317,0.5,240,-6.345989,3.318145,2005-03-01T01:40:35.324,-9999999,G2,074.C-0012(B),UNKNOWN,-9999999,HARPS_ech_obs_all,HARPS_ech_obs_thosimult,STAR_WAVE_G2.5V,2.32037504843675e-05,4.93878174180857e-07,0,0
53490,GJ136,49.44866,-62.5746,2453624.9062086,-0.37073,1.039349,12555.550979,1.129541,-14.367198,0.71276,12555.602117,0.559296,-14.367198,0.71276,2.72062,5.136857,6.339412,1.533066,0.436632,0.000559,0.337768,0.000778,0.454403,0.001005,0,7.078576,40.947607,-0.007416,13,133.1,2453624.90621,0.618207,0.61733,0,-9999999,1.131357,0.629187,0.756452,-1.080219,0.981352,0.45,300,2.72902,5.119009,2005-09-11T09:40:10.131,-9999999,G2,60.A-9036(A),UNKNOWN,-9999999,HARPS_ech_obs_all,HARPS_ech_obs_thosimult,STAR_WAVE_G2.5V,1.99008797678822e-05,5.0807583493265e-07,0,0
53491,GJ136,49.44866,-62.5746,2453624.9103184,-0.184176,0.912695,12556.30075,1.061416,-14.181917,0.510675,12556.344206,0.40441,-14.181917,0.510675,3.876665,4.307995,5.26365,0.988832,0.436679,0.000386,0.336599,0.000541,0.454016,0.0007,0,7.080237,40.947547,-0.005186,13,190.0,2453624.91032,0.61294,0.612063,0,-9999999,1.131364,0.627914,0.756454,-1.087908,0.981354,0.53,300,3.876824,4.279307,2005-09-11T09:45:41.214,-9999999,G2,60.A-9036(A),UNKNOWN,-9999999,HARPS_ech_obs_all,HARPS_ech_obs_thosimult,STAR_WAVE_G2.5V,1.977592151573e-05,4.81458029118267e-07,0,0
53492,GJ136,49.44866,-62.5746,2453624.9142508,-0.306969,0.845401,12556.696221,1.025822,-14.305927,0.37746,12556.732327,0.298746,-14.305927,0.37746,-1.164305,3.936108,4.355943,0.775479,0.436819,0.000279,0.336244,0.000392,0.452781,0.000507,0,7.079196,40.951306,-0.006452,13,261.6,2453624.91424,0.607935,0.607069,0,-9999999,1.131371,0.626697,0.756457,-1.095265,0.981357,0.56,300,-1.168391,3.905151,2005-09-11T09:51:11.976,-9999999,G2,60.A-9036(A),UNKNOWN,-9999999,HARPS_ech_obs_all,HARPS_ech_obs_thosimult,STAR_WAVE_G2.5V,1.9160486819857e-05,4.26541012638359e-07,0,0
53493,GJ136,49.44866,-62.5746,2453689.6564699,-6.742059,0.903078,12548.446537,0.998745,-21.046208,0.286531,12549.740123,0.185876,-21.046208,0.286531,15.855508,3.0064,-1.458163,1.455622,0.428439,0.000179,0.334314,0.00025,0.463173,0.000326,128,7.047165,41.128106,-0.014825,13,409.8,2453689.65646,-7.788817,-7.789891,-1,-9999999,1.23986,0.321506,0.856417,0.053726,0.981296,0.49,300,15.89441,2.972911,2005-11-15T03:41:34.592,-9999999,G2,60.A-9036(A),UNKNOWN,-9999999,HARPS_ech_obs_all,HARPS_ech_obs_thosimult,STAR_WAVE_G2.5V,1.75066297097784e-05,3.38445044405338e-07,0,0
53494,GJ136,49.44866,-62.5746,2453689.6603921,-6.359733,0.900858,12548.968402,0.997328,-20.665096,0.279457,12550.254657,0.178106,-20.665096,0.279457,15.259473,3.109322,-2.763577,1.445501,0.428342,0.000173,0.334049,0.000241,0.462896,0.000314,128,7.046024,41.137122,-0.013378,13,425.4,2453689.66039,-7.793703,-7.79478,-1,-9999999,1.239867,0.320291,0.856417,0.046388,0.981295,0.51,300,15.289572,3.089953,2005-11-15T03:47:07.475,-9999999,G2,60.A-9036(A),UNKNOWN,-9999999,HARPS_ech_obs_all,HARPS_ech_obs_thosimult,STAR_WAVE_G2.5V,1.72018176295316e-05,3.21827024876903e-07,0,0
53495,GJ136,49.44866,-62.5746,2453689.6641816,-7.540203,0.901402,12547.977371,0.997887,-21.84674,0.281207,12549.256543,0.181215,-21.84674,0.281207,12.442555,3.019091,-3.4966,1.413429,0.428592,0.000175,0.334563,0.000245,0.463299,0.000318,128,7.045644,41.14207,-0.013666,13,419.8,2453689.66417,-7.798439,-7.799498,-1,-9999999,1.239873,0.319118,0.856416,0.039299,0.981295,0.5,300,12.468398,2.978284,2005-11-15T03:52:37.899,-9999999,G2,60.A-9036(A),UNKNOWN,-9999999,HARPS_ech_obs_all,HARPS_ech_obs_thosimult,STAR_WAVE_G2.5V,1.75628564271267e-05,4.3939474224139e-07,0,0
53496,GJ136,49.44866,-62.5746,2453690.7597218,0.653953,0.887944,12554.52468,1.064486,-15.001375,0.532779,12555.581523,0.412534,-15.001375,0.532779,2.71576,5.622893,-18.350625,1.010699,0.430054,0.000392,0.33307,0.00055,0.454009,0.000717,0,7.052095,41.100259,-0.014823,13,186.6,2453690.75972,-7.998052,-7.99912,0,-9999999,1.241709,-1.029673,0.710346,-0.184866,0.981298,0.51,120,2.691229,5.578301,2005-11-16T06:11:43.848,-9999999,G2,076.C-0878(A),UNKNOWN,-9999999,HARPS_ech_obs_all,HARPS_ech_obs_thosimult,STAR_WAVE_G2.5V,1.74075514890928e-05,4.81539184173448e-07,0,0
53497,GJ136,49.44866,-62.5746,2453690.7614929,2.38345,0.866708,12556.022237,1.053471,-13.272427,0.49658,12557.075769,0.383215,-13.272427,0.49658,7.483091,4.767909,-18.510955,1.131832,0.430144,0.000357,0.33418,0.000505,0.450917,0.000654,0,7.053453,41.094125,-0.016037,13,203.7,2453690.76149,-8.000024,-8.001086,0,-9999999,1.241712,-1.030222,0.710346,-0.18818,0.981298,0.53,120,7.46785,4.72624,2005-11-16T06:14:14.483,-9999999,G2,076.C-0878(A),UNKNOWN,-9999999,HARPS_ech_obs_all,HARPS_ech_obs_thosimult,STAR_WAVE_G2.5V,1.78010245214657e-05,3.99121673565617e-07,0,0
53498,GJ136,49.44866,-62.5746,2453690.7631558,1.14638,0.86427,12554.789595,1.052952,-14.510012,0.492312,12555.840019,0.381786,-14.510012,0.492312,6.755654,4.759793,-17.628223,0.864655,0.430108,0.000361,0.334812,0.000508,0.453488,0.00066,0,7.051498,41.094379,-0.014668,13,202.6,2453690.76315,-8.001865,-8.002914,0,-9999999,1.241715,-1.030737,0.710346,-0.191291,0.981299,0.47,120,6.732205,4.712844,2005-11-16T06:16:45.358,-9999999,G2,076.C-0878(A),UNKNOWN,-9999999,HARPS_ech_obs_all,HARPS_ech_obs_thosimult,STAR_WAVE_G2.5V,1.76571573655323e-05,4.06056436480081e-07,0,0
53499,GJ136,49.44866,-62.5746,2453930.9406249,-6.444441,0.688178,12549.448425,0.70643,-21.071275,0.514821,12550.843883,0.399557,-21.071275,0.514821,-0.828111,4.905117,-11.594742,1.119244,0.431482,0.000395,0.335569,0.000543,0.46607,0.000706,0,7.062474,41.054324,-0.011006,13,189.5,2453930.94073,7.87934,7.879345,0,-9999999,1.644183,-0.001179,0.456671,-0.248725,0.582578,0.43,120,-0.834348,4.857907,2006-07-14T10:32:26.519,-9999999,G2,077.C-0530(A),UNKNOWN,-9999999,HARPS_ech_obs_all,HARPS_ech_obs_thosimult,STAR_WAVE_G2.5V,1.88652696056469e-05,3.8263956645891e-07,0,0
53500,GJ136,49.44866,-62.5746,2453930.9424094,-5.585751,0.723314,12550.697387,0.727276,-20.213138,0.560922,12552.089509,0.435351,-20.213138,0.560922,9.758623,4.840469,-10.243599,1.08892,0.431173,0.000429,0.336332,0.000593,0.465035,0.000769,0,7.066499,41.060783,-0.013569,13,173.9,2453930.94251,7.877383,7.877395,0,-9999999,1.644186,-0.001732,0.456673,-0.252064,0.58258,0.43,120,9.756636,4.79335,2006-07-14T10:35:00.697,-9999999,G2,077.C-0530(A),UNKNOWN,-9999999,HARPS_ech_obs_all,HARPS_ech_obs_thosimult,STAR_WAVE_G2.5V,1.83061139727603e-05,4.89798894064154e-07,0,0
53501,GJ136,49.44866,-62.5746,2453930.9441821,-7.829609,0.718902,12548.608874,0.724032,-22.457545,0.555219,12549.997683,0.429907,-22.457545,0.555219,10.479949,5.212893,-12.782842,1.217656,0.430213,0.000422,0.335354,0.000583,0.466183,0.000759,0,7.062348,41.057414,-0.007966,13,176.5,2453930.94428,7.875427,7.875434,0,-9999999,1.644189,-0.002281,0.456675,-0.25538,0.582582,0.42,120,10.456402,5.151071,2006-07-14T10:37:35.054,-9999999,G2,077.C-0530(A),UNKNOWN,-9999999,HARPS_ech_obs_all,HARPS_ech_obs_thosimult,STAR_WAVE_G2.5V,1.90106565736632e-05,4.64133614296714e-07,0,0
53502,GJ136,49.44866,-62.5746,2453936.8350704,-12.984438,0.669889,12543.182345,0.669694,-27.668292,0.504909,12544.714925,0.384799,-27.668292,0.504909,4.872789,5.060912,-18.115998,1.113074,0.434262,0.000372,0.342499,0.000517,0.455659,0.000673,0,7.054918,41.102202,-0.009021,13,197.8,2453936.83517,7.506743,7.506691,-1,-9999999,1.65406,-0.058199,0.440248,-0.12148,0.548105,0.41,120,4.834975,4.959498,2006-07-20T08:00:16.148,-9999999,G2,077.C-0530(A),UNKNOWN,-9999999,HARPS_ech_obs_all,HARPS_ech_obs_thosimult,STAR_WAVE_G2.5V,1.80268117286546e-05,3.39794928391942e-07,0,0
53503,GJ136,49.44866,-62.5746,2453936.8368637,-13.243371,0.652039,12543.576748,0.659265,-27.927781,0.480973,12545.105976,0.366346,-27.927781,0.480973,4.484266,4.51696,-19.0904,1.082226,0.433402,0.000352,0.342812,0.000491,0.455138,0.000639,0,7.055492,41.104218,-0.005688,13,208.2,2453936.83696,7.505591,7.50554,0,-9999999,1.654063,-0.058755,0.44025,-0.124835,0.548106,0.41,120,4.463192,4.405715,2006-07-20T08:02:51.086,-9999999,G2,077.C-0530(A),UNKNOWN,-9999999,HARPS_ech_obs_all,HARPS_ech_obs_thosimult,STAR_WAVE_G2.5V,1.80668069927671e-05,4.15381651471749e-07,0,0
53504,GJ136,49.44866,-62.5746,2453936.8386454,-14.502254,0.644601,12542.042992,0.655853,-29.187216,0.470839,12543.56889,0.360169,-29.187216,0.470839,3.760546,4.087912,-20.823424,1.177744,0.433932,0.000348,0.343087,0.000484,0.455886,0.000629,0,7.052273,41.108168,-0.006765,13,211.6,2453936.83875,7.504426,7.504369,0,-9999999,1.654066,-0.059307,0.440251,-0.128168,0.548107,0.41,120,3.727838,3.959852,2006-07-20T08:05:25.023,-9999999,G2,077.C-0530(A),UNKNOWN,-9999999,HARPS_ech_obs_all,HARPS_ech_obs_thosimult,STAR_WAVE_G2.5V,1.80367384699188e-05,4.45805020239215e-07,0,0
53505,GJ136,49.44866,-62.5746,2453973.8462442,-8.963223,1.120574,12545.939422,1.127022,-23.754217,0.72263,12547.224669,0.554242,-23.754217,0.72263,19.852188,7.059868,-18.531595,1.439921,0.433529,0.000549,0.334988,0.000763,0.467178,0.000994,0,7.061033,41.108325,-0.010345,13,135.5,2453973.84635,3.142224,3.14132,0,-9999999,1.71608,-0.165339,0.856442,-0.430833,0.981323,0.42,120,19.849441,7.031267,2006-08-26T08:15:22.892,-9999999,G2,077.C-0530(A),UNKNOWN,-9999999,HARPS_ech_obs_all,HARPS_ech_obs_thosimult,STAR_WAVE_G2.5V,1.89321279918539e-05,4.63504693421669e-07,0,0
53506,GJ136,49.44866,-62.5746,2453973.8480465,-7.862019,1.056779,12548.111717,1.091298,-22.653571,0.619102,12549.393596,0.477427,-22.653571,0.619102,9.409963,6.212161,-19.079359,1.315756,0.434321,0.000467,0.336718,0.000651,0.46692,0.000846,0,7.062008,41.115017,-0.007727,13,158.8,2453973.84814,3.139989,3.139099,0,-9999999,1.716083,-0.165897,0.856443,-0.434204,0.981323,0.41,120,9.410412,6.178867,2006-08-26T08:17:59.810,-9999999,G2,077.C-0530(A),UNKNOWN,-9999999,HARPS_ech_obs_all,HARPS_ech_obs_thosimult,STAR_WAVE_G2.5V,1.75450960988557e-05,4.79360534313983e-07,0,0
53507,GJ136,49.44866,-62.5746,2453973.849863,-8.832653,1.060925,12547.414624,1.094419,-23.624767,0.626152,12548.693108,0.484515,-23.624767,0.626152,14.888746,5.386219,-16.056288,1.418561,0.43429,0.000475,0.335419,0.000659,0.465506,0.000857,0,7.064554,41.097192,-0.010483,13,156.4,2453973.84996,3.137727,3.136829,0,-9999999,1.716087,-0.166459,0.856443,-0.437603,0.981324,0.42,120,14.903586,5.351503,2006-08-26T08:20:35.547,-9999999,G2,077.C-0530(A),UNKNOWN,-9999999,HARPS_ech_obs_all,HARPS_ech_obs_thosimult,STAR_WAVE_G2.5V,1.7216029260345e-05,4.29985714178979e-07,0,0
53508,GJ136,49.44866,-62.5746,2454043.6229204,0.738632,1.178903,12556.576057,1.162597,-13.260385,0.810157,12559.257819,0.623442,-13.260385,0.810157,13.881011,7.421327,-12.838722,1.885864,0.431613,0.000619,0.342166,0.000861,0.462344,0.001117,0,7.059131,41.087088,-0.017222,13,120.3,2454043.62301,-6.658811,-6.658835,0,-9999999,1.833006,0.626638,0.856422,0.848756,0.981301,0.36,60,13.853495,7.407148,2006-11-04T02:54:57.736,-9999999,G2,078.C-0044(A),UNKNOWN,-9999999,HARPS_ech_obs_all,HARPS_ech_obs_objA,STAR_DARK_G2V,1.90110305256672e-05,5.30751457492828e-07,0,0
53509,GJ136,49.44866,-62.5746,2454057.6351103,-11.873471,1.202542,12544.348167,1.176954,-26.156623,0.844187,12546.826948,0.649826,-26.156623,0.844187,13.17613,7.495819,-22.933536,1.858664,0.43237,0.000647,0.335172,0.0009,0.45263,0.001167,0,7.061464,41.145112,-0.008264,13,115.5,2454057.6352,-7.993514,-7.993566,0,-9999999,1.856487,0.342502,0.85642,0.622294,0.981299,0.37,60,13.159552,7.439898,2006-11-18T03:13:00.374,-9999999,G2,078.C-0044(A),UNKNOWN,-9999999,HARPS_ech_obs_all,HARPS_ech_obs_objA,STAR_DARK_G2V,1.72899163504878e-05,5.40712964687245e-07,0,0
53510,GJ136,49.44866,-62.5746,2454058.5665701,-12.694571,1.084608,12541.812623,1.109204,-27.073563,0.6655,12544.315682,0.517059,-27.073563,0.6655,10.111044,5.87455,-24.123347,1.531247,0.431632,0.000507,0.335575,0.000707,0.456082,0.00092,0,7.056269,41.152426,-0.013009,13,146.1,2454058.56666,-7.99397,-7.995289,0,-9999999,1.858047,0.246663,0.856437,0.645012,0.981318,0.42,120,10.086064,5.79158,2006-11-19T01:33:52.469,-9999999,G2,078.C-0833(A),UNKNOWN,-9999999,HARPS_ech_obs_all,HARPS_ech_obs_thosimult,STAR_WAVE_G2.5V,1.62822616069225e-05,5.62108337398825e-07,0,0
53511,GJ136,49.44866,-62.5746,2454058.5683529,-11.620797,1.070971,12542.758058,1.100825,-26.000341,0.643036,12545.257785,0.498832,-26.000341,0.643036,9.276781,5.121584,-23.930224,1.443833,0.431586,0.000488,0.336744,0.000681,0.454427,0.000885,0,7.052742,41.146731,-0.012303,13,151.7,2454058.56845,-7.995752,-7.997078,0,-9999999,1.85805,0.246111,0.856437,0.641677,0.981317,0.42,120,9.258781,5.033071,2006-11-19T01:36:26.507,-9999999,G2,078.C-0833(A),UNKNOWN,-9999999,HARPS_ech_obs_all,HARPS_ech_obs_thosimult,STAR_WAVE_G2.5V,1.83178574079967e-05,4.94256082955176e-07,0,0
53512,GJ136,49.44866,-62.5746,2454058.5701366,-11.514604,1.049199,12542.346394,1.088033,-25.894701,0.606082,12544.842787,0.469929,-25.894701,0.606082,0.505682,5.483875,-24.155682,1.237986,0.432019,0.000458,0.335327,0.000638,0.455617,0.000831,0,7.055841,41.144179,-0.013197,13,161.7,2454058.57024,-7.99755,-7.998882,0,-9999999,1.858053,0.245558,0.856436,0.63834,0.981316,0.42,120,0.488956,5.390567,2006-11-19T01:39:00.626,-9999999,G2,078.C-0833(A),UNKNOWN,-9999999,HARPS_ech_obs_all,HARPS_ech_obs_thosimult,STAR_WAVE_G2.5V,1.82567280572205e-05,5.33635236046237e-07,0,0
53513,GJ136,49.44866,-62.5746,2454076.5669514,-0.150913,1.040915,12555.075054,1.123195,-13.934753,0.710676,12557.53208,0.546427,-13.934753,0.710676,15.83701,6.414894,-23.113722,1.566841,0.435343,0.000521,0.333301,0.000725,0.462055,0.000942,0,7.063148,41.102366,-0.014968,13,142.3,2454076.56704,-8.931324,-8.931414,0,-9999999,1.888211,0.841815,0.760555,0.568815,0.981318,0.38,60,15.813812,6.386638,2006-12-07T01:35:37.760,-9999999,G2,078.C-0044(A),UNKNOWN,-9999999,HARPS_ech_obs_all,HARPS_ech_obs_objA,STAR_DARK_G2V,1.74464378118234e-05,4.49352420173192e-07,0,0
53514,GJ136,49.44866,-62.5746,2454076.5970708,-1.098559,3.320851,12554.395956,2.898615,-14.891726,3.232588,12556.796684,2.727454,-14.891726,3.232588,16.840603,27.555464,-39.762809,7.945781,0.437539,0.002273,0.342733,0.003317,0.462375,0.004202,0,7.062067,41.161579,-0.016144,13,34.4,2454076.59715,-8.966367,-8.967448,0,-9999999,1.888261,0.832488,0.760544,0.512467,0.981308,0.37,120,16.965866,27.539138,2006-12-07T02:18:38.551,-9999999,G2,078.C-0833(A),UNKNOWN,-9999999,HARPS_ech_obs_all,HARPS_ech_obs_thosimult,STAR_WAVE_G2.5V,4.57121404844083e-07,6.21668430040796e-06,0,0
53515,GJ136,49.44866,-62.5746,2454076.5989014,-0.161709,0.892504,12554.971889,1.045497,-13.955443,0.467051,12557.369196,0.360694,-13.955443,0.467051,14.640049,4.030674,-19.216115,0.830362,0.438215,0.000348,0.333328,0.00048,0.461679,0.000624,0,7.064625,41.081016,-0.015979,13,214.5,2454076.599,-8.968545,-8.969646,1,-9999999,1.888264,0.831921,0.760544,0.509043,0.981307,0.43,120,14.611092,3.982875,2006-12-07T02:21:09.520,-9999999,G2,078.C-0833(A),UNKNOWN,-9999999,HARPS_ech_obs_all,HARPS_ech_obs_thosimult,STAR_WAVE_G2.5V,1.95799005293987e-05,4.76627693610746e-07,0,0
53516,GJ136,49.44866,-62.5746,2454076.6006607,1.215704,0.889728,12556.151711,1.044422,-12.578575,0.461724,12558.545729,0.357566,-12.578575,0.461724,3.875958,4.449702,-18.417432,1.037819,0.438801,0.000356,0.333523,0.000486,0.462319,0.000632,0,7.064925,41.078318,-0.014675,13,212.2,2454076.60076,-8.970643,-8.971738,1,-9999999,1.888267,0.831376,0.760543,0.505751,0.981307,0.43,120,3.860548,4.404019,2006-12-07T02:23:41.528,-9999999,G2,078.C-0833(A),UNKNOWN,-9999999,HARPS_ech_obs_all,HARPS_ech_obs_thosimult,STAR_WAVE_G2.5V,1.93631036351745e-05,4.91109984969945e-07,0,0
53517,GJ136,49.44866,-62.5746,2454100.5807081,3.437873,1.031288,12558.384487,0.93157,-10.551071,0.574524,12562.062593,0.441757,-10.551071,0.574524,5.173266,5.518975,11.515967,1.057223,0.436776,0.000426,0.326973,0.000584,0.457125,0.000761,0,7.099395,40.902329,-0.006993,13,176.0,2454100.58079,-8.824011,-8.824131,0,-9999999,1.928451,0.636711,0.856433,1.749655,0.820166,0.37,60,5.166011,5.509079,2006-12-31T01:56:29.476,-9999999,G2,078.C-0044(A),UNKNOWN,-9999999,HARPS_ech_obs_all,HARPS_ech_obs_objA,STAR_DARK_G2V,2.16831730102677e-05,4.47788669035552e-07,0,0
53518,GJ136,49.44866,-62.5746,2454100.7456503,1.866137,1.115949,12556.078841,0.979649,-12.173886,0.715466,12559.448647,0.535791,-12.173886,0.715466,2.519791,6.783,10.419068,1.290096,0.438008,0.000519,0.321293,0.000718,0.453446,0.000938,0,7.102085,40.906023,-0.001636,13,143.0,2454100.74575,-8.96331,-8.963805,1,-9999999,1.928727,0.585632,0.856417,1.441079,0.820146,0.42,120,2.470523,6.75491,2006-12-31T05:53:32.702,-9999999,G2,078.C-0833(A),UNKNOWN,-9999999,HARPS_ech_obs_all,HARPS_ech_obs_thosimult,STAR_WAVE_G2.5V,2.15143448396293e-05,5.87242326168707e-07,0,0
53519,GJ136,49.44866,-62.5746,2454100.7472576,2.979831,1.193816,12556.58165,1.027496,-11.06069,0.831713,12559.948452,0.618956,-11.06069,0.831713,0.44133,8.442122,11.31358,1.366078,0.43764,0.000614,0.321973,0.000846,0.454824,0.001105,0,7.105549,40.8958,-0.006092,13,122.1,2454100.74733,-8.963946,-8.96443,1,-9999999,1.92873,0.585134,0.856417,1.438072,0.820147,0.32,120,0.408487,8.42347,2006-12-31T05:56:03.580,-9999999,G2,078.C-0833(A),UNKNOWN,-9999999,HARPS_ech_obs_all,HARPS_ech_obs_thosimult,STAR_WAVE_G2.5V,2.15701218066969e-05,6.63965814453325e-07,0,0
53520,GJ136,49.44866,-62.5746,2454100.7493383,2.107368,1.292649,12555.898702,1.084939,-11.933797,0.968241,12559.261615,0.710247,-11.933797,0.968241,-1.01115,8.655736,11.936836,2.073725,0.438222,0.000704,0.319852,0.000976,0.455891,0.001279,0,7.105031,40.90886,-0.00682,13,105.9,2454100.74947,-8.964743,-8.965245,0,-9999999,1.928734,0.58449,0.856418,1.434179,0.820147,0.56,120,-1.050837,8.636999,2006-12-31T05:58:34.558,-9999999,G2,078.C-0833(A),UNKNOWN,-9999999,HARPS_ech_obs_all,HARPS_ech_obs_thosimult,STAR_WAVE_G2.5V,2.19483751736979e-05,8.08324289427608e-07,0,0
53521,GJ136,49.44866,-62.5746,2454123.5690902,-10.130161,1.404609,12544.680838,1.3279,-23.913727,1.258421,12548.470683,0.927267,-23.913727,1.258421,36.391043,11.531646,-15.093207,2.093,0.436384,0.000929,0.331347,0.001301,0.449424,0.001686,0,7.065254,41.080101,-0.010922,13,80.4,2454123.56918,-7.234648,-7.234802,0,-9999999,1.966973,0.842089,0.623942,1.822872,0.950523,0.36,60,36.324456,11.485118,2007-01-23T01:40:39.872,-9999999,G2,078.C-0044(A),UNKNOWN,-9999999,HARPS_ech_obs_all,HARPS_ech_obs_objA,STAR_DARK_G2V,1.91279811863684e-05,7.78576401432624e-07,0,0
53522,GJ136,49.44866,-62.5746,2454123.5708882,-11.544218,1.621511,12544.452109,1.456172,-25.328341,1.496662,12548.238594,1.103152,-25.328341,1.496662,13.286268,12.834978,-17.978641,2.950417,0.435912,0.001087,0.33103,0.001536,0.453125,0.001998,0,7.065972,41.100725,-0.016387,13,68.7,2454123.57097,-7.236351,-7.236352,0,-9999999,1.966976,0.841532,0.623941,1.819509,0.950522,0.37,120,13.244185,12.796722,2007-01-23T01:42:52.419,-9999999,G2,078.C-0833(A),UNKNOWN,-9999999,HARPS_ech_obs_all,HARPS_ech_obs_thosimult,STAR_WAVE_G2.5V,1.41796278090131e-05,1.22002362821535e-06,0,0
53523,GJ136,49.44866,-62.5746,2454123.5725514,-10.098494,1.323351,12545.058173,1.287563,-23.883132,1.167029,12548.841549,0.86852,-23.883132,1.167029,19.770073,9.94198,-19.48132,2.686222,0.436051,0.000928,0.331714,0.001266,0.454074,0.001648,0,7.065981,41.110916,-0.009031,13,82.8,2454123.57263,-7.237916,-7.237905,0,-9999999,1.966979,0.841017,0.62394,1.816397,0.950522,0.31,120,19.685837,9.88217,2007-01-23T01:45:23.327,-9999999,G2,078.C-0833(A),UNKNOWN,-9999999,HARPS_ech_obs_all,HARPS_ech_obs_thosimult,STAR_WAVE_G2.5V,1.73069014130872e-05,8.27549662810094e-07,0,0
53524,GJ136,49.44866,-62.5746,2454123.5742155,-109.764177,43.207866,12363.415253,7.937478,-123.54933,43.203361,12367.195519,7.88036,-123.54933,43.203361,-476.584806,414.748128,59.683969,84.094773,0.360948,0.030703,0.261661,0.051704,0.550544,0.067795,64,7.179053,37.940753,0.144029,13,3.4,2454123.57427,-7.239473,-7.239449,0,-9999999,1.966982,0.840502,0.623939,1.813284,0.950521,0.25,120,-382.500329,415.723389,2007-01-23T01:47:54.305,-9999999,G2,078.C-0833(A),UNKNOWN,-9999999,HARPS_ech_obs_all,HARPS_ech_obs_thosimult,STAR_WAVE_G2.5V,6.04660382435517e-05,3.87178348299167e-06,0,0
53525,GJ136,49.44866,-62.5746,2454124.5942452,-6.547704,1.059247,12548.947095,1.095756,-20.829898,0.623325,12551.24715,0.487559,-20.829898,0.623325,18.662659,5.495746,-20.699438,1.46961,0.433971,0.000471,0.333162,0.00065,0.452409,0.000846,0,7.064002,41.102793,-0.0135,13,158.8,2454124.59433,-7.158483,-7.158628,0,-9999999,1.968691,0.343461,0.856429,0.331364,0.981309,0.35,60,18.619489,5.414361,2007-01-24T02:16:55.959,-9999999,G2,078.C-0044(A),UNKNOWN,-9999999,HARPS_ech_obs_all,HARPS_ech_obs_objA,STAR_DARK_G2V,1.87296162395883e-05,6.15344846309451e-07,0,0
53526,GJ136,49.44866,-62.5746,2454124.5963728,-5.713604,0.96451,12550.545603,1.041318,-19.996457,0.443634,12552.841681,0.348393,-19.996457,0.443634,18.071633,4.019044,-18.627811,0.995673,0.433964,0.000332,0.33204,0.000457,0.451733,0.000596,0,7.0618,41.091259,-0.011924,13,224.5,2454124.59647,-7.160256,-7.160221,0,-9999999,1.968694,0.342802,0.856428,0.327384,0.981308,0.41,120,18.025914,3.913606,2007-01-24T02:19:31.588,-9999999,G2,078.C-0833(A),UNKNOWN,-9999999,HARPS_ech_obs_all,HARPS_ech_obs_thosimult,STAR_WAVE_G2.5V,1.96863175574495e-05,4.47429271697288e-07,0,0
53527,GJ136,49.44866,-62.5746,2454124.5981432,-6.11701,0.968061,12549.749505,1.043724,-20.400412,0.451302,12552.042274,0.35552,-20.400412,0.451302,6.800469,4.682503,-19.702997,0.898448,0.432883,0.00034,0.332441,0.000469,0.451447,0.00061,0,7.062665,41.091447,-0.013463,13,219.2,2454124.59824,-7.161715,-7.161686,0,-9999999,1.968697,0.342253,0.856428,0.324072,0.981307,0.42,120,6.746189,4.593007,2007-01-24T02:22:03.356,-9999999,G2,078.C-0833(A),UNKNOWN,-9999999,HARPS_ech_obs_all,HARPS_ech_obs_thosimult,STAR_WAVE_G2.5V,1.79416696678953e-05,4.52063443894056e-07,0,0
53528,GJ136,49.44866,-62.5746,2454124.5998902,-6.24034,0.962733,12549.38804,1.040377,-20.524283,0.439758,12551.677543,0.345572,-20.524283,0.439758,8.79358,4.458961,-18.470956,1.001161,0.432929,0.000327,0.3315,0.000452,0.452071,0.00059,0,7.062344,41.098828,-0.012842,13,226.8,2454124.59999,-7.163141,-7.163107,0,-9999999,1.9687,0.341712,0.856427,0.320803,0.981307,0.42,120,8.748889,4.364477,2007-01-24T02:24:34.294,-9999999,G2,078.C-0833(A),UNKNOWN,-9999999,HARPS_ech_obs_all,HARPS_ech_obs_thosimult,STAR_WAVE_G2.5V,1.85351897994922e-05,4.04639651892969e-07,0,0
53529,GJ136,49.44866,-62.5746,2454133.6363552,18.684853,1.189852,12573.796327,1.164964,3.519994,0.826011,12575.476726,0.627849,3.519994,0.826011,-1.339531,7.418763,11.440371,1.661916,0.440706,0.000601,0.330875,0.000836,0.460023,0.001086,0,7.088444,40.902546,-0.016213,13,123.7,2454133.63644,-6.206522,-6.20665,0,-9999999,1.983843,-0.539204,0.85642,-0.303444,0.981299,0.36,60,-1.403514,7.429403,2007-02-02T03:17:50.744,-9999999,G2,078.C-0044(A),UNKNOWN,-9999999,HARPS_ech_obs_all,HARPS_ech_obs_objA,STAR_DARK_G2V,2.13583250513694e-05,6.33258496346322e-07,0,0
53530,GJ136,49.44866,-62.5746,2454134.6028505,18.356732,1.25201,12573.824113,1.199935,3.17087,0.91327,12575.526021,0.690567,3.17087,0.91327,-13.309179,7.100681,18.669957,2.022477,0.439087,0.000674,0.339949,0.000934,0.460692,0.001213,0,7.096198,40.846182,-0.011729,13,111.0,2454134.60293,-6.070317,-6.070459,0,-9999999,1.985462,-0.560207,0.856427,-0.283554,0.981306,0.34,60,-13.321445,7.103241,2007-02-03T02:29:38.811,-9999999,G2,078.C-0044(A),UNKNOWN,-9999999,HARPS_ech_obs_all,HARPS_ech_obs_objA,STAR_DARK_G2V,1.89917057904678e-05,6.93820053095386e-07,0,0
53531,GJ136,49.44866,-62.5746,2454310.924573,8.060249,1.009204,12564.77061,1.067496,-6.122925,0.533794,12567.149723,0.420089,-6.122925,0.533794,-8.969821,5.246593,32.943942,1.050454,0.442479,0.000411,0.335207,0.000558,0.462962,0.000724,0,7.105483,40.728523,0.00334,13,184.3,2454310.92468,6.594804,6.594457,0,-9999999,2.280927,0.442481,0.856479,0.098186,0.981363,0.43,120,-9.009968,5.235749,2007-07-29T10:08:49.422,-9999999,G2,079.C-0681(A),UNKNOWN,-9999999,HARPS_ech_obs_all,HARPS_ech_obs_thosimult,STAR_WAVE_G2.5V,2.28934386715842e-05,5.97313941959161e-07,0,0
53532,GJ136,49.44866,-62.5746,2454310.9263186,8.062686,1.006588,12564.829785,1.065733,-6.121029,0.528831,12567.205636,0.415586,-6.121029,0.528831,-6.51991,4.838385,34.136967,1.212304,0.442302,0.000408,0.336276,0.000554,0.465078,0.00072,0,7.105629,40.728006,0.0024,13,185.8,2454310.92642,6.592705,6.59236,-1,-9999999,2.28093,0.44194,0.85648,0.094921,0.981364,0.43,120,-6.549012,4.827913,2007-07-29T10:11:20.240,-9999999,G2,079.C-0681(A),UNKNOWN,-9999999,HARPS_ech_obs_all,HARPS_ech_obs_thosimult,STAR_WAVE_G2.5V,2.37908414038506e-05,5.73143123389887e-07,0,0
53533,GJ136,49.44866,-62.5746,2454310.9280517,8.682624,0.998547,12565.580704,1.061325,-5.501627,0.513357,12567.953315,0.404145,-5.501627,0.513357,-2.529988,5.384938,33.045177,1.032278,0.441935,0.000395,0.336258,0.000537,0.465663,0.000698,0,7.104414,40.7347,0.006315,13,191.6,2454310.92815,6.590613,6.59027,-1,-9999999,2.280933,0.441404,0.856481,0.091678,0.981365,0.42,120,-2.579689,5.377261,2007-07-29T10:13:51.179,-9999999,G2,079.C-0681(A),UNKNOWN,-9999999,HARPS_ech_obs_all,HARPS_ech_obs_thosimult,STAR_WAVE_G2.5V,2.27776346380814e-05,5.36211652380822e-07,0,0
53534,GJ136,49.44866,-62.5746,2454335.8214298,-0.418805,1.084184,12553.904178,1.110294,-14.824598,0.664813,12556.893531,0.519401,-14.824598,0.664813,4.776076,5.628582,6.723814,1.274339,0.43582,0.000502,0.342524,0.000693,0.454415,0.000902,0,7.076208,40.929677,-0.004994,13,148.6,2454335.82152,3.632176,3.631241,0,-9999999,2.322647,0.219862,0.856433,0.666706,0.981314,0.41,120,4.761969,5.591942,2007-08-23T07:39:43.595,-9999999,G2,079.C-0681(A),UNKNOWN,-9999999,HARPS_ech_obs_all,HARPS_ech_obs_thosimult,STAR_WAVE_G2.5V,2.00191282454742e-05,6.30313065095593e-07,0,0
53535,GJ136,49.44866,-62.5746,2454335.8231856,-2.284001,1.104535,12553.357426,1.122242,-16.690337,0.697509,12556.343497,0.544473,-16.690337,0.697509,-4.922657,6.586167,8.823719,1.019567,0.434737,0.000531,0.342337,0.000731,0.456052,0.000954,0,7.077509,40.928295,-0.004762,13,140.8,2454335.82328,3.630207,3.629262,0,-9999999,2.32265,0.219319,0.856434,0.663421,0.981314,0.42,120,-4.927853,6.557012,2007-08-23T07:42:14.094,-9999999,G2,079.C-0681(A),UNKNOWN,-9999999,HARPS_ech_obs_all,HARPS_ech_obs_thosimult,STAR_WAVE_G2.5V,1.99340852058608e-05,5.18317379209833e-07,0,0
53536,GJ136,49.44866,-62.5746,2454335.8249309,0.780896,1.14338,12555.762578,1.143452,-13.625981,0.757521,12558.745387,0.586945,-13.625981,0.757521,1.189691,7.746125,6.246514,1.388002,0.434918,0.000572,0.34193,0.000789,0.455027,0.001028,0,7.076833,40.936988,-0.002604,13,130.5,2454335.82503,3.628239,3.627294,0,-9999999,2.322653,0.218778,0.856434,0.660156,0.981315,0.42,120,1.169237,7.722224,2007-08-23T07:44:44.884,-9999999,G2,079.C-0681(A),UNKNOWN,-9999999,HARPS_ech_obs_all,HARPS_ech_obs_thosimult,STAR_WAVE_G2.5V,2.00478094397228e-05,5.69476911106992e-07,0,0
53537,GJ136,49.44866,-62.5746,2454350.8838782,4.824193,0.988162,12559.606074,0.722848,-9.850806,0.492893,12561.277954,0.382083,-9.850806,0.492893,-11.475407,4.936617,9.708244,1.102183,0.439132,0.00036,0.343688,0.000498,0.456989,0.000649,0,7.085865,40.881376,-0.002126,13,206.7,2454350.88399,1.346771,1.345487,0,-9999999,2.347887,-0.049344,0.856458,-0.676007,0.613613,0.44,120,-11.482811,4.920646,2007-09-07T09:09:24.860,-9999999,G2,079.C-0681(A),UNKNOWN,-9999999,HARPS_ech_obs_all,HARPS_ech_obs_thosimult,STAR_WAVE_G2.5V,2.18924643298105e-05,4.38615015196509e-07,0,0
53538,GJ136,49.44866,-62.5746,2454350.8855965,4.820615,0.975427,12559.892546,0.712261,-9.854916,0.466837,12561.561214,0.361653,-9.854916,0.466837,-13.609665,4.626901,8.337975,0.882471,0.439701,0.000345,0.343743,0.000473,0.453966,0.000615,0,7.085601,40.880254,-0.002454,13,217.3,2454350.8857,1.344489,1.343205,0,-9999999,2.34789,-0.049876,0.856459,-0.679222,0.613615,0.42,120,-13.620976,4.608959,2007-09-07T09:11:55.719,-9999999,G2,079.C-0681(A),UNKNOWN,-9999999,HARPS_ech_obs_all,HARPS_ech_obs_thosimult,STAR_WAVE_G2.5V,2.22787604358781e-05,5.25119597025584e-07,0,0
53539,GJ136,49.44866,-62.5746,2454350.8873441,4.274727,0.974109,12560.051178,0.711075,-10.401345,0.464075,12561.71658,0.359308,-10.401345,0.464075,-7.797784,4.442789,9.697224,0.980783,0.439936,0.000342,0.344382,0.000471,0.455654,0.000612,0,7.086063,40.887893,0.000137,13,218.7,2454350.88745,1.34217,1.340891,0,-9999999,2.347893,-0.050417,0.856459,-0.682491,0.613616,0.42,120,-7.806098,4.423306,2007-09-07T09:14:26.709,-9999999,G2,079.C-0681(A),UNKNOWN,-9999999,HARPS_ech_obs_all,HARPS_ech_obs_thosimult,STAR_WAVE_G2.5V,2.11085210219601e-05,5.01428480341915e-07,0,0
