,target,ra,dec,BJD,RV_mlc_nzp,e_RV_mlc_nzp,RV_drs_nzp,e_RV_drs_nzp,RV_mlc,e_RV_mlc,RV_drs,e_RV_drs,RV_mlc_j,e_RV_mlc_j,CRX,e_CRX,dLW,e_dLW,Halpha,e_Halpha,NaD1,e_NaD1,NaD2,e_NaD2,f_RV,FWHM_DRS,CONTRAST_DRS,BIS,RVGUESS,SNR_DRS,BJD_DRS,BERV,BERV_DRS,DRIFT,e_DRIFT,SA,NZP_mlc,dNZP_mlc,NZP_drs,dNZP_drs,TMMEAN,EXPTIME,MLCRX,E_MLCRX,TIMEID,DRIFT_LAMP,MASK,PROGID,PROGPI,AIRMASS,OBHAB,THAR_FP,DPR_TYPE,RHKp,dRHKp,vsinflag,metflag
108262,GJ9252,121.753875,-29.40262,2452989.7631762,3.345534,1.231099,-15600.086163,1.049811,-7.782414,0.938903,-15599.944882,0.773258,-7.759199,0.938923,-9.488016,9.276734,-2.052581,1.980047,0.40538,0.000698,0.38387,0.001069,0.523715,0.001365,0,7.207748,38.92806,-0.010148,-16,103.4,2452989.76317,15.394123,15.394266,0,-9999999,0.0,-0.78417,0.796283,0.141281,0.710053,0.5,185,-9.451658,9.269005,2003-12-16T06:13:55.307,-9999999,G2,072.C-0488(E),Mayor,-9999999,HARPS_ech_obs_all,HARPS_ech_obs_thosimult,STAR_WAVE_G2,1.05516846948872e-05,7.52163491198924e-07,0,0
108263,GJ9252,121.753875,-29.40262,2453034.6782072,2.935267,0.876192,-15598.792303,1.068088,-6.145803,0.593287,-15598.081868,0.487565,-6.105626,0.593317,-9.585004,4.882794,-15.218308,1.367938,0.40751,0.000461,0.383476,0.000695,0.525363,0.000894,0,7.199052,39.002476,-0.010505,-16,158.5,2453034.6782,1.513092,1.513245,1,-9999999,0.017517,1.262709,0.644766,0.692918,0.950312,0.5,351,-9.535198,4.873228,2004-01-30T04:08:16.118,-9999999,G2,072.C-0488(E),Mayor,-9999999,HARPS_ech_obs_all,HARPS_ech_obs_thosimult,STAR_WAVE_G2,8.10522021205803e-06,4.38996364777759e-07,0,0
108264,GJ9252,121.753875,-29.40262,2453052.6011586,3.1811,1.151828,-15599.363333,1.091382,-3.901458,0.924101,-15596.647697,0.782408,-3.910721,0.924073,-20.023142,10.543392,-7.494151,2.179945,0.409424,0.000758,0.381873,0.001145,0.522906,0.00147,0,7.205271,38.976011,-0.009813,-16,96.6,2453052.60115,-4.657045,-4.656977,-1,-9999999,0.024506,3.26122,0.687565,2.69113,0.760889,0.51,185,-19.998695,10.537431,2004-02-17T02:18:48.659,-9999999,G2,072.C-0488(E),Mayor,-9999999,HARPS_ech_obs_all,HARPS_ech_obs_thosimult,STAR_WAVE_G2,1.08203152999692e-05,6.36023970669757e-07,0,0
108265,GJ9252,121.753875,-29.40262,2453062.6131306,2.962087,0.967145,-15600.206105,0.952993,-4.635221,0.677211,-15597.300892,0.568707,-4.615109,0.677244,2.900528,6.874536,-9.028037,1.705624,0.407213,0.000533,0.377806,0.000794,0.515123,0.001031,0,7.205568,38.961606,-0.012148,-16,138.1,2453062.61312,-8.05142,-8.051442,0,-9999999,0.028411,2.746471,0.690474,2.876802,0.764701,0.41,900,2.918581,6.865598,2004-02-27T02:31:46.696,-9999999,G2,072.C-0488(E),Mayor,-9999999,HARPS_ech_obs_all,HARPS_ech_obs_thosimult,STAR_WAVE_G2,8.23814164085538e-06,4.92111444438984e-07,0,0
108266,GJ9252,121.753875,-29.40262,2453341.8389534,-0.443807,0.938619,-15602.560174,1.060262,-11.317457,0.509126,-15602.824445,0.402154,-11.300701,0.509161,21.370283,4.899307,-9.668317,1.147735,0.405875,0.000363,0.38803,0.000551,0.523722,0.000702,0,7.19971,38.950872,-0.012264,-16,200.6,2453341.83895,17.872932,17.873057,0,-9999999,0.137307,-0.529871,0.788541,-0.401578,0.981033,0.51,420,21.387619,4.864954,2004-12-02T08:02:03.490,-9999999,G2,072.C-0488(E),Mayor,-9999999,HARPS_ech_obs_all,HARPS_ech_obs_thosimult,STAR_WAVE_G2,9.37677832996233e-06,3.95854889165718e-07,0,0
108267,GJ9252,121.753875,-29.40262,2453341.8442773,4.092903,0.914426,-15598.123754,1.045823,-6.782415,0.463006,-15598.398007,0.362375,-6.780262,0.463007,5.996814,4.932747,-11.606544,1.245875,0.406356,0.00033,0.386736,0.0005,0.525015,0.000638,0,7.196591,38.959664,-0.009543,-16,220.9,2453341.84427,17.860226,17.86033,0,-9999999,0.137309,-0.531539,0.788543,-0.411562,0.981036,0.53,420,6.026477,4.917651,2004-12-02T08:09:35.044,-9999999,G2,072.C-0488(E),Mayor,-9999999,HARPS_ech_obs_all,HARPS_ech_obs_thosimult,STAR_WAVE_G2,8.44528179753685e-06,3.61851722861955e-07,0,0
108268,GJ9252,121.753875,-29.40262,2453372.7372879,3.346488,1.788786,-15599.293145,1.602998,-9.073853,1.647755,-15599.20326,1.453497,-9.078091,1.64781,39.902283,15.3711,-27.381649,3.802038,0.407165,0.001391,0.379384,0.002077,0.515046,0.00267,0,7.187426,39.083534,-0.008144,-16,54.6,2453372.73728,10.6171,10.617313,0,-9999999,0.149358,-2.076562,0.696175,-0.059473,0.675981,0.47,60,39.949643,15.358917,2005-01-02T05:36:35.664,-9999999,G2,072.C-0488(E),Mayor,-9999999,HARPS_ech_obs_all,HARPS_ech_obs_thosimult,STAR_WAVE_G2,4.82851363092184e-06,1.28114778346361e-06,0,0
108269,GJ9252,121.753875,-29.40262,2453372.7383546,2.773341,1.903754,-15600.530615,1.71705,-9.647335,1.771897,-15600.442731,1.578389,-9.628935,1.771886,8.584843,13.778289,-19.587009,3.947098,0.408196,0.001481,0.381923,0.00222,0.513029,0.002838,0,7.197233,39.06529,-0.014627,-16,51.5,2453372.73835,10.614416,10.61461,0,-9999999,0.149358,-2.076897,0.696175,-0.061474,0.675981,0.49,60,8.590614,13.769361,2005-01-02T05:38:06.622,-9999999,G2,072.C-0488(E),Mayor,-9999999,HARPS_ech_obs_all,HARPS_ech_obs_thosimult,STAR_WAVE_G2,7.84809521814382e-06,1.23956728551515e-06,0,0
108270,GJ9252,121.753875,-29.40262,2453372.7393981,5.875986,1.741291,-15597.408632,1.543323,-6.545017,1.596068,-15597.322704,1.387406,-6.565738,1.596053,11.067201,15.034024,-17.876536,3.479109,0.408321,0.001346,0.380184,0.002009,0.512015,0.002579,0,7.194858,39.075253,-0.012118,-16,56.5,2453372.7394,10.611788,10.611968,0,-9999999,0.149358,-2.077224,0.696175,-0.06343,0.675981,0.48,60,11.111451,15.030891,2005-01-02T05:39:37.381,-9999999,G2,072.C-0488(E),Mayor,-9999999,HARPS_ech_obs_all,HARPS_ech_obs_thosimult,STAR_WAVE_G2,3.19382505074524e-06,1.6435810871448e-06,0,0
108271,GJ9252,121.753875,-29.40262,2453372.7405307,7.404743,1.882652,-15596.792251,1.697091,-5.016615,1.749205,-15596.708446,1.556653,-4.985045,1.749207,-10.902873,15.031395,-20.839988,3.589031,0.406486,0.001469,0.378655,0.002194,0.515571,0.002826,0,7.199035,39.067131,-0.005029,-16,51.9,2453372.74053,10.608935,10.609117,0,-9999999,0.149359,-2.077579,0.696175,-0.065554,0.675981,0.5,60,-10.911213,15.027216,2005-01-02T05:41:14.031,-9999999,G2,072.C-0488(E),Mayor,-9999999,HARPS_ech_obs_all,HARPS_ech_obs_thosimult,STAR_WAVE_G2,1.10820769466988e-05,1.20976482140398e-06,0,0
108272,GJ9252,121.753875,-29.40262,2453372.7415795,4.180113,1.694586,-15601.170246,1.492587,-8.241573,1.544979,-15601.088408,1.330738,-8.229097,1.545005,45.942317,12.987184,-22.839197,3.21426,0.409878,0.001318,0.380228,0.001957,0.512225,0.002509,0,7.193275,39.085015,-0.007851,-16,57.9,2453372.74157,10.606291,10.606497,0,-9999999,0.149359,-2.077907,0.696175,-0.067521,0.675982,0.51,60,45.937076,12.98141,2005-01-02T05:42:44.050,-9999999,G2,072.C-0488(E),Mayor,-9999999,HARPS_ech_obs_all,HARPS_ech_obs_thosimult,STAR_WAVE_G2,9.11320895731229e-06,1.1236059278299e-06,0,0
108273,GJ9252,121.753875,-29.40262,2453372.7426119,2.488595,1.756225,-15600.910615,1.559903,-9.933415,1.612348,-15600.830712,1.405826,-9.938712,1.612316,21.977451,13.765618,-19.952003,3.80503,0.408059,0.001368,0.376126,0.002027,0.513466,0.002616,0,7.195218,39.062686,-0.006971,-16,55.7,2453372.7426,10.603687,10.603905,0,-9999999,0.14936,-2.078231,0.696176,-0.069457,0.675982,0.49,60,21.980588,13.756771,2005-01-02T05:44:14.438,-9999999,G2,072.C-0488(E),Mayor,-9999999,HARPS_ech_obs_all,HARPS_ech_obs_thosimult,STAR_WAVE_G2,-9999999.0,-9999999.0,-9999999,-9999999
108274,GJ9252,121.753875,-29.40262,2453372.7436842,2.858597,1.845236,-15600.229785,1.65832,-9.563749,1.70887,-15600.151893,1.51429,-9.533244,1.70896,12.75747,11.961587,-21.743891,3.843129,0.40728,0.00145,0.379707,0.00216,0.510609,0.002765,0,7.18989,39.052165,-0.011624,-16,52.7,2453372.74368,10.600981,10.60117,0,-9999999,0.14936,-2.078567,0.696176,-0.071468,0.675982,0.52,60,12.79221,11.95378,2005-01-02T05:45:45.288,-9999999,G2,072.C-0488(E),Mayor,-9999999,HARPS_ech_obs_all,HARPS_ech_obs_thosimult,STAR_WAVE_G2,8.98914353060628e-06,1.16551080179809e-06,0,0
108275,GJ9252,121.753875,-29.40262,2453372.7447221,0.256418,1.896446,-15604.312016,1.711769,-12.166253,1.764043,-15604.236071,1.572641,-12.235303,1.764095,15.275787,16.479931,-24.873525,3.866403,0.405775,0.001486,0.379688,0.002218,0.512896,0.002843,0,7.189327,39.098338,-0.017798,-16,51.4,2453372.74472,10.598361,10.598547,0,-9999999,0.14936,-2.078892,0.696176,-0.073415,0.675982,0.51,60,15.32045,16.473654,2005-01-02T05:47:15.557,-9999999,G2,072.C-0488(E),Mayor,-9999999,HARPS_ech_obs_all,HARPS_ech_obs_thosimult,STAR_WAVE_G2,1.23292414886959e-06,2.10322271907003e-06,0,0
108276,GJ9252,121.753875,-29.40262,2453372.7457545,0.305293,1.707481,-15602.561252,1.508424,-12.117702,1.559112,-15602.487242,1.348477,-12.11888,1.559021,7.123056,13.579024,-19.153634,3.63608,0.407153,0.001322,0.376325,0.00196,0.513615,0.002529,0,7.186387,39.051121,-0.009232,-16,57.4,2453372.74575,10.595754,10.595951,0,-9999999,0.149361,-2.079216,0.696176,-0.075351,0.675982,0.49,60,7.141597,13.567849,2005-01-02T05:48:45.956,-9999999,G2,072.C-0488(E),Mayor,-9999999,HARPS_ech_obs_all,HARPS_ech_obs_thosimult,STAR_WAVE_G2,1.53770901572743e-05,7.89313776678269e-07,0,0
108277,GJ9252,121.753875,-29.40262,2453372.7467902,5.098539,1.746642,-15597.935826,1.548461,-7.32478,1.601904,-15597.863758,1.393119,-7.291153,1.601846,27.939373,14.946594,-20.947258,3.463751,0.407076,0.001362,0.378351,0.002023,0.513403,0.002603,0,7.187301,39.074408,-0.005926,-16,55.9,2453372.74678,10.593138,10.593355,0,-9999999,0.149361,-2.07954,0.696176,-0.077293,0.675983,0.48,60,27.941484,14.937666,2005-01-02T05:50:16.035,-9999999,G2,072.C-0488(E),Mayor,-9999999,HARPS_ech_obs_all,HARPS_ech_obs_thosimult,STAR_WAVE_G2,1.00634763163906e-05,1.19685824488661e-06,0,0
108278,GJ9252,121.753875,-29.40262,2453491.5145457,0.863044,0.923024,-15601.169906,1.014707,-9.833323,0.34499,-15601.324049,0.259158,-9.819013,0.345025,5.910596,2.692376,-16.942781,1.222796,0.406999,0.000229,0.387029,0.000346,0.516748,0.000453,0,7.204668,38.990467,-0.01197,-16,314.7,2453491.51454,-19.853941,-19.853937,0,-9999999,0.19568,-0.352588,0.856128,-0.349823,0.981054,0.5,900,5.919763,2.641781,2005-05-01T00:13:11.439,-9999999,G2,072.C-0488(E),Mayor,-9999999,HARPS_ech_obs_all,HARPS_ech_obs_thosimult,STAR_WAVE_G2,8.21435101803207e-06,3.32762158551809e-07,0,0
108279,GJ9252,121.753875,-29.40262,2454478.8003119,-4.180325,0.918665,-15606.178511,1.008693,-13.64262,0.333232,-15605.130317,0.234648,-13.616501,0.333168,-0.544495,3.777629,-5.604071,0.766794,0.409877,0.000214,0.380998,0.000315,0.5248,0.000406,0,7.207244,38.942333,-0.01275,-16,348.1,2454478.80042,7.155625,7.155591,1,-9999999,0.580715,0.881484,0.856097,0.467479,0.981021,0.48,900,-0.514518,3.739519,2008-01-13T07:00:08.309,-9999999,G2,072.C-0488(E),Mayor,-9999999,HARPS_ech_obs_all,HARPS_ech_obs_thosimult,STAR_WAVE_G2,7.78185933146432e-06,2.41170803511431e-07,0,0
108280,GJ9252,121.753875,-29.40262,2454479.7778939,-3.1726,0.917609,-15605.77812,1.010504,-12.669407,0.330322,-15604.73561,0.242339,-12.636795,0.330255,-1.841064,3.421468,-4.841448,0.762363,0.411288,0.000222,0.389028,0.000326,0.528491,0.000423,0,7.211531,38.937549,-0.012914,-16,336.6,2454479.77802,6.871273,6.871207,0,-9999999,0.581097,0.846971,0.856092,0.461413,0.981015,0.51,900,-1.826506,3.362087,2008-01-14T06:27:22.379,-9999999,G2,072.C-0488(E),Mayor,-9999999,HARPS_ech_obs_all,HARPS_ech_obs_thosimult,STAR_WAVE_G2,6.90720758028462e-06,2.76548161204901e-07,0,0
108281,GJ9252,121.753875,-29.40262,2454480.7348769,-3.031481,0.683744,-15605.140479,0.636867,-13.256114,0.324512,-15604.671926,0.235787,-13.263675,0.324515,-1.09767,3.992439,-5.049006,0.769847,0.412982,0.00022,0.378735,0.000321,0.522028,0.000419,0,7.211149,38.941158,-0.011695,-16,342.6,2454480.73499,6.639264,6.639185,1,-9999999,0.58147,0.119146,0.601828,-0.112917,0.591612,0.51,900,-1.087127,3.926659,2008-01-15T05:25:23.829,-9999999,G2,072.C-0488(E),Mayor,-9999999,HARPS_ech_obs_all,HARPS_ech_obs_thosimult,STAR_WAVE_G2,6.75458728746353e-06,3.10762557617401e-07,0,0
108282,GJ9252,121.753875,-29.40262,2454482.7571937,-4.495808,0.798492,-15607.009155,0.776785,-14.339808,0.35208,-15605.875776,0.260089,-14.334796,0.352106,0.017128,4.046419,-4.76037,0.669736,0.413047,0.000246,0.381352,0.000359,0.519957,0.000465,0,7.210525,38.948195,-0.01208,-16,307.8,2454482.75729,5.898175,5.89816,0,-9999999,0.582259,0.499779,0.71668,0.55112,0.731949,0.45,900,0.017679,3.977435,2008-01-17T05:58:22.309,-9999999,G2,072.C-0488(E),Mayor,-9999999,HARPS_ech_obs_all,HARPS_ech_obs_thosimult,STAR_WAVE_G2,6.8462507251117e-06,2.26626086884283e-07,0,0
108283,GJ9252,121.753875,-29.40262,2454483.6154435,-3.208804,0.657547,-15605.807254,0.809497,-11.562109,0.480068,-15602.659654,0.365486,-11.540443,0.48003,-2.517058,4.416547,-5.352862,0.982021,0.414988,0.000355,0.379683,0.000514,0.52132,0.00067,0,7.211168,38.937017,-0.010702,-16,214.4,2454483.61557,5.903083,5.903045,0,-9999999,0.582593,1.990474,0.449335,2.565007,0.722291,0.56,450,-2.513666,4.368761,2008-01-18T02:36:46.646,-9999999,G2,072.C-0488(E),Mayor,-9999999,HARPS_ech_obs_all,HARPS_ech_obs_thosimult,STAR_WAVE_G2,7.35057685923344e-06,4.13920720567147e-07,0,0
108284,GJ9252,121.753875,-29.40262,2454483.6206609,-3.882588,0.603146,-15606.4514,0.78206,-12.237528,0.402349,-15603.313583,0.299859,-12.218803,0.402327,1.993734,4.421532,-7.797134,0.743078,0.413289,0.000287,0.379465,0.000418,0.521743,0.000546,0,7.207548,38.951281,-0.011804,-16,263.1,2454483.62077,5.891729,5.891735,0,-9999999,0.582595,1.988839,0.449333,2.555222,0.72229,0.49,450,1.992532,4.357942,2008-01-18T02:44:48.923,-9999999,G2,072.C-0488(E),Mayor,-9999999,HARPS_ech_obs_all,HARPS_ech_obs_thosimult,STAR_WAVE_G2,6.96096399292339e-06,3.18402250518087e-07,0,0
108285,GJ9252,121.753875,-29.40262,2454485.6190681,-3.247121,0.915349,-15605.990662,1.008601,-12.694153,0.323991,-15604.648029,0.234272,-12.674917,0.323978,-3.886086,3.723105,-5.007989,0.720407,0.410877,0.000219,0.389292,0.000321,0.51934,0.000418,0,7.211275,38.941958,-0.013097,-16,341.3,2454485.61919,5.205138,5.20512,0,-9999999,0.583375,0.896747,0.856093,0.759258,0.981016,0.49,900,-3.866063,3.677338,2008-01-20T02:38:47.722,-9999999,G2,072.C-0488(E),Mayor,-9999999,HARPS_ech_obs_all,HARPS_ech_obs_thosimult,STAR_WAVE_G2,7.17033600542274e-06,2.20990044522273e-07,0,0
108286,GJ9252,121.753875,-29.40262,2455678.477306,5.378416,0.642812,-15596.315935,0.605815,-6.147326,0.303536,-15596.341712,0.235522,-6.147801,0.303551,2.486108,3.333834,11.489321,0.716545,0.407097,0.000219,0.388466,0.00031,0.514355,0.000404,0,7.224042,38.814835,-0.008761,-16,354.4,2455678.4773,-19.634573,-19.634554,0,-9999999,1.048582,-1.181963,0.566633,-1.074359,0.558159,0.53,900,2.522238,3.323966,2011-04-26T23:18:39.346,-9999999,G2,183.C-0972(A),Udry,-9999999,HARPS_ech_obs_all,HARPS_ech_obs_thosimult,STAR_WAVE_G2,8.75028294464218e-06,2.89471366863759e-07,0,0
108287,GJ9252,121.753875,-29.40262,2455681.5089232,1.208769,1.041068,-15600.580715,1.087817,-9.373677,0.592337,-15599.590544,0.46997,-9.370819,0.592285,0.302002,5.885223,14.536495,1.204595,0.407516,0.000424,0.381253,0.000616,0.511622,0.000797,0,7.225985,38.797756,-0.010081,-16,178.9,2455681.50892,-19.824527,-19.824522,0,-9999999,1.049765,-0.238667,0.856131,-0.059594,0.981057,0.46,450,0.316461,5.867471,2011-04-30T00:08:58.204,-9999999,G2,183.C-0972(A),Udry,-9999999,HARPS_ech_obs_all,HARPS_ech_obs_thosimult,STAR_WAVE_G2,9.43478675431342e-06,5.24454257459088e-07,0,0
108288,GJ9252,121.753875,-29.40262,2455681.5147098,1.993308,1.08246,-15601.336172,1.112051,-8.590951,0.662393,-15600.356851,0.523631,-8.582692,0.662366,-3.765789,6.118894,11.993782,1.504658,0.407829,0.000476,0.382005,0.000693,0.512818,0.000897,0,7.221732,38.817863,-0.006814,-16,159.2,2455681.51471,-19.835944,-19.835931,0,-9999999,1.049767,-0.24048,0.856128,-0.070446,0.981054,0.5,450,-3.749403,6.099619,2011-04-30T00:17:00.195,-9999999,G2,183.C-0972(A),Udry,-9999999,HARPS_ech_obs_all,HARPS_ech_obs_thosimult,STAR_WAVE_G2,8.74760685325681e-06,4.5168072693111e-07,0,0
108289,GJ9252,121.753875,-29.40262,2455692.522017,2.239344,1.130195,-15600.09189,1.138227,-8.089266,0.737829,-15598.874024,0.577149,-8.061174,0.737831,1.069141,6.77403,11.701504,1.705016,0.406793,0.000636,0.379593,0.000869,0.515989,0.001133,0,7.225652,38.833162,-0.012691,-16,127.8,2455692.52201,-19.826023,-19.826016,0,-9999999,1.05406,0.015169,0.856125,0.163806,0.981051,0.45,450,1.08622,6.761693,2011-05-11T00:28:56.474,-9999999,G2,183.C-0972(A),Udry,-9999999,HARPS_ech_obs_all,HARPS_ech_obs_thosimult,STAR_WAVE_G2,1.01728748847449e-05,5.51886353090314e-07,0,0
108290,GJ9252,121.753875,-29.40262,2455692.5279047,0.92939,1.186544,-15600.126838,1.169904,-9.401065,0.821548,-15598.920011,0.637355,-9.390792,0.821583,-0.852017,7.985345,13.305224,1.776456,0.407872,0.000722,0.381349,0.000983,0.513854,0.001275,0,7.228777,38.809641,-0.009954,-16,113.5,2455692.5279,-19.835071,-19.83508,0,-9999999,1.054062,0.013324,0.856122,0.152765,0.981048,0.51,450,-0.844427,7.968514,2011-05-11T00:36:58.205,-9999999,G2,183.C-0972(A),Udry,-9999999,HARPS_ech_obs_all,HARPS_ech_obs_thosimult,STAR_WAVE_G2,1.04553451440918e-05,5.04379192385247e-07,0,0
108291,GJ9252,121.753875,-29.40262,2455837.8860959,0.483861,0.660885,-15602.141316,0.976481,-9.966758,0.355823,-15601.686901,0.27129,-9.977342,0.35585,-6.672586,3.473762,12.280532,0.688008,0.409919,0.000233,0.385253,0.000343,0.514722,0.000441,0,7.223975,38.848595,-0.012809,-16,320.9,2455837.88609,16.917141,16.91707,0,-9999999,1.110751,-0.10684,0.556919,-0.656336,0.938039,0.49,900,-6.65186,3.441976,2011-10-03T09:11:42.176,-9999999,G2,183.C-0972(A),Udry,-9999999,HARPS_ech_obs_all,HARPS_ech_obs_thosimult,STAR_WAVE_G2,8.40231603068661e-06,3.38051052061116e-07,0,0
108292,GJ9252,121.753875,-29.40262,2455841.8555115,-0.391854,0.963883,-15603.778815,1.038694,-10.517222,0.442874,-15602.575382,0.341241,-10.499666,0.442844,-2.663699,4.270118,16.173307,0.990004,0.410097,0.000289,0.384849,0.00043,0.514244,0.000552,0,7.22491,38.833628,-0.01059,-16,256.0,2455841.85551,17.65591,17.655848,0,-9999999,1.112299,0.21841,0.856115,0.091134,0.98104,0.51,900,-2.661348,4.235995,2011-10-07T08:27:02.181,-9999999,G2,183.C-0972(A),Udry,-9999999,HARPS_ech_obs_all,HARPS_ech_obs_thosimult,STAR_WAVE_G2,8.30013202977465e-06,4.20786538482114e-07,0,0
108293,GJ9252,121.753875,-29.40262,2455844.8671433,5.126222,0.609817,-15598.024118,0.545533,-4.513368,0.484744,-15596.968044,0.3755,-4.492396,0.48467,1.289889,4.365106,19.368648,1.149836,0.406414,0.000324,0.394413,0.000479,0.523174,0.000613,0,7.226116,38.816308,-0.010654,-16,230.0,2455844.86713,18.109428,18.10937,0,-9999999,1.113473,0.704189,0.370001,-0.057399,0.395735,0.5,900,1.302157,4.35698,2011-10-10T08:43:40.860,-9999999,G2,183.C-0972(A),Udry,-9999999,HARPS_ech_obs_all,HARPS_ech_obs_thosimult,STAR_WAVE_G2,8.37189340251299e-06,3.79217281956706e-07,0,0
108294,GJ9252,121.753875,-29.40262,2455998.6835968,-1.167632,0.84496,-15601.852012,1.017708,-10.366408,0.347281,-15601.161581,0.270839,-10.345194,0.347293,-3.441316,3.764382,5.089513,0.668167,0.407708,0.000246,0.374094,0.000342,0.52891,0.000457,0,7.220757,38.887001,-0.013948,-16,315.1,2455998.68359,-12.410316,-12.410224,0,-9999999,1.173461,1.145002,0.770294,-0.48303,0.981007,0.48,900,-3.424418,3.731122,2012-03-12T04:12:51.314,-9999999,G2,183.C-0972(A),Udry,-9999999,HARPS_ech_obs_all,HARPS_ech_obs_thosimult,STAR_WAVE_G2,7.91461656670589e-06,3.18665824149639e-07,0,0
108295,GJ9252,121.753875,-29.40262,2456001.6148294,-0.536977,0.685218,-15602.52402,0.641279,-11.452839,0.448017,-15602.443181,0.353331,-11.438388,0.448015,-0.732901,4.304328,6.909078,1.144607,0.404505,0.000341,0.361574,0.000469,0.531573,0.000631,0,7.219504,38.874381,-0.014219,-16,229.6,2456001.61482,-13.076435,-13.076324,0,-9999999,1.174604,-0.572083,0.518463,-1.093765,0.53516,0.52,900,-0.694945,4.271853,2012-03-15T02:33:24.418,-9999999,G2,183.C-0972(A),Udry,-9999999,HARPS_ech_obs_all,HARPS_ech_obs_thosimult,STAR_WAVE_G2,7.33682121292492e-06,4.25397779010371e-07,0,0
108296,GJ9252,121.753875,-29.40262,2456011.5944654,0.678885,0.725499,-15601.423114,0.779062,-10.923201,0.435606,-15601.38871,0.347443,-10.908587,0.43552,-7.096045,3.599086,8.572281,1.012296,0.406759,0.000316,0.375279,0.000447,0.527444,0.000587,0,7.220026,38.851649,-0.011456,-16,244.9,2456011.59446,-15.480745,-15.480644,0,-9999999,1.178496,-1.258307,0.580169,-1.144092,0.697296,0.5,420,-7.083087,3.550579,2012-03-25T02:09:03.767,-9999999,G2,183.C-0972(A),Udry,-9999999,HARPS_ech_obs_all,HARPS_ech_obs_thosimult,STAR_WAVE_G2,7.28697292373122e-06,3.51226787218131e-07,0,0
108297,GJ9252,121.753875,-29.40262,2456011.5996957,1.171391,0.734894,-15601.192343,0.784841,-10.432334,0.451082,-15601.167745,0.360218,-10.422814,0.451131,-12.284432,3.360577,7.867753,0.92028,0.407278,0.000327,0.382261,0.00046,0.529001,0.000607,0,7.221179,38.853743,-0.013797,-16,237.2,2456011.59969,-15.492487,-15.492383,0,-9999999,1.178498,-1.259946,0.580167,-1.1539,0.697294,0.5,420,-12.282545,3.309657,2012-03-25T02:16:35.692,-9999999,G2,183.C-0972(A),Udry,-9999999,HARPS_ech_obs_all,HARPS_ech_obs_thosimult,STAR_WAVE_G2,9.27738416125168e-06,3.76907238261905e-07,0,0
108298,GJ9252,121.753875,-29.40262,2456053.5308168,-1.430418,0.794916,-15603.431612,0.776959,-11.500205,0.511944,-15602.256213,0.405153,-11.49206,0.51193,6.17907,5.347967,8.472598,1.166178,0.407205,0.000366,0.37964,0.000523,0.525113,0.000681,0,7.219371,38.857393,-0.009953,-16,210.7,2456053.53081,-19.921176,-19.921176,0,-9999999,1.194851,0.273992,0.608116,-0.019452,0.66296,0.49,450,6.154292,5.306653,2012-05-06T00:40:55.425,-9999999,G2,183.C-0972(A),Udry,-9999999,HARPS_ech_obs_all,HARPS_ech_obs_thosimult,STAR_WAVE_G2,6.26511521421364e-06,4.50954687087851e-07,0,0
108299,GJ9252,121.753875,-29.40262,2456053.5363873,-0.393225,0.814363,-15601.850812,0.789386,-10.464757,0.541651,-15600.685857,0.428509,-10.44028,0.541557,0.667979,6.007113,8.481158,1.197034,0.407839,0.000383,0.376807,0.000548,0.526171,0.000717,0,7.223606,38.849349,-0.01152,-16,200.4,2456053.53638,-19.930058,-19.930065,0,-9999999,1.194853,0.272246,0.608113,-0.029898,0.662956,0.49,450,0.662167,5.972805,2012-05-06T00:48:56.751,-9999999,G2,183.C-0972(A),Udry,-9999999,HARPS_ech_obs_all,HARPS_ech_obs_thosimult,STAR_WAVE_G2,8.67402466653981e-06,4.97731365145144e-07,0,0
108300,GJ9252,121.753875,-29.40262,2456056.5368427,-4.652077,0.574398,-15607.145579,0.627705,-14.803352,0.351269,-15605.422637,0.273654,-14.783827,0.35128,5.726882,3.773078,2.292057,0.669322,0.408204,0.000245,0.379328,0.000347,0.52503,0.000453,0,7.219789,38.898898,-0.013484,-16,316.1,2456056.53684,-19.880087,-19.880082,0,-9999999,1.196023,0.192504,0.454471,0.526919,0.564914,0.49,900,5.731758,3.707174,2012-05-09T00:46:12.586,-9999999,G2,183.C-0972(A),Udry,-9999999,HARPS_ech_obs_all,HARPS_ech_obs_thosimult,STAR_WAVE_G2,7.6475866248765e-06,3.12699915939596e-07,0,0
