,target,ra,dec,BJD,RV_mlc_nzp,e_RV_mlc_nzp,RV_drs_nzp,e_RV_drs_nzp,RV_mlc,e_RV_mlc,RV_drs,e_RV_drs,RV_mlc_j,e_RV_mlc_j,CRX,e_CRX,dLW,e_dLW,Halpha,e_Halpha,NaD1,e_NaD1,NaD2,e_NaD2,f_RV,FWHM_DRS,CONTRAST_DRS,BIS,RVGUESS,SNR_DRS,BJD_DRS,BERV,BERV_DRS,DRIFT,e_DRIFT,SA,NZP_mlc,dNZP_mlc,NZP_drs,dNZP_drs,TMMEAN,EXPTIME,MLCRX,E_MLCRX,TIMEID,DRIFT_LAMP,MASK,PROGID,PROGPI,AIRMASS,OBHAB,THAR_FP,DPR_TYPE,RHKp,dRHKp,vsinflag,metflag
144127,GJ58.2,22.2683025,21.71911,2455721.9373782,20782.486174,4.636202,23481.781939,1.208671,27965.97923,4.556388,23481.753148,0.705813,-26120.500449,10.215786,11211.794159,7326.965156,58.002374,9.927455,0.747136,0.000894,0.564942,0.001361,0.726013,0.001657,0,8.108717,33.52045,-0.943608,-99999,110.0,2455721.93737,21.936748,21.936966,0,-9999999,0.0,0.162848,0.856563,-0.028791,0.981179,0.54,540,-1738.042192,776.721127,2011-06-09T10:30:22.391,-9999999,K5,087.C-0012(A),UNKNOWN,-9999999,HARPS_ech_obs_all,HARPS_ech_obs_thosimult,STAR_WAVE_K3V,0.000106107130354,2.56776707142279e-05,1,0
144128,GJ58.2,22.2683025,21.71911,2455722.938685,41538.659049,2.364624,44388.726919,1.158052,48722.176456,2.204029,44388.749828,0.615118,-5246.351157,7.582219,678.162905,193.129286,1.841981,13.124578,0.721638,0.000731,0.533631,0.001101,0.694184,0.001356,0,6.654621,33.46331,0.042009,-99999,130.5,2455722.93868,22.24053,22.240757,0,-9999999,0.000358,0.187199,0.856563,0.022551,0.98118,0.49,600,963.756901,191.303878,2011-06-10T10:32:06.594,-9999999,K5,087.C-0012(A),UNKNOWN,-9999999,HARPS_ech_obs_all,HARPS_ech_obs_thosimult,STAR_WAVE_K3V,9.3533984852186e-05,1.91067028282409e-05,1,0
144129,GJ58.2,22.2683025,21.71911,2455811.8061246,-3065.630772,7.133455,56703.126228,1.224688,4117.351346,7.081849,56702.56871,0.732987,6986.696126,7.584133,583.276879,170.72583,-19.270864,14.915972,0.76362,0.00092,0.571241,0.001391,0.741874,0.001731,0,6.621564,33.812863,0.043802,-99999,107.7,2455811.80612,19.968378,19.968075,0,-9999999,0.032174,-0.348089,0.856505,-0.589692,0.981117,0.5,450,809.028141,216.309572,2011-09-07T07:11:14.440,-9999999,K5,087.C-0012(B),UNKNOWN,-9999999,HARPS_ech_obs_all,HARPS_ech_obs_thosimult,STAR_WAVE_K3V,8.85047149082748e-05,2.29212574771264e-05,1,0
144130,GJ58.2,22.2683025,21.71911,2455811.8115549,-3086.108454,7.116269,56741.344811,1.234089,4096.871959,7.064537,56740.777089,0.748587,7018.794663,7.566289,590.579931,160.522038,-23.036489,15.098046,0.763833,0.000939,0.572603,0.001417,0.745619,0.001764,0,6.617455,33.830557,0.047728,-99999,106.0,2455811.81155,19.953569,19.953278,0,-9999999,0.032176,-0.349795,0.856506,-0.599898,0.981119,0.47,450,780.440056,203.102312,2011-09-07T07:19:17.086,-9999999,K5,087.C-0012(B),UNKNOWN,-9999999,HARPS_ech_obs_all,HARPS_ech_obs_thosimult,STAR_WAVE_K3V,7.10889628387914e-05,1.30160921083071e-05,1,0
144131,GJ58.2,22.2683025,21.71911,2455812.7964635,-896.37777,7.601427,58464.204021,1.144527,6286.582632,7.553019,58463.623835,0.58937,8630.531829,7.350964,-84.270212,118.302739,-40.684762,14.430152,0.772001,0.000728,0.57841,0.001103,0.75154,0.001357,0,6.599357,33.922076,0.050354,-99999,136.4,2455812.79646,19.632688,19.632378,0,-9999999,0.032528,-0.369805,0.856502,-0.612714,0.981115,0.49,450,-104.744262,173.50054,2011-09-08T06:57:18.564,-9999999,K5,087.C-0012(B),UNKNOWN,-9999999,HARPS_ech_obs_all,HARPS_ech_obs_thosimult,STAR_WAVE_K3V,7.37031552958795e-05,1.58877278098478e-05,1,0
144132,GJ58.2,22.2683025,21.71911,2455812.8021018,-913.30357,7.430383,58441.603636,1.136821,6269.655061,7.380853,58441.012855,0.574259,8611.417015,7.346465,-39.066693,122.098526,-42.897133,14.773978,0.771941,0.000702,0.579754,0.001069,0.751665,0.001312,0,6.603493,33.914441,0.048861,-99999,141.0,2455812.8021,19.617268,19.61697,0,-9999999,0.03253,-0.371576,0.856504,-0.623311,0.981116,0.5,450,-70.677505,176.191427,2011-09-08T07:05:21.181,-9999999,K5,087.C-0012(B),UNKNOWN,-9999999,HARPS_ech_obs_all,HARPS_ech_obs_thosimult,STAR_WAVE_K3V,7.5625069510664e-05,1.97344507565623e-05,1,0
144133,GJ58.2,22.2683025,21.71911,2456137.7987673,-10879.633295,2.159378,-8103.800989,1.623472,-3696.299807,1.723383,-8103.810244,0.783149,5063.891856,11.453729,3655.596138,322.00519,128.221593,11.560273,0.703567,0.000915,0.469125,0.001286,0.646658,0.001681,0,6.611681,33.669879,0.017141,-99999,101.6,2456137.79876,28.687452,28.686889,0,-9999999,0.148882,0.00328,1.3011,-0.158137,1.422089,0.53,450,3518.628701,395.185018,2012-07-29T07:05:09.754,-9999999,K5,089.C-0415(A),UNKNOWN,-9999999,HARPS_ech_obs_all,HARPS_ech_obs_thosimult,STAR_WAVE_K2V,0.000193983625947,4.63824013707957e-05,1,0
144134,GJ58.2,22.2683025,21.71911,2456137.8698864,-9626.234286,2.526871,-6890.335432,1.525076,-2442.923138,2.166142,-6890.478331,0.550877,5209.828912,8.359154,797.725932,199.938128,92.755609,8.692387,0.692644,0.000638,0.460132,0.000884,0.6255,0.001135,0,6.605727,33.65688,0.024967,-99999,147.4,2456137.86988,28.531635,28.531057,0,-9999999,0.148907,-0.01906,1.301117,-0.291806,1.422108,0.48,600,593.159981,250.264992,2012-07-29T08:46:44.360,-9999999,K5,089.C-0415(A),UNKNOWN,-9999999,HARPS_ech_obs_all,HARPS_ech_obs_thosimult,STAR_WAVE_K2V,0.000150931221257,3.06839155131e-05,1,0
144135,GJ58.2,22.2683025,21.71911,2456138.8286774,10143.194649,3.45366,13000.581342,1.532957,17326.518741,3.199201,13000.516239,0.572364,-36714.857738,9.016507,52963.86622,14087.60732,31.622477,10.747097,0.733711,0.000686,0.53279,0.001013,0.681386,0.001229,0,6.258729,33.284949,0.040634,-99999,141.9,2456138.82868,28.548988,28.548393,0,-9999999,0.149251,-0.006115,1.301106,-0.214354,1.422096,0.48,600,352.979722,1357.692712,2012-07-30T07:47:16.054,-9999999,K5,089.C-0415(A),UNKNOWN,-9999999,HARPS_ech_obs_all,HARPS_ech_obs_thosimult,STAR_WAVE_K2V,7.18258875231616e-05,1.73842947339061e-05,1,0
144136,GJ58.2,22.2683025,21.71911,2456138.8722962,11276.239426,2.721924,13999.377989,1.535062,18459.549817,2.390808,13999.23092,0.577946,-35735.770501,9.149202,47914.876936,13236.137934,39.660731,10.579621,0.737827,0.000703,0.542903,0.001036,0.693047,0.001255,0,6.099301,33.032816,0.041592,-99999,140.2,2456138.87229,28.447963,28.447352,0,-9999999,0.149266,-0.019817,1.301117,-0.296335,1.422108,0.48,660,33.454585,1290.928979,2012-07-30T08:49:35.560,-9999999,K5,089.C-0415(A),UNKNOWN,-9999999,HARPS_ech_obs_all,HARPS_ech_obs_thosimult,STAR_WAVE_K2V,7.92423780872048e-05,1.9024642908148e-05,1,0
144137,GJ58.2,22.2683025,21.71911,2456178.813837,-3785.712666,2.27401,-950.1904,1.502553,3398.686529,2.106541,-949.258598,1.138011,10321.977734,17.346611,-21263.417979,9679.769111,243.349905,24.481093,0.647429,0.001324,0.404947,0.001793,0.554557,0.002358,0,6.601569,33.534116,0.04274,-99999,68.8,2456178.81383,19.339732,19.337945,0,-9999999,0.163566,1.068987,0.856507,0.768236,0.98112,0.44,900,-957.05513,2755.937068,2012-09-08T07:19:19.505,-9999999,K5,089.C-0415(B),UNKNOWN,-9999999,HARPS_ech_obs_all,HARPS_ech_obs_thosimult,STAR_WAVE_K2V,9.3969809229104e-05,1.82006364638494e-05,1,0
144138,GJ58.2,22.2683025,21.71911,2456179.7561568,-18099.652755,3.086679,-15359.084318,1.212704,-10915.176212,2.965469,-15358.037572,0.712799,-3510.060081,12.960226,81.701383,314.653858,128.059295,10.897527,0.728718,0.000877,0.471626,0.001209,0.662985,0.001587,0,6.624477,33.823171,0.038416,-99999,110.0,2456179.75615,19.126462,19.124661,0,-9999999,0.163903,1.146336,0.856495,0.882843,0.981106,0.49,720,-120.713722,307.653207,2012-09-09T05:56:53.917,-9999999,K5,089.C-0415(B),UNKNOWN,-9999999,HARPS_ech_obs_all,HARPS_ech_obs_thosimult,STAR_WAVE_K2V,0.000129681296648,3.54116209915305e-05,1,0
144139,GJ58.2,22.2683025,21.71911,2456179.8219589,-18822.790565,2.131665,-16000.585116,1.132523,-11638.334691,1.952021,-15999.662022,0.565692,-4039.912579,12.033409,298.783292,316.321986,122.634514,10.237222,0.727701,0.00068,0.47102,0.000932,0.662102,0.001239,0,6.6153,33.847824,0.03251,-99999,142.0,2456179.82195,18.947125,18.945306,0,-9999999,0.163927,1.125666,0.85651,0.759167,0.981122,0.49,900,275.393417,321.833807,2012-09-09T07:30:10.655,-9999999,K5,089.C-0415(B),UNKNOWN,-9999999,HARPS_ech_obs_all,HARPS_ech_obs_thosimult,STAR_WAVE_K2V,9.47422559463733e-05,1.72280124707997e-05,1,0
144140,GJ58.2,22.2683025,21.71911,2457332.6166305,-4756.699969,1.851744,-9999999.0,-9999999.0,-5895.104127,1.381179,-9999999.0,-9999999.0,2431.76037,12.734885,3537.054009,483.398696,180.348319,11.17338,0.718801,0.000959,0.478954,0.001311,0.643041,0.001673,0,-9999999.0,-9999999.0,-9999999.0,99999,101.3,2457332.61662,-7.690108,-7.689941,0,-9999999,0.576637,1.56367,1.23341,1.672539,1.345948,0.59,360,3839.150766,519.745547,2015-11-06T02:36:33.269,-9999999,,096.C-0417(A),UNKNOWN,-9999999,HARPS_ech_obs_all,HARPS_ech_obs_thosimult,STAR_WAVE_K2V,0.000117580630258,2.29441031885285e-05,1,0
144141,GJ58.2,22.2683025,21.71911,2457639.783857,1591.977018,1.425245,-9999999.0,-9999999.0,452.077086,0.714159,-9999999.0,-9999999.0,6338.692018,11.90504,-4189.46561,422.067463,177.383588,10.547163,0.677643,0.000781,0.442675,0.001039,0.59578,0.001339,0,-9999999.0,-9999999.0,-9999999.0,99999,120.4,2457639.78385,19.414332,19.414471,0,-9999999,0.686606,0.067896,1.23341,-0.102765,1.345948,0.48,360,-4808.21203,459.467879,2016-09-08T06:39:49.089,-9999999,,097.C-0571(B),UNKNOWN,-9999999,HARPS_ech_obs_all,HARPS_ech_obs_thosimult,STAR_WAVE_K2V,0.000121616596498,3.04327529929591e-05,1,0
144142,GJ58.2,22.2683025,21.71911,2457708.6506247,1133.12524,1.37025,-9999999.0,-9999999.0,-7.054739,0.596928,-9999999.0,-9999999.0,5880.23155,9.984406,-3676.804555,373.160024,171.716999,10.447007,0.664485,0.000689,0.455528,0.000961,0.583304,0.001221,0,-9999999.0,-9999999.0,-9999999.0,99999,133.6,2457708.65062,-13.027121,-13.026978,0,-9999999,0.711261,-0.212151,1.233395,-0.211134,1.345928,0.5,360,-4309.182837,344.291894,2016-11-16T03:26:34.493,-9999999,,097.C-0571(B),UNKNOWN,-9999999,HARPS_ech_obs_all,HARPS_ech_obs_thosimult,STAR_WAVE_K2V,0.0001334502604,4.72626075681266e-05,1,0
