,target,ra,dec,BJD,RV_mlc_nzp,e_RV_mlc_nzp,RV_drs_nzp,e_RV_drs_nzp,RV_mlc,e_RV_mlc,RV_drs,e_RV_drs,RV_mlc_j,e_RV_mlc_j,CRX,e_CRX,dLW,e_dLW,Halpha,e_Halpha,NaD1,e_NaD1,NaD2,e_NaD2,f_RV,FWHM_DRS,CONTRAST_DRS,BIS,RVGUESS,SNR_DRS,BJD_DRS,BERV,BERV_DRS,DRIFT,e_DRIFT,SA,NZP_mlc,dNZP_mlc,NZP_drs,dNZP_drs,TMMEAN,EXPTIME,MLCRX,E_MLCRX,TIMEID,DRIFT_LAMP,MASK,PROGID,PROGPI,AIRMASS,OBHAB,THAR_FP,DPR_TYPE,RHKp,dRHKp,vsinflag,metflag
243514,GJ9080,35.43725985508,-68.65941858958,2453278.7663239,-389.838005,4.607442,9895.436789,1.433199,92.458766,4.527133,9894.048793,1.044742,78.026687,4.43195,-36.357195,29.083076,-39.37477,2.87965,0.690572,0.000672,0.966066,0.001039,1.100027,0.001212,0,1.196761,0.02726,-0.167687,0,175.4,2453278.76632,-6.476529,-6.476367,0,-9999999,0.0,-1.477888,0.856496,-1.387996,0.981108,0.51,87,-44.244301,50.655144,2004-09-30T06:20:29.841,-9999999,G2,073.C-0733(E),Lagrange,-9999999,HARPS_ech_obs_all,HARPS_ech_obs_objA,STAR_DARK_A3,-9999999.0,-9999999.0,-9999999,-9999999
243515,GJ9080,35.43725985508,-68.65941858958,2453278.7676515,-478.096185,5.569702,-16150.173516,1.531787,4.200169,5.503453,-16151.564007,1.17635,81.365721,5.314309,12.407917,36.137167,-37.55548,3.458653,0.689875,0.000789,0.968565,0.001234,1.100991,0.001437,0,9.696497,0.03352,40.127501,0,148.0,2453278.76764,-6.47795,-6.477776,0,-9999999,0.0,-1.478305,0.856496,-1.390491,0.981108,0.47,87,8.304699,56.193709,2004-09-30T06:22:28.014,-9999999,G2,073.C-0733(E),Lagrange,-9999999,HARPS_ech_obs_all,HARPS_ech_obs_objA,STAR_DARK_A3,-9999999.0,-9999999.0,-9999999,-9999999
243516,GJ9080,35.43725985508,-68.65941858958,2453278.7690578,-416.847291,5.806516,-10443.430689,1.580708,65.448621,5.742999,-10444.823823,1.239381,57.555226,5.615954,38.192065,26.932657,-38.379083,3.066165,0.689916,0.000849,0.967501,0.001317,1.098432,0.001534,0,0.991668,0.057896,0.590169,0,138.5,2453278.76905,-6.479455,-6.479295,0,-9999999,0.0,-1.478747,0.856497,-1.393134,0.981108,0.5,87,32.950092,48.238005,2004-09-30T06:24:26.917,-9999999,G2,073.C-0733(E),Lagrange,-9999999,HARPS_ech_obs_all,HARPS_ech_obs_objA,STAR_DARK_A3,-9999999.0,-9999999.0,-9999999,-9999999
243517,GJ9080,35.43725985508,-68.65941858958,2453278.8553462,-489.37606,2.391021,-18130.018717,1.115204,-7.107253,2.232342,-18131.57403,0.530146,-8.088866,2.190454,-24.490661,15.281697,-34.731827,2.411797,0.689245,0.000311,0.96703,0.00048,1.100495,0.00056,0,25.404295,0.031563,0.0,0,380.6,2453278.85534,-6.56812,-6.567952,0,-9999999,1e-06,-1.505852,0.856521,-1.555314,0.981135,0.51,173,-28.910031,44.326551,2004-09-30T08:27:57.312,-9999999,G2,073.C-0733(E),Lagrange,-9999999,HARPS_ech_obs_all,HARPS_ech_obs_objA,STAR_DARK_A3,-9999999.0,-9999999.0,-9999999,-9999999
243518,GJ9080,35.43725985508,-68.65941858958,2453278.8576965,-480.365222,2.432428,-16014.87304,1.114535,1.902847,2.276637,-16016.43277,0.528734,0.625348,2.229997,-24.89778,12.861893,-34.915196,2.436786,0.689672,0.000311,0.966939,0.000485,1.099998,0.000566,0,20.058974,0.020497,0.0,0,376.1,2453278.85769,-6.570322,-6.570157,0,-9999999,1e-06,-1.506591,0.856522,-1.559731,0.981136,0.5,173,-32.003197,40.548656,2004-09-30T08:31:22.118,-9999999,G2,073.C-0733(E),Lagrange,-9999999,HARPS_ech_obs_all,HARPS_ech_obs_objA,STAR_DARK_A3,-9999999.0,-9999999.0,-9999999,-9999999
243519,GJ9080,35.43725985508,-68.65941858958,2453278.8600671,-470.574062,2.414497,-19569.847684,1.118953,11.693262,2.257468,-19571.41187,0.537984,7.896178,2.213644,29.139679,16.207554,-34.592785,2.339171,0.688521,0.000315,0.967756,0.000486,1.100321,0.000566,0,1.420363,0.024805,-1271.792156,0,376.4,2453278.86006,-6.572527,-6.572358,0,-9999999,1e-06,-1.507335,0.856523,-1.564187,0.981137,0.5,173,31.001934,38.755106,2004-09-30T08:34:46.943,-9999999,G2,073.C-0733(E),Lagrange,-9999999,HARPS_ech_obs_all,HARPS_ech_obs_objA,STAR_DARK_A3,-9999999.0,-9999999.0,-9999999,-9999999
243520,GJ9080,35.43725985508,-68.65941858958,2453601.8029105,1919.567993,3.728071,-14923.667724,1.191557,2402.363574,3.628349,-14924.323692,0.676179,2797.516806,3.781813,69.200542,27.119276,15.126756,1.680293,0.690067,0.000408,0.967849,0.000627,1.101037,0.000738,0,34.480648,0.036324,2263.625838,0,288.3,2453601.8029,0.456784,0.456926,0,-9999999,0.002226,-0.979079,0.856504,-0.658194,0.981116,0.5,87,420.614112,587.058089,2005-08-19T07:12:33.331,-9999999,G2,075.C-0689(A),Galland,-9999999,HARPS_ech_obs_all,HARPS_ech_obs_objA,STAR_DARK_A3,-9999999.0,-9999999.0,-9999999,-9999999
243521,GJ9080,35.43725985508,-68.65941858958,2453601.8042903,1293.025321,4.231411,-11311.382291,1.208292,1775.820468,4.143819,-11312.040853,0.705251,1603.873104,4.035677,38.225569,27.550295,23.916286,2.28233,0.690698,0.000429,0.970479,0.000675,1.102804,0.000785,0,19.964409,0.025312,-944.453623,0,271.0,2453601.80428,0.455432,0.45558,0,-9999999,0.002226,-0.979512,0.856504,-0.660788,0.981117,0.5,87,565.285746,573.549445,2005-08-19T07:14:32.543,-9999999,G2,075.C-0689(A),Galland,-9999999,HARPS_ech_obs_all,HARPS_ech_obs_objA,STAR_DARK_A3,-9999999.0,-9999999.0,-9999999,-9999999
243522,GJ9080,35.43725985508,-68.65941858958,2453601.9094904,3189.609024,3.946083,-11804.574333,1.178829,3672.371126,3.851999,-11805.430618,0.653421,3079.665032,3.737468,1.289772,31.581163,21.020769,1.968514,0.688391,0.000389,0.967873,0.000609,1.097995,0.000709,0,28.900636,0.034833,47.829295,0,299.5,2453601.90949,0.34277,0.342907,0,-9999999,0.002227,-1.012558,0.856547,-0.858512,0.981162,0.5,87,280.158734,576.659949,2005-08-19T09:46:01.918,-9999999,G2,075.C-0689(A),Galland,-9999999,HARPS_ech_obs_all,HARPS_ech_obs_objA,STAR_DARK_A3,-9999999.0,-9999999.0,-9999999,-9999999
243523,GJ9080,35.43725985508,-68.65941858958,2453601.9108514,1688.16669,3.818885,-12946.381177,1.221322,2170.928364,3.721587,-12947.24002,0.727287,2207.815328,3.960029,91.043074,34.636647,24.110722,2.201051,0.688491,0.000437,0.969215,0.000668,1.099341,0.000777,0,24.412737,0.024441,-4.170454,0,274.0,2453601.91084,0.341282,0.341419,0,-9999999,0.002227,-1.012985,0.856547,-0.86107,0.981163,0.5,87,483.707045,540.47917,2005-08-19T09:47:59.509,-9999999,G2,075.C-0689(A),Galland,-9999999,HARPS_ech_obs_all,HARPS_ech_obs_objA,STAR_DARK_A3,-9999999.0,-9999999.0,-9999999,-9999999
243524,GJ9080,35.43725985508,-68.65941858958,2453989.7020638,1296.425249,4.626391,-16659.708666,1.257012,1779.829931,4.546418,-16660.594362,0.785823,1476.857366,4.288562,16.57756,28.180977,16.843785,1.975709,0.691911,0.000487,0.961299,0.000743,1.104444,0.000872,0,25.56207,0.034291,9.803851,0,245.5,2453989.70217,-3.378484,-3.378416,0,-9999999,0.0049,-0.369977,0.856491,-0.890596,0.981102,0.41,138,199.914614,557.155616,2006-09-11T04:47:17.667,-9999999,G2,077.C-0295(D),Galland,-9999999,HARPS_ech_obs_all,HARPS_ech_obs_objA,STAR_DARK_A3,-9999999.0,-9999999.0,-9999999,-9999999
243525,GJ9080,35.43725985508,-68.65941858958,2453989.7041687,491.0867,4.314263,-133879.557025,1.234776,974.490721,4.228391,-133880.446677,0.749741,1439.413773,4.05574,-6.011245,32.449346,16.524138,1.63899,0.692125,0.000461,0.962167,0.000706,1.101341,0.000826,0,136.680088,0.292403,7.826131,0,258.3,2453989.70427,-3.38025,-3.380181,0,-9999999,0.0049,-0.370639,0.856491,-0.894552,0.981102,0.44,138,285.481381,546.926382,2006-09-11T04:50:15.396,-9999999,G2,077.C-0295(D),Galland,-9999999,HARPS_ech_obs_all,HARPS_ech_obs_objA,STAR_DARK_A3,-9999999.0,-9999999.0,-9999999,-9999999
243526,GJ9080,35.43725985508,-68.65941858958,2453990.7784109,-578.730992,3.56549,-23431.733609,1.165402,-95.766548,3.499296,-23432.915425,0.628955,310.990541,3.26914,43.415348,24.021154,12.041848,1.624587,0.689324,0.00037,0.969514,0.000565,1.09662,0.000664,0,33.316029,0.037749,0.0,0,319.9,2453990.77851,-3.618802,-3.618741,0,-9999999,0.004907,-0.810216,0.683845,-1.186723,0.98111,0.41,98,42.71183,40.142964,2006-09-12T06:37:31.436,-9999999,G2,077.C-0295(C),Galland,-9999999,HARPS_ech_obs_all,HARPS_ech_obs_objA,STAR_DARK_A3,-9999999.0,-9999999.0,-9999999,-9999999
243527,GJ9080,35.43725985508,-68.65941858958,2453990.7799413,578.294106,3.550085,-30816.022219,1.147521,1061.258069,3.483599,-30817.206912,0.59517,567.059658,3.251149,-2.392471,30.334082,9.538063,1.198212,0.688567,0.000351,0.970073,0.000541,1.097112,0.000629,0,51.583053,0.044585,0.0,0,338.1,2453990.78003,-3.62043,-3.620374,0,-9999999,0.004907,-0.810696,0.683845,-1.1896,0.981111,0.4,98,2.268669,40.780573,2006-09-12T06:39:44.653,-9999999,G2,077.C-0295(C),Galland,-9999999,HARPS_ech_obs_all,HARPS_ech_obs_objA,STAR_DARK_A3,-9999999.0,-9999999.0,-9999999,-9999999
243528,GJ9080,35.43725985508,-68.65941858958,2454440.6823978,-2935.620096,5.219993,-323757.700497,1.23317,-2451.565467,5.149248,-323759.428939,0.887592,-2368.244437,5.322521,80.527822,351.593011,28.613576,2.323023,0.689169,0.000549,0.966959,0.00082,1.09462,0.000965,0,44.478026,0.064224,-172.686209,-99999,220.7,2454440.68248,-10.178728,-10.178767,0,-9999999,0.008007,0.279969,0.856491,-1.736449,0.856089,0.35,60,-440.826965,661.296406,2007-12-06T04:23:00.649,-9999999,G2,080.C-0712(A),Desort,-9999999,HARPS_ech_obs_all,HARPS_ech_obs_objA,STAR_DARK_A3,-9999999.0,-9999999.0,-9999999,-9999999
243529,GJ9080,35.43725985508,-68.65941858958,2454440.6834623,-1754.437636,5.446033,-316082.111011,1.219921,-1270.383342,5.378262,-316083.841452,0.869091,-1398.037246,5.31545,-91.589898,50.037928,25.275889,2.165629,0.688902,0.000535,0.965212,0.000819,1.096114,0.000955,0,35.559683,0.05803,-12.999511,-99999,222.9,2454440.68355,-10.1795,-10.179536,0,-9999999,0.008008,0.279635,0.856491,-1.738449,0.856089,0.35,60,-597.13641,644.134863,2007-12-06T04:24:32.624,-9999999,G2,080.C-0712(A),Desort,-9999999,HARPS_ech_obs_all,HARPS_ech_obs_objA,STAR_DARK_A3,-9999999.0,-9999999.0,-9999999,-9999999
243530,GJ9080,35.43725985508,-68.65941858958,2454444.6417671,-2728.014714,5.446017,-317175.465828,1.323156,-2243.796472,5.378245,-317175.126527,0.88779,-1608.254938,5.330214,0.842498,145.988209,33.160422,2.358047,0.691887,0.000551,0.966309,0.00085,1.098303,0.001003,0,29.19202,0.053212,-137.225039,-99999,215.0,2454444.64186,-9.950352,-9.950426,0,-9999999,0.008035,0.443582,0.856495,0.331266,0.981106,0.4,87,-34.855795,540.695559,2007-12-10T03:24:27.882,-9999999,G2,080.C-0712(A),Desort,-9999999,HARPS_ech_obs_all,HARPS_ech_obs_objA,STAR_DARK_A3,-9999999.0,-9999999.0,-9999999,-9999999
243531,GJ9080,35.43725985508,-68.65941858958,2454444.6431455,-1843.652455,5.296412,-324801.699339,1.309225,-1359.434646,5.2267,-324801.362629,0.866891,-701.755894,5.098375,-83.068201,42.728375,31.098584,2.206916,0.690641,0.000534,0.96641,0.000824,1.096373,0.000971,0,40.755871,0.057916,-1846.419455,-99999,222.1,2454444.64324,-9.951449,-9.951519,0,-9999999,0.008035,0.443149,0.856495,0.328675,0.981106,0.41,87,-89.003476,65.241148,2007-12-10T03:26:26.119,-9999999,G2,080.C-0712(A),Desort,-9999999,HARPS_ech_obs_all,HARPS_ech_obs_objA,STAR_DARK_A3,-9999999.0,-9999999.0,-9999999,-9999999
