,target,ra,dec,BJD,RV_mlc_nzp,e_RV_mlc_nzp,RV_drs_nzp,e_RV_drs_nzp,RV_mlc,e_RV_mlc,RV_drs,e_RV_drs,RV_mlc_j,e_RV_mlc_j,CRX,e_CRX,dLW,e_dLW,Halpha,e_Halpha,NaD1,e_NaD1,NaD2,e_NaD2,f_RV,FWHM_DRS,CONTRAST_DRS,BIS,RVGUESS,SNR_DRS,BJD_DRS,BERV,BERV_DRS,DRIFT,e_DRIFT,SA,NZP_mlc,dNZP_mlc,NZP_drs,dNZP_drs,TMMEAN,EXPTIME,MLCRX,E_MLCRX,TIMEID,DRIFT_LAMP,MASK,PROGID,PROGPI,AIRMASS,OBHAB,THAR_FP,DPR_TYPE,RHKp,dRHKp,vsinflag,metflag
55503,GJ3644,167.42657,2.455155,2453501.5325991,-0.060219,0.742502,10234.721494,0.691198,-5.216326,0.429966,10234.940614,0.373796,-5.180205,0.429972,-2.769561,3.54748,1.270765,0.594908,0.452737,0.000486,0.264835,0.000606,0.341496,0.00077,0,6.849742,55.130641,-0.036012,10,152.1,2453501.5326,-26.058432,-26.058285,1,-9999999,0.0,-0.061511,0.605342,0.21912,0.581405,0.49,900,-2.751226,3.533264,2005-05-11T00:35:48.255,-9999999,G2,075.C-0332(A),Melo,-9999999,HARPS_ech_obs_all,HARPS_ech_obs_thosimult,STAR_WAVE_G5,1.34140426786837e-05,5.2864408337189e-07,0,0
55504,GJ3644,167.42657,2.455155,2453502.5386921,0.132175,0.620548,10234.740525,0.585635,-5.416975,0.300013,10234.874563,0.263624,-5.392257,0.300014,1.514133,2.818469,-4.628228,0.552606,0.452541,0.000355,0.256829,0.000433,0.3413,0.000553,0,6.840469,55.17734,-0.034927,10,211.7,2453502.53869,-26.306773,-26.306635,0,-9999999,0.000146,-0.454554,0.543205,0.133892,0.522945,0.51,900,1.526849,2.772553,2005-05-12T00:44:24.272,-9999999,G2,075.C-0332(A),Melo,-9999999,HARPS_ech_obs_all,HARPS_ech_obs_thosimult,STAR_WAVE_G5,1.25696505059465e-05,4.47669595945814e-07,0,0
55505,GJ3644,167.42657,2.455155,2453503.5571842,-0.280115,0.564576,10234.268463,0.52187,-4.963459,0.231598,10235.238717,0.204298,-4.944433,0.231539,-2.034108,1.993654,-6.893148,0.587278,0.454519,0.000278,0.261203,0.000335,0.336935,0.000432,0,6.838513,55.195175,-0.035873,10,272.1,2453503.55718,-26.580533,-26.580391,0,-9999999,0.000294,0.411252,0.514887,0.96996,0.48022,0.5,900,-1.999974,1.945901,2005-05-13T01:11:18.739,-9999999,G2,075.C-0332(A),Melo,-9999999,HARPS_ech_obs_all,HARPS_ech_obs_thosimult,STAR_WAVE_G5,1.25411697988702e-05,4.24764700567935e-07,0,0
55506,GJ3644,167.42657,2.455155,2453504.564242,0.307598,0.659055,10235.104094,0.67474,-4.651956,0.336468,10235.336739,0.294801,-4.635523,0.33662,2.368691,3.502085,-1.151867,0.662133,0.45432,0.000388,0.261233,0.000474,0.344593,0.00061,0,6.840822,55.157075,-0.03623,10,192.1,2453504.56424,-26.81409,-26.813989,1,-9999999,0.00044,0.135042,0.566695,0.232205,0.606932,0.47,900,2.381116,3.482994,2005-05-14T01:22:03.247,-9999999,G2,075.C-0332(A),Melo,-9999999,HARPS_ech_obs_all,HARPS_ech_obs_thosimult,STAR_WAVE_G5,1.31753185781649e-05,5.85057180076478e-07,0,0
55507,GJ3644,167.42657,2.455155,2453506.5917214,-1.905601,0.739185,10233.223203,0.744241,-6.090144,0.498939,10233.833546,0.430542,-6.063427,0.499,0.881318,4.313184,3.430829,0.691596,0.456589,0.000547,0.259035,0.00069,0.335008,0.000878,0,6.840064,55.118009,-0.036886,10,134.0,2453506.59172,-27.288272,-27.288154,0,-9999999,0.000733,0.910053,0.545394,0.60961,0.607065,0.49,900,0.915007,4.282869,2005-05-16T02:01:35.195,-9999999,G2,075.C-0332(A),Melo,-9999999,HARPS_ech_obs_all,HARPS_ech_obs_thosimult,STAR_WAVE_G5,1.26278269176294e-05,5.59940766999308e-07,0,0
55508,GJ3644,167.42657,2.455155,2453509.5331144,-4.069681,0.6533,10230.792765,0.633044,-7.991329,0.386582,10232.444223,0.333667,-7.976263,0.386567,7.153296,3.993838,-4.2319,0.700556,0.454807,0.000457,0.261598,0.000554,0.345842,0.000714,0,6.834237,55.198736,-0.037387,10,165.0,2453509.53311,-27.682284,-27.682163,0,-9999999,0.00116,1.172948,0.526645,1.650298,0.53797,0.49,900,7.160256,3.956508,2005-05-19T00:37:34.746,-9999999,G2,075.C-0332(A),Melo,-9999999,HARPS_ech_obs_all,HARPS_ech_obs_thosimult,STAR_WAVE_G5,1.07924465725103e-05,4.83932020270214e-07,0,0
55509,GJ3644,167.42657,2.455155,2453927.4643732,1.526265,0.90648,10235.898038,1.01469,-3.325049,0.293376,10236.421329,0.255507,-3.352941,0.293293,-1.096729,2.433431,4.569833,0.53595,0.449871,0.000337,0.262576,0.00041,0.339744,0.000522,0,6.849902,55.082726,-0.035283,10,223.4,2453927.46448,-25.29226,-25.292661,0,-9999999,0.061748,0.243282,0.857692,0.461543,0.981994,0.45,900,-1.074893,2.412243,2006-07-10T23:06:18.981,-9999999,G2,075.C-0332(A),Melo,-9999999,HARPS_ech_obs_all,HARPS_ech_obs_thosimult,STAR_WAVE_G5,1.35397617957261e-05,4.32489618225355e-07,0,0
55510,GJ3644,167.42657,2.455155,2453930.4478432,1.742279,0.680745,10235.477945,0.7299,-3.401505,0.321485,10235.916101,0.277942,-3.394214,0.321433,-0.693382,2.463256,4.278416,0.510168,0.449987,0.000367,0.262984,0.000447,0.338821,0.000568,0,6.848924,55.087917,-0.035068,10,205.4,2453930.44796,-24.490747,-24.491184,0,-9999999,0.062181,-0.049188,0.600051,0.375975,0.674909,0.47,900,-0.685564,2.441163,2006-07-13T22:42:33.985,-9999999,G2,075.C-0332(A),Melo,-9999999,HARPS_ech_obs_all,HARPS_ech_obs_thosimult,STAR_WAVE_G5,1.32644747268461e-05,3.83294231952368e-07,0,0
55511,GJ3644,167.42657,2.455155,2453931.4560127,-0.266398,0.584286,10232.749711,0.59815,-4.768006,0.377614,10233.777849,0.323645,-4.767154,0.377551,-1.439463,3.264555,1.151399,0.650952,0.452605,0.000411,0.261373,0.000507,0.337991,0.000653,0,6.851811,55.132617,-0.035453,10,179.8,2453931.45612,-24.23448,-24.2349,0,-9999999,0.062327,0.592988,0.445868,0.965811,0.503028,0.45,900,-1.400584,3.249127,2006-07-14T22:54:44.841,-9999999,G2,077.C-0101(A),Melo,-9999999,HARPS_ech_obs_all,HARPS_ech_obs_thosimult,STAR_WAVE_G5,1.39061645964163e-05,5.0162925605727e-07,0,0
55512,GJ3644,167.42657,2.455155,2453932.4721928,0.639308,0.747689,10234.282805,0.693745,-3.497756,0.440683,10235.41579,0.377401,-3.479891,0.440721,-8.840794,3.265471,3.147771,0.963146,0.451738,0.000504,0.257236,0.000613,0.34102,0.00078,0,6.85361,55.140769,-0.038614,10,150.4,2453932.47233,-23.982221,-23.982663,0,-9999999,0.062474,0.957532,0.604018,1.070511,0.582109,0.57,900,-8.821192,3.244526,2006-07-15T23:16:21.779,-9999999,G2,077.C-0101(A),Melo,-9999999,HARPS_ech_obs_all,HARPS_ech_obs_thosimult,STAR_WAVE_G5,1.30294034984276e-05,5.26334909634233e-07,0,0
55513,GJ3644,167.42657,2.455155,2453933.4520739,0.077259,0.746594,10232.640965,0.720721,-4.697188,0.532473,10232.941818,0.450824,-4.700719,0.532471,5.157339,4.854118,2.847249,1.064503,0.456468,0.000601,0.263878,0.000735,0.33813,0.00093,0,6.854991,55.11489,-0.036666,10,126.1,2453933.45219,-23.666044,-23.666477,0,-9999999,0.062616,0.320149,0.523331,0.238237,0.562313,0.46,900,5.164006,4.834317,2006-07-16T22:49:09.156,-9999999,G2,077.C-0101(A),Melo,-9999999,HARPS_ech_obs_all,HARPS_ech_obs_thosimult,STAR_WAVE_G5,1.30891023463224e-05,5.46865901370498e-07,0,0
55514,GJ3644,167.42657,2.455155,2453934.4572051,2.278566,0.535652,10235.659629,0.524917,-3.405561,0.344732,10235.639058,0.296272,-3.37659,0.34477,0.084232,3.09687,3.933342,0.617684,0.453369,0.000382,0.261893,0.000467,0.335906,0.0006,0,6.85797,55.104114,-0.03623,10,195.3,2453934.45732,-23.38275,-23.383182,0,-9999999,0.062762,-0.589531,0.409979,-0.083333,0.433313,0.48,900,0.142307,3.083459,2006-07-17T22:56:21.224,-9999999,G2,077.C-0101(A),Melo,-9999999,HARPS_ech_obs_all,HARPS_ech_obs_thosimult,STAR_WAVE_G5,1.23476570811878e-05,4.28013124858365e-07,0,0
55515,GJ3644,167.42657,2.455155,2453935.4572529,-0.472637,0.574997,10233.123084,0.623604,-4.602286,0.376462,10234.206335,0.324051,-4.578613,0.376579,-1.74927,3.091604,2.746237,0.713779,0.456225,0.000424,0.255602,0.000515,0.346955,0.000665,0,6.858082,55.124377,-0.036685,10,176.9,2453935.45737,-23.08402,-23.084448,0,-9999999,0.062907,0.964947,0.434623,1.020344,0.532797,0.49,900,-1.72987,3.059853,2006-07-18T22:56:22.977,-9999999,G2,077.C-0101(A),Melo,-9999999,HARPS_ech_obs_all,HARPS_ech_obs_thosimult,STAR_WAVE_G5,1.35796241635667e-05,4.6064430101096e-07,0,0
55516,GJ3644,167.42657,2.455155,2453936.4643253,0.178264,0.736392,10233.334611,0.846342,-5.181341,0.342992,10233.682619,0.296378,-5.176717,0.343059,3.287366,3.672004,3.208676,0.662905,0.460971,0.000393,0.260451,0.00047,0.345998,0.000608,0,6.861565,55.134051,-0.037832,10,193.2,2453936.46421,-22.78824,-22.788343,0,-9999999,0.063053,-0.265009,0.651636,0.284955,0.792752,0.51,900,3.291238,3.6448,2006-07-19T23:06:22.599,-9999999,G2,077.C-0101(A),Melo,-9999999,HARPS_ech_obs_all,HARPS_ech_obs_thosimult,STAR_WAVE_G5,1.3803220675837e-05,4.33647741731126e-07,0,0
