,target,ra,dec,BJD,RV_mlc_nzp,e_RV_mlc_nzp,RV_drs_nzp,e_RV_drs_nzp,RV_mlc,e_RV_mlc,RV_drs,e_RV_drs,RV_mlc_j,e_RV_mlc_j,CRX,e_CRX,dLW,e_dLW,Halpha,e_Halpha,NaD1,e_NaD1,NaD2,e_NaD2,f_RV,FWHM_DRS,CONTRAST_DRS,BIS,RVGUESS,SNR_DRS,BJD_DRS,BERV,BERV_DRS,DRIFT,e_DRIFT,SA,NZP_mlc,dNZP_mlc,NZP_drs,dNZP_drs,TMMEAN,EXPTIME,MLCRX,E_MLCRX,TIMEID,DRIFT_LAMP,MASK,PROGID,PROGPI,AIRMASS,OBHAB,THAR_FP,DPR_TYPE,RHKp,dRHKp,vsinflag,metflag
238655,GJ695.1,266.989790400196,-34.0188746943878,2453153.7977011,0.944864,0.944799,2528.195379,1.047436,0.324907,0.39729,2528.655441,0.363703,0.72789,0.399263,5.017096,3.728336,-22.040684,1.062857,0.446401,0.000444,0.279245,0.000563,0.388462,0.000731,0,6.828022,54.186252,-0.048315,2,167.2,2453153.7977,10.150892,10.151244,0,-9999999,0.0,0.094293,0.857209,0.460062,0.982264,0.5,555,5.028567,3.73651,2004-05-28T06:56:16.765,-9999999,G2,072.C-0488(E),Mayor,-9999999,HARPS_ech_obs_all,HARPS_ech_obs_thosimult,STAR_WAVE_G6,5.22301664293878e-06,5.79116040173575e-07,1,0
238656,GJ695.1,266.989790400196,-34.0188746943878,2453159.7243276,1.531373,1.035103,2528.915304,1.116535,0.819471,0.580217,2529.509178,0.530879,1.171927,0.581602,3.438056,5.680623,-11.053375,1.44418,0.446991,0.000628,0.282093,0.000807,0.38226,0.001047,0,6.831349,54.070591,-0.047767,2,117.8,2453159.72432,7.511035,7.511425,0,-9999999,0.003633,0.002347,0.857197,0.590241,0.982251,0.46,343,3.438674,5.686111,2004-06-03T05:12:21.968,-9999999,G2,072.C-0488(E),Mayor,-9999999,HARPS_ech_obs_all,HARPS_ech_obs_thosimult,STAR_WAVE_G6,5.62566533824192e-06,7.18241738490737e-07,1,0
238657,GJ695.1,266.989790400196,-34.0188746943878,2453206.6229168,0.547793,0.935167,2528.231855,1.034263,-1.900353,0.373816,2527.217315,0.323831,-1.686973,0.377209,20.091312,3.912591,-34.411519,0.989778,0.444827,0.000439,0.278197,0.000543,0.384578,0.000706,0,6.815188,54.243853,-0.047081,2,175.4,2453206.62291,-14.64434,-14.643995,0,-9999999,0.032382,-1.733897,0.857204,-1.046922,0.982259,0.5,900,20.09562,3.900374,2004-07-20T02:42:18.672,-9999999,G2,072.C-0488(E),Mayor,-9999999,HARPS_ech_obs_all,HARPS_ech_obs_thosimult,STAR_WAVE_G6,6.48777700257159e-06,5.10369206407415e-07,1,0
238658,GJ695.1,266.989790400196,-34.0188746943878,2453580.5819097,0.132341,0.918453,2527.684117,1.018366,-1.409915,0.329758,2527.595433,0.268728,-1.268585,0.33264,10.655922,3.088411,-15.560078,0.792635,0.444226,0.000352,0.27958,0.000446,0.384789,0.000579,0,6.821648,54.102184,-0.048615,2,212.8,2453580.58191,-18.092224,-18.091949,0,-9999999,0.261616,-0.828007,0.857214,-0.3503,0.98227,0.5,900,10.649923,3.079112,2005-07-29T01:43:58.056,-9999999,G2,072.C-0488(E),Mayor,-9999999,HARPS_ech_obs_all,HARPS_ech_obs_thosimult,STAR_WAVE_G6,6.33748272922536e-06,4.39237551189999e-07,1,0
238659,GJ695.1,266.989790400196,-34.0188746943878,2453976.5089428,-0.04815,0.87524,2527.41481,0.988774,-0.696763,0.314735,2528.462209,0.253692,-0.672358,0.318996,17.015407,3.845554,-20.805539,0.874639,0.44833,0.000345,0.287268,0.000428,0.388018,0.00056,0,6.820091,54.121841,-0.047146,2,222.0,2453976.50906,-27.041963,-27.042108,0,-9999999,0.504318,0.065636,0.816693,0.543081,0.955674,0.48,495,17.015964,3.844044,2006-08-29T00:05:51.017,-9999999,G2,072.C-0488(E),Mayor,-9999999,HARPS_ech_obs_all,HARPS_ech_obs_thosimult,STAR_WAVE_G6,6.06816271142942e-06,4.29993098141881e-07,1,0
238660,GJ695.1,266.989790400196,-34.0188746943878,2453976.5151207,-0.97137,0.873081,2526.373072,0.987242,-1.621899,0.308688,2527.408911,0.247669,-1.617885,0.312984,8.384207,3.698208,-21.593093,0.912583,0.448006,0.000338,0.2883,0.00042,0.387784,0.000548,0,6.817398,54.126346,-0.047503,2,226.7,2453976.51524,-27.056187,-27.056325,0,-9999999,0.504321,0.06372,0.816689,0.531518,0.955671,0.49,495,8.379473,3.688744,2006-08-29T00:14:39.882,-9999999,G2,072.C-0488(E),Mayor,-9999999,HARPS_ech_obs_all,HARPS_ech_obs_thosimult,STAR_WAVE_G6,7.43836840694381e-06,3.7315857862865e-07,1,0
238661,GJ695.1,266.989790400196,-34.0188746943878,2453982.5392699,0.831323,0.938414,2528.96656,1.030704,-0.140915,0.38181,2529.420714,0.312192,-0.051105,0.384373,10.163146,4.449468,-14.405221,1.018948,0.442195,0.000403,0.288064,0.000513,0.386778,0.000668,0,6.824179,54.079877,-0.049371,2,185.9,2453982.53939,-28.099992,-28.100144,-2,-9999999,0.508014,-0.257989,0.857229,-0.05386,0.982286,0.47,438,10.172859,4.441527,2006-09-04T00:50:51.121,-9999999,G2,072.C-0488(E),Mayor,-9999999,HARPS_ech_obs_all,HARPS_ech_obs_thosimult,STAR_WAVE_G6,6.9108024465994e-06,4.45977774679759e-07,1,0
238662,GJ695.1,266.989790400196,-34.0188746943878,2453982.5448364,2.189356,0.935056,2529.177406,1.02819,1.215392,0.373485,2529.621145,0.303798,1.311755,0.3764,7.247089,4.130184,-15.624349,1.016162,0.442983,0.00039,0.289028,0.000498,0.387557,0.000647,0,6.822582,54.084383,-0.049987,2,192.0,2453982.54495,-28.111858,-28.112023,-1,-9999999,0.508018,-0.259714,0.857227,-0.064279,0.982284,0.49,438,7.248587,4.132938,2006-09-04T00:58:43.355,-9999999,G2,072.C-0488(E),Mayor,-9999999,HARPS_ech_obs_all,HARPS_ech_obs_thosimult,STAR_WAVE_G6,6.80850876874459e-06,5.36027416973641e-07,1,0
238663,GJ695.1,266.989790400196,-34.0188746943878,2454197.8224471,0.792464,0.841407,2528.249748,0.835321,-0.889359,0.291144,2527.094702,0.23273,-0.616985,0.293364,3.329024,3.374553,-8.189264,0.873659,0.448952,0.000308,0.281347,0.000381,0.382319,0.000494,0,6.82633,54.071608,-0.048812,2,248.6,2454197.82257,27.866438,27.866291,1,-9999999,0.639982,-0.967574,0.789431,-1.795028,0.802245,0.5,900,3.36517,3.380789,2007-04-07T07:34:07.304,-9999999,G2,072.C-0488(E),Mayor,-9999999,HARPS_ech_obs_all,HARPS_ech_obs_thosimult,STAR_WAVE_G6,7.82186201763932e-06,4.27755909697841e-07,1,0
238664,GJ695.1,266.989790400196,-34.0188746943878,2454200.8954828,1.276741,0.696367,2528.657665,0.815901,-0.327171,0.244257,2527.899278,0.192014,-0.062743,0.247757,11.953986,3.112951,-12.178696,0.825825,0.444105,0.000264,0.280965,0.000321,0.382311,0.000416,0,6.824614,54.097641,-0.049226,2,295.5,2454200.89561,27.154181,27.154014,0,-9999999,0.641865,-0.889663,0.652124,-1.400252,0.792985,0.51,900,11.971088,3.119929,2007-04-10T09:18:44.288,-9999999,G2,072.C-0488(E),Mayor,-9999999,HARPS_ech_obs_all,HARPS_ech_obs_thosimult,STAR_WAVE_G6,6.37354773487972e-06,3.48451916863806e-07,1,0
238665,GJ695.1,266.989790400196,-34.0188746943878,2454234.8676951,-0.248934,0.819103,2527.321158,0.730305,-0.351164,0.283128,2527.78572,0.232783,-0.171934,0.285741,1.017859,3.170107,-8.722331,0.898036,0.443087,0.000323,0.282831,0.000393,0.390081,0.000509,0,6.828166,54.062208,-0.049118,2,242.5,2454234.86781,16.526748,16.526785,1,-9999999,0.66269,0.612019,0.768614,-0.198128,0.692212,0.49,900,1.025519,3.180395,2007-05-14T08:35:20.967,-9999999,G2,072.C-0488(E),Mayor,-9999999,HARPS_ech_obs_all,HARPS_ech_obs_thosimult,STAR_WAVE_G6,7.54319896135963e-06,4.00267792646956e-07,1,0
238666,GJ695.1,266.989790400196,-34.0188746943878,2454672.6363795,1.387998,0.460835,2529.351298,0.499752,0.708373,0.246864,2530.302522,0.18308,0.721096,0.252317,9.315765,4.219993,-13.295186,0.890801,0.444003,0.000249,0.285004,0.000302,0.385119,0.000395,0,6.830323,54.060658,-0.047923,2,313.9,2454672.63649,-16.71495,-16.714924,0,-9999999,0.93104,0.034624,0.389136,0.020184,0.46501,0.47,900,9.305103,4.232909,2008-07-25T03:02:34.340,-9999999,G2,072.C-0488(E),Mayor,-9999999,HARPS_ech_obs_all,HARPS_ech_obs_thosimult,STAR_WAVE_G6,7.51069805209526e-06,3.69640543532681e-07,1,0
238667,GJ695.1,266.989790400196,-34.0188746943878,2454673.6095383,1.426845,1.0468,2529.17887,1.100381,1.147932,0.600822,2530.749834,0.495984,1.287251,0.603791,15.247098,5.770986,-14.486251,1.54094,0.443877,0.000665,0.280038,0.000824,0.37798,0.001074,0,6.827706,54.072851,-0.044428,2,116.8,2454673.60962,-17.053179,-17.053076,0,-9999999,0.931637,0.435336,0.857207,0.639327,0.982262,0.33,900,15.215341,5.783517,2008-07-26T02:26:05.976,-9999999,G2,072.C-0488(E),Mayor,-9999999,HARPS_ech_obs_all,HARPS_ech_obs_thosimult,STAR_WAVE_G6,6.71305027006636e-06,5.92509472188249e-07,1,0
238668,GJ695.1,266.989790400196,-34.0188746943878,2454674.5916485,0.576582,0.933541,2528.198944,0.967131,0.2906,0.369713,2529.977261,0.297985,0.365927,0.372964,1.211296,4.370064,-3.683271,1.164243,0.443751,0.000391,0.28489,0.000483,0.385194,0.00063,0,6.834201,54.008377,-0.049509,2,196.8,2454674.59176,-17.40946,-17.40943,-1,-9999999,0.932239,0.428267,0.857211,0.846078,0.92008,0.48,900,1.202266,4.374068,2008-07-27T01:58:10.176,-9999999,G2,072.C-0488(E),Mayor,-9999999,HARPS_ech_obs_all,HARPS_ech_obs_thosimult,STAR_WAVE_G6,7.18736343857484e-06,4.285385184804e-07,1,0
238669,GJ695.1,266.989790400196,-34.0188746943878,2454677.6782334,0.278378,0.913948,2527.52567,1.013152,-0.256264,0.317039,2528.790383,0.248314,-0.249281,0.320395,-0.218129,4.523469,-4.420596,1.016226,0.443898,0.000324,0.279526,0.000402,0.385084,0.000522,0,6.834947,54.019181,-0.048612,2,237.2,2454677.67836,-18.792398,-18.792383,0,-9999999,0.934131,0.179607,0.857197,0.330582,0.982251,0.51,900,-0.19887,4.527103,2008-07-30T04:02:40.136,-9999999,G2,072.C-0488(E),Mayor,-9999999,HARPS_ech_obs_all,HARPS_ech_obs_thosimult,STAR_WAVE_G6,7.26918512453584e-06,3.70412405818815e-07,1,0
238670,GJ695.1,266.989790400196,-34.0188746943878,2454678.6067141,-0.364279,0.543713,2526.660259,0.660068,-0.997584,0.246758,2528.371452,0.181663,-1.001147,0.25277,7.123604,4.19171,-14.625466,0.929398,0.4472,0.000243,0.285039,0.000298,0.385534,0.00039,0,6.827724,54.07694,-0.047322,2,318.6,2454678.60683,-19.006032,-19.006027,0,-9999999,0.9347,0.080944,0.484494,0.776493,0.634577,0.48,900,7.136203,4.192881,2008-07-31T02:20:12.904,-9999999,G2,072.C-0488(E),Mayor,-9999999,HARPS_ech_obs_all,HARPS_ech_obs_thosimult,STAR_WAVE_G6,6.75807801700096e-06,4.37485218611844e-07,1,0
238671,GJ695.1,266.989790400196,-34.0188746943878,2454679.6048135,2.691284,0.955723,2528.774373,0.651596,2.132183,0.422612,2530.623902,0.344469,2.177226,0.425609,-2.723687,4.214107,-5.897777,1.183308,0.442992,0.000455,0.280346,0.000565,0.378092,0.000735,0,6.835083,54.027258,-0.048968,2,169.5,2454679.60494,-19.377878,-19.377898,0,-9999999,0.935312,0.155148,0.857208,0.914217,0.553099,0.54,900,-2.728079,4.232625,2008-08-01T02:16:40.200,-9999999,G2,072.C-0488(E),Mayor,-9999999,HARPS_ech_obs_all,HARPS_ech_obs_thosimult,STAR_WAVE_G6,7.67024951759352e-06,5.63722233147637e-07,1,0
238672,GJ695.1,266.989790400196,-34.0188746943878,2454681.586146,1.572055,0.928318,2529.104847,1.023229,1.072611,0.356314,2530.644435,0.286611,1.139099,0.359934,6.426935,3.816019,-12.075211,1.157834,0.443067,0.000377,0.286739,0.000468,0.387667,0.000611,0,6.827875,54.059663,-0.04788,2,204.0,2454681.58626,-20.067241,-20.067247,0,-9999999,0.936526,0.214805,0.857213,0.603062,0.982269,0.47,900,6.442792,3.833866,2008-08-03T01:51:01.566,-9999999,G2,072.C-0488(E),Mayor,-9999999,HARPS_ech_obs_all,HARPS_ech_obs_thosimult,STAR_WAVE_G6,5.86716564883118e-06,4.12584175663979e-07,1,0
238673,GJ695.1,266.989790400196,-34.0188746943878,2454682.56567,3.682035,0.749036,2531.513254,0.722608,3.402184,0.387611,2533.3737,0.315079,3.392879,0.391257,11.780512,4.005985,-20.266182,1.019038,0.443651,0.000437,0.281916,0.000536,0.388798,0.000698,0,6.822499,54.113317,-0.04902,2,179.1,2454682.56578,-20.375247,-20.375276,0,-9999999,0.937127,0.434398,0.640946,0.923319,0.650298,0.5,900,11.787668,4.035695,2008-08-04T01:21:11.151,-9999999,G2,072.C-0488(E),Mayor,-9999999,HARPS_ech_obs_all,HARPS_ech_obs_thosimult,STAR_WAVE_G6,7.6112446639807e-06,5.19067191158217e-07,1,0
238674,GJ695.1,266.989790400196,-34.0188746943878,2454914.8757565,-1.750318,0.758007,2524.990088,0.817665,-1.355516,0.252671,2527.048678,0.195906,-1.054887,0.255169,5.255818,3.58088,-6.293332,1.034082,0.447677,0.000264,0.281971,0.000321,0.38072,0.000416,0,6.830885,54.055752,-0.050061,2,296.2,2454914.87587,29.372897,29.372698,0,-9999999,1.079532,1.109051,0.714655,0.979058,0.793849,0.49,900,5.274018,3.583128,2009-03-24T08:52:52.977,-9999999,G2,072.C-0488(E),Mayor,-9999999,HARPS_ech_obs_all,HARPS_ech_obs_thosimult,STAR_WAVE_G6,7.11267095119432e-06,4.00848884226803e-07,1,0
238675,GJ695.1,266.989790400196,-34.0188746943878,2454916.8892695,0.424803,0.755531,2528.012263,0.683843,-0.07452,0.275508,2528.546399,0.216846,0.209846,0.278024,0.407472,4.141662,-6.409051,0.947553,0.444238,0.000294,0.280852,0.000357,0.389526,0.000462,0,6.830515,54.055166,-0.049039,2,267.1,2454916.88939,29.206741,29.206548,0,-9999999,1.080766,0.214926,0.703507,-0.54663,0.648551,0.49,900,0.416017,4.15021,2009-03-26T09:12:03.569,-9999999,G2,072.C-0488(E),Mayor,-9999999,HARPS_ech_obs_all,HARPS_ech_obs_thosimult,STAR_WAVE_G6,7.00961947167269e-06,3.85036519625663e-07,1,0
238676,GJ695.1,266.989790400196,-34.0188746943878,2454918.8399279,-0.404067,0.895976,2527.431326,1.001034,-1.282254,0.26066,2526.953402,0.203496,-0.945828,0.263465,-2.570757,3.469298,-7.267616,1.018541,0.443199,0.000274,0.281245,0.000333,0.38752,0.000431,0,6.829892,54.05614,-0.048413,2,284.5,2454918.84004,29.13313,29.132974,0,-9999999,1.081962,-0.163938,0.857221,-1.559886,0.980132,0.49,900,-2.562823,3.474472,2009-03-28T08:00:44.117,-9999999,G2,072.C-0488(E),Mayor,-9999999,HARPS_ech_obs_all,HARPS_ech_obs_thosimult,STAR_WAVE_G6,7.2466458547678e-06,3.34125151558325e-07,1,0
238677,GJ695.1,266.989790400196,-34.0188746943878,2454919.8408579,0.213708,0.891747,2526.964453,1.000408,-0.456789,0.245732,2527.838447,0.189596,-0.244105,0.248574,2.104727,3.175088,-7.954196,1.000813,0.442865,0.000256,0.287497,0.00031,0.388324,0.000402,0,6.830366,54.061151,-0.048827,2,305.5,2454919.84097,29.030869,29.030725,0,-9999999,1.082575,0.043752,0.857222,-0.208581,0.982278,0.49,900,2.11354,3.18913,2009-03-29T08:01:56.137,-9999999,G2,072.C-0488(E),Mayor,-9999999,HARPS_ech_obs_all,HARPS_ech_obs_thosimult,STAR_WAVE_G6,6.94491126391946e-06,3.38202416323285e-07,1,0
238678,GJ695.1,266.989790400196,-34.0188746943878,2454920.8400139,-0.706254,0.83525,2526.154044,0.933542,-1.392664,0.276664,2526.913291,0.218244,-1.101272,0.279026,5.286197,3.748769,-6.470536,1.12407,0.44683,0.00029,0.288743,0.000355,0.387959,0.000458,0,6.828958,54.062807,-0.049832,2,267.6,2454920.84013,28.923009,28.922842,0,-9999999,1.083188,0.027839,0.788098,-0.323941,0.907673,0.49,900,5.295705,3.745365,2009-03-30T08:00:34.913,-9999999,G2,072.C-0488(E),Mayor,-9999999,HARPS_ech_obs_all,HARPS_ech_obs_thosimult,STAR_WAVE_G6,6.27902831772497e-06,3.26836128261061e-07,1,0
238679,GJ695.1,266.989790400196,-34.0188746943878,2454988.7586578,-0.987648,0.907895,2527.303857,1.004989,-1.559542,0.299134,2528.272695,0.212551,-1.545802,0.303886,2.901026,4.541941,-9.459656,1.045361,0.447991,0.000282,0.281578,0.000343,0.379781,0.000445,0,6.834741,54.053961,-0.050094,2,276.6,2454988.75865,6.127673,6.128047,0,-9999999,1.124821,0.142356,0.857201,-0.155983,0.982255,0.52,900,2.906934,4.542036,2009-06-06T05:56:34.921,-9999999,G2,183.C-0972(A),Udry,-9999999,HARPS_ech_obs_all,HARPS_ech_obs_thosimult,STAR_WAVE_G6,6.06082766868635e-06,3.22954792237681e-07,1,0
238680,GJ695.1,266.989790400196,-34.0188746943878,2455037.7021592,-1.664913,0.900968,2525.874946,1.009606,-2.784264,0.277413,2527.009999,0.233426,-2.66926,0.279646,9.465615,3.124591,-5.36842,1.21198,0.444906,0.000304,0.28663,0.000374,0.387652,0.000489,0,6.83557,54.020478,-0.048191,2,254.1,2455037.70216,-16.783064,-16.782775,0,-9999999,1.154824,-0.405102,0.857196,-0.019771,0.982251,0.48,900,9.451236,3.113772,2009-07-25T04:37:07.226,-9999999,G2,183.C-0972(A),Udry,-9999999,HARPS_ech_obs_all,HARPS_ech_obs_thosimult,STAR_WAVE_G6,6.32714964651316e-06,3.93564148809511e-07,1,0
238681,GJ695.1,266.989790400196,-34.0188746943878,2455038.7246874,-1.841426,0.899204,2525.371088,1.007928,-2.882614,0.271627,2526.581346,0.226054,-2.767616,0.273973,7.335307,3.31842,-7.159102,1.137193,0.444497,0.000293,0.280857,0.000362,0.386616,0.000471,0,6.833587,54.035047,-0.048788,2,262.9,2455038.72468,-17.231342,-17.231053,0,-9999999,1.15545,-0.326939,0.857197,0.054808,0.982252,0.48,900,7.309612,3.306935,2009-07-26T05:09:38.611,-9999999,G2,183.C-0972(A),Udry,-9999999,HARPS_ech_obs_all,HARPS_ech_obs_thosimult,STAR_WAVE_G6,6.68075485304168e-06,3.8557095842683e-07,1,0
238682,GJ695.1,266.989790400196,-34.0188746943878,2455041.6782259,0.916091,0.908223,2528.08925,1.014416,-0.041207,0.300138,2529.425433,0.253422,0.042486,0.302214,2.359033,3.231932,-5.267528,1.181859,0.44404,0.000336,0.286927,0.000412,0.387418,0.000537,0,6.835283,54.024116,-0.048704,2,231.5,2455041.67822,-18.314019,-18.313743,0,-9999999,1.157261,-0.243048,0.857197,0.178922,0.982251,0.51,900,2.364048,3.244911,2009-07-29T04:02:32.299,-9999999,G2,183.C-0972(A),Udry,-9999999,HARPS_ech_obs_all,HARPS_ech_obs_thosimult,STAR_WAVE_G6,6.97090964230641e-06,3.69886708878988e-07,1,0
238683,GJ695.1,266.989790400196,-34.0188746943878,2455072.5956963,-0.400345,0.726668,2527.694035,0.701638,-0.601273,0.345076,2529.022406,0.289079,-0.530208,0.347709,5.674774,3.442259,-11.764765,1.264701,0.442873,0.000385,0.28849,0.000473,0.379383,0.000617,0,6.830843,54.052684,-0.048926,2,202.1,2455072.59569,-27.250916,-27.250778,0,-9999999,1.176213,0.513321,0.639506,0.152158,0.63932,0.54,440,5.68042,3.45083,2009-08-29T02:10:49.098,-9999999,G2,183.C-0972(A),Udry,-9999999,HARPS_ech_obs_all,HARPS_ech_obs_thosimult,STAR_WAVE_G6,5.79340481884407e-06,3.72074968765334e-07,1,0
238684,GJ695.1,266.989790400196,-34.0188746943878,2455072.6010037,-1.75323,0.720518,2526.456774,0.69682,-1.955803,0.331935,2527.775214,0.277185,-1.906469,0.334493,7.977334,3.577915,-11.429301,1.21446,0.442798,0.000369,0.288204,0.000453,0.378976,0.000591,0,6.830673,54.048153,-0.047845,2,211.1,2455072.601,-27.261184,-27.26105,0,-9999999,1.176216,0.511676,0.639504,0.142224,0.639317,0.51,440,7.976732,3.575166,2009-08-29T02:18:40.894,-9999999,G2,183.C-0972(A),Udry,-9999999,HARPS_ech_obs_all,HARPS_ech_obs_thosimult,STAR_WAVE_G6,6.34253639877751e-06,3.51883193005358e-07,1,0
238685,GJ695.1,266.989790400196,-34.0188746943878,2455111.5336786,0.601145,0.803925,2526.887647,1.010288,-1.415029,0.287442,2528.158394,0.2362,-1.427659,0.289818,3.520316,3.933887,-7.909297,1.173629,0.439942,0.00031,0.283356,0.000385,0.382457,0.000496,0,6.835011,54.024608,-0.047482,2,249.4,2455111.53368,-28.21549,-28.215613,0,-9999999,1.200082,-1.301925,0.750781,0.070665,0.982289,0.47,900,3.525909,3.932584,2009-10-07T00:43:46.010,-9999999,G2,183.C-0972(A),Udry,-9999999,HARPS_ech_obs_all,HARPS_ech_obs_thosimult,STAR_WAVE_G6,6.47612388635882e-06,4.30090561086447e-07,1,0
238686,GJ695.1,266.989790400196,-34.0188746943878,2455115.5294706,-2.588809,1.653047,2525.287163,1.614726,-3.617569,1.413405,2527.247802,1.281579,-3.437061,1.415921,1.475003,11.548591,-10.991732,2.641601,0.44073,0.001454,0.283749,0.001908,0.387936,0.00246,0,6.837967,54.061134,-0.043503,2,53.6,2455115.52947,-27.603669,-27.6038,0,-9999999,1.202531,-0.314511,0.857234,0.758108,0.982291,0.56,900,1.440248,11.543992,2009-10-11T00:36:53.294,-9999999,G2,183.C-0972(A),Udry,-9999999,HARPS_ech_obs_all,HARPS_ech_obs_thosimult,STAR_WAVE_G6,5.20849172032084e-06,1.21261961461873e-06,1,0
238687,GJ695.1,266.989790400196,-34.0188746943878,2455117.5171718,1.211719,1.106998,2528.436768,1.140425,0.364781,0.700418,2530.314701,0.579364,0.330747,0.702308,4.329561,6.597103,-7.668278,1.582705,0.443925,0.000779,0.290644,0.000971,0.379381,0.001261,0,6.836184,54.049018,-0.042708,2,100.5,2455117.51717,-27.236233,-27.236369,0,-9999999,1.20375,-0.132689,0.857239,0.674183,0.982297,0.66,900,4.327557,6.602439,2009-10-13T00:17:56.237,-9999999,G2,183.C-0972(A),Udry,-9999999,HARPS_ech_obs_all,HARPS_ech_obs_thosimult,STAR_WAVE_G6,8.98973209860737e-06,7.15734169531895e-07,1,0
238688,GJ695.1,266.989790400196,-34.0188746943878,2455121.5112664,0.76623,0.999613,2524.872341,1.006103,-0.229722,0.557264,2528.032263,0.464662,-0.219083,0.559197,12.692121,5.513693,-9.980719,1.89001,0.441994,0.000599,0.293303,0.00076,0.380467,0.000983,0,6.837426,54.051307,-0.0513,2,127.8,2455121.51126,-26.417859,-26.418038,0,-9999999,1.206198,-0.281703,0.829869,1.953724,0.892375,0.49,450,12.705481,5.517373,2009-10-17T00:16:10.100,-9999999,G2,183.C-0972(A),Udry,-9999999,HARPS_ech_obs_all,HARPS_ech_obs_thosimult,STAR_WAVE_G6,5.51987967653186e-06,6.51614417184918e-07,1,0
238689,GJ695.1,266.989790400196,-34.0188746943878,2455121.5168436,0.425846,1.010071,2525.662801,1.012552,-0.571835,0.575817,2528.812288,0.47847,-0.498763,0.577697,7.428516,5.105511,-9.342819,1.953493,0.442503,0.000614,0.288751,0.000774,0.380479,0.00101,0,6.838072,54.039271,-0.046648,2,124.5,2455121.51684,-26.423609,-26.423799,0,-9999999,1.206202,-0.283432,0.829866,1.943285,0.892372,0.49,450,7.427457,5.108713,2009-10-17T00:24:12.016,-9999999,G2,183.C-0972(A),Udry,-9999999,HARPS_ech_obs_all,HARPS_ech_obs_thosimult,STAR_WAVE_G6,5.45007286753137e-06,7.28485894097059e-07,1,0
238690,GJ695.1,266.989790400196,-34.0188746943878,2455295.8062542,0.231536,0.782697,2526.80968,0.514848,-2.007516,0.282346,2526.965673,0.231052,-1.689739,0.284411,5.131385,3.940887,-7.285391,1.2553,0.447635,0.000311,0.28839,0.000376,0.388401,0.000486,0,6.830314,54.05511,-0.048822,2,252.5,2455295.80625,27.522279,27.522408,0,-9999999,1.31304,-1.524803,0.729997,-1.157047,0.46009,0.49,900,5.15312,3.94017,2010-04-09T07:10:38.541,-9999999,G2,183.C-0972(A),Udry,-9999999,HARPS_ech_obs_all,HARPS_ech_obs_thosimult,STAR_WAVE_G6,6.56722407269194e-06,3.39217369554111e-07,1,0
238691,GJ695.1,266.989790400196,-34.0188746943878,2455307.8524219,-0.666926,0.726172,2526.003244,0.675336,-0.129658,0.254898,2528.657759,0.207761,0.11226,0.25646,1.052418,3.734066,-5.140138,1.273703,0.44419,0.00028,0.281871,0.000342,0.390105,0.000444,0,6.832988,54.030198,-0.049164,2,277.8,2455307.85242,24.559609,24.559797,0,-9999999,1.320424,1.251517,0.679965,1.334091,0.642584,0.52,900,1.063479,3.749352,2010-04-21T08:15:10.028,-9999999,G2,183.C-0972(A),Udry,-9999999,HARPS_ech_obs_all,HARPS_ech_obs_thosimult,STAR_WAVE_G6,6.69866181625207e-06,3.38800212203095e-07,1,0
238692,GJ695.1,266.989790400196,-34.0188746943878,2457150.8574148,-1.362755,0.602863,2526.467504,0.570712,-1.590709,0.442504,2528.562225,0.370414,-1.192599,0.442997,2.000503,3.997142,10.608398,2.3669,0.447369,0.000419,0.283154,0.000521,0.390165,0.000675,0,6.84593,53.931589,-0.048011,2,182.8,2457150.85741,18.944769,18.944942,0,-9999999,2.450177,0.486295,0.409431,-0.355456,0.434173,0.48,600,2.032897,4.006521,2015-05-08T08:23:34.716,-9999999,G2,60.A-9036(A),Udry,-9999999,HARPS_ech_obs_all,HARPS_ech_obs_thosimult,STAR_WAVE_G6,6.77364859595726e-06,5.84287074440834e-07,1,0
238693,GJ695.1,266.989790400196,-34.0188746943878,2457150.9289918,-0.785682,0.547059,2526.939134,0.531238,-1.035826,0.362739,2528.899928,0.305995,-0.725685,0.363272,8.894895,4.042055,10.947048,2.276582,0.447635,0.000388,0.283775,0.000463,0.380975,0.000599,0,6.848639,53.915379,-0.048104,2,206.7,2457150.92899,18.784876,18.78504,0,-9999999,2.450221,0.464105,0.409505,-0.489427,0.434259,0.51,600,8.927456,4.052233,2015-05-08T10:06:20.579,-9999999,G2,60.A-9036(A),Udry,-9999999,HARPS_ech_obs_all,HARPS_ech_obs_thosimult,STAR_WAVE_G6,8.0541512675044e-06,5.16626800419391e-07,1,0
238694,GJ695.1,266.989790400196,-34.0188746943878,2457157.7555277,-1.617351,0.817331,2525.106346,0.922228,-2.706508,0.637916,2527.271779,0.534184,-2.472559,0.638732,-4.733467,5.937722,9.067963,2.521809,0.446771,0.000675,0.282917,0.000823,0.381497,0.001067,0,6.851,53.939637,-0.050396,2,117.2,2457157.75552,16.406696,16.406878,0,-9999999,2.454405,-0.374908,0.510973,-0.288972,0.751766,0.35,600,-4.729738,5.939069,2015-05-15T05:57:34.493,-9999999,G2,60.A-9036(A),Udry,-9999999,HARPS_ech_obs_all,HARPS_ech_obs_thosimult,STAR_WAVE_G6,5.68637629504859e-06,7.3585723035528e-07,1,0
238695,GJ695.1,266.989790400196,-34.0188746943878,2457157.8445411,-1.691681,0.606563,2525.445757,0.800651,-2.808433,0.326781,2527.444639,0.275394,-2.478403,0.327474,6.578142,5.068364,8.642201,1.935936,0.447476,0.000345,0.287818,0.000409,0.381749,0.000534,0,6.849315,53.929861,-0.048496,2,232.1,2457157.84453,16.183717,16.183907,0,-9999999,2.45446,-0.402503,0.511012,-0.455578,0.751798,0.5,600,6.592159,5.068963,2015-05-15T08:04:14.834,-9999999,G2,60.A-9036(A),Udry,-9999999,HARPS_ech_obs_all,HARPS_ech_obs_thosimult,STAR_WAVE_G6,5.93180699236875e-06,4.38378230235339e-07,1,0
238696,GJ695.1,266.989790400196,-34.0188746943878,2457158.6848742,0.168089,0.521974,2527.118829,0.579185,-0.305013,0.35834,2529.98513,0.299327,-0.087986,0.358349,-10.415868,4.767176,12.70607,1.939553,0.446046,0.000368,0.287203,0.000446,0.381456,0.000581,0,6.85219,53.892384,-0.049731,2,212.6,2457158.68487,16.149084,16.149271,0,-9999999,2.454975,0.241147,0.379538,0.411326,0.495841,0.5,600,-10.398457,4.782177,2015-05-16T04:14:15.711,-9999999,G2,60.A-9036(A),Udry,-9999999,HARPS_ech_obs_all,HARPS_ech_obs_thosimult,STAR_WAVE_G6,6.73847185555472e-06,4.5549285515891e-07,1,0
238697,GJ695.1,266.989790400196,-34.0188746943878,2457158.7956926,-1.153647,0.531188,2525.888219,0.587338,-1.661104,0.371607,2528.547169,0.314776,-1.418239,0.371948,0.98994,4.35459,9.20326,1.972318,0.446125,0.0004,0.283274,0.000478,0.389575,0.00062,0,6.848884,53.927356,-0.047464,2,199.6,2457158.79568,15.885934,15.886129,0,-9999999,2.455043,0.206793,0.379564,0.203907,0.495865,0.52,600,1.002407,4.362504,2015-05-16T06:53:37.912,-9999999,G2,60.A-9036(A),Udry,-9999999,HARPS_ech_obs_all,HARPS_ech_obs_thosimult,STAR_WAVE_G6,6.49095042977938e-06,5.1615486599951e-07,1,0
238698,GJ695.1,266.989790400196,-34.0188746943878,2457163.6768939,-140.001527,1.123382,2537.449264,1.347291,-15.363738,0.459617,2529.467639,0.384698,0.234865,0.455934,-6.296154,4.509334,10.856294,2.513752,0.442785,0.000479,0.281084,0.000585,0.382704,0.000764,0,6.851056,53.934476,-0.048953,2,162.6,2457163.67688,14.006127,14.006309,0,-9999999,2.458035,-8.944928,1.025056,-10.43966,1.291201,0.53,600,-6.281427,4.526535,2015-05-21T04:02:06.815,-9999999,G2,60.A-9036(A),Udry,-9999999,HARPS_ech_obs_all,HARPS_ech_obs_wavesimult,STAR_WAVE_G6,-9999999.0,-9999999.0,-9999999,-9999999
238699,GJ695.1,266.989790400196,-34.0188746943878,2457163.8517565,-143.462714,1.09906,2534.922087,1.333501,-18.503765,0.396236,2526.945756,0.332816,-2.546105,0.392718,0.419927,4.295606,8.608162,2.252661,0.447273,0.000422,0.280387,0.000505,0.389162,0.000657,0,6.851266,53.942609,-0.051881,2,188.7,2457163.85175,13.579126,13.579295,0,-9999999,2.458142,-8.623769,1.025148,-10.434473,1.291301,0.49,600,0.432933,4.294987,2015-05-21T08:14:18.247,-9999999,G2,60.A-9036(A),Udry,-9999999,HARPS_ech_obs_all,HARPS_ech_obs_wavesimult,STAR_WAVE_G6,-9999999.0,-9999999.0,-9999999,-9999999
238700,GJ695.1,266.989790400196,-34.0188746943878,2457172.717224,2045.357975,1.285456,4720.084433,1.382626,2175.404827,0.362151,4719.61548,0.316475,2191.208472,0.382341,-219.772974,12.933634,16.036171,2.931392,0.447379,0.00045,0.2799,0.000506,0.379086,0.000655,0,6.853383,53.925351,-0.035627,2,185.8,2457172.71722,9.810179,9.810384,0,-9999999,2.463577,-3.535865,1.233387,-2.93253,1.345919,0.5,600,-219.896884,40.438794,2015-05-30T04:59:58.638,-9999999,G2,60.A-9036(A),Udry,-9999999,HARPS_ech_obs_all,HARPS_ech_obs_thosimult,STAR_WAVE_G6,-9999999.0,-9999999.0,-9999999,-9999999
238701,GJ695.1,266.989790400196,-34.0188746943878,2457172.8274405,2039.650932,1.284107,4718.252953,1.381739,2169.900212,0.357144,4717.787337,0.312285,2185.919489,0.378029,-206.804768,13.589255,16.486066,2.770085,0.447453,0.000399,0.285237,0.000459,0.386426,0.000593,0,6.856144,53.915939,-0.034373,2,203.7,2457172.82744,9.531237,9.531422,0,-9999999,2.463644,-3.333438,1.233442,-2.92926,1.345987,0.47,600,-205.336738,39.427387,2015-05-30T07:38:59.039,-9999999,G2,60.A-9036(A),Udry,-9999999,HARPS_ech_obs_all,HARPS_ech_obs_thosimult,STAR_WAVE_G6,-9999999.0,-9999999.0,-9999999,-9999999
238702,GJ695.1,266.989790400196,-34.0188746943878,2457173.6461661,-142.093321,1.142987,2529.633062,1.393533,-18.298772,0.406887,2529.703135,0.361117,-2.948391,0.422055,10.202416,5.39706,20.971926,3.008222,0.447637,0.0005,0.285184,0.000568,0.388022,0.000736,0,6.850644,53.896223,-0.039208,2,165.2,2457173.64616,9.509015,9.509217,0,-9999999,2.464146,-9.788169,1.068112,-2.394073,1.34593,0.51,600,10.251788,5.392552,2015-05-31T03:17:30.690,-9999999,G2,60.A-9036(A),Udry,-9999999,HARPS_ech_obs_all,HARPS_ech_obs_thosimult,STAR_WAVE_G6,-9999999.0,-9999999.0,-9999999,-9999999
238703,GJ695.1,266.989790400196,-34.0188746943878,2457173.837731,-143.879694,1.122425,2527.98196,1.381246,-19.73331,0.344732,2528.057832,0.310044,-4.277164,0.362861,8.198078,5.628551,20.737461,3.216231,0.443908,0.000423,0.278837,0.000476,0.377998,0.000616,0,6.853224,53.88038,-0.038859,2,197.0,2457173.83773,9.039193,9.039387,0,-9999999,2.464263,-9.436333,1.068175,-2.388391,1.345999,0.51,600,8.237366,5.617344,2015-05-31T07:53:21.387,-9999999,G2,60.A-9036(A),Udry,-9999999,HARPS_ech_obs_all,HARPS_ech_obs_thosimult,STAR_WAVE_G6,-9999999.0,-9999999.0,-9999999,-9999999
238704,GJ695.1,266.989790400196,-34.0188746943878,2457173.9065287,-143.623336,1.120646,2528.264661,1.379876,-19.350595,0.338598,2528.342617,0.303434,-4.087557,0.357577,10.242627,5.150982,19.003213,3.311072,0.447315,0.000379,0.276402,0.000438,0.388007,0.00057,0,6.852941,53.88805,-0.036995,2,212.9,2457173.90652,8.900616,8.900796,0,-9999999,2.464306,-9.309977,1.068269,-2.38635,1.3461,0.5,600,10.298018,5.138788,2015-05-31T09:32:31.323,-9999999,G2,60.A-9036(A),Udry,-9999999,HARPS_ech_obs_all,HARPS_ech_obs_thosimult,STAR_WAVE_G6,-9999999.0,-9999999.0,-9999999,-9999999
238705,GJ695.1,266.989790400196,-34.0188746943878,2457174.8493399,-140.599968,1.292504,2538.898583,1.389836,-8.812496,0.386182,2539.230493,0.346256,6.385154,0.404085,10.616064,5.733819,24.779682,3.342538,0.44631,0.000451,0.27835,0.000514,0.385806,0.000664,0,6.858287,53.836248,-0.035937,2,182.2,2457174.84933,8.543378,8.543564,-2,-9999999,2.464884,-1.795246,1.233462,-2.132974,1.346013,0.57,600,10.660749,5.767993,2015-06-01T08:09:25.779,-9999999,G2,60.A-9036(A),Udry,-9999999,HARPS_ech_obs_all,HARPS_ech_obs_thosimult,STAR_WAVE_G6,7.39656331521484e-06,5.56687451118412e-07,1,0
238706,GJ695.1,266.989790400196,-34.0188746943878,2457174.8757353,-140.838624,1.27129,2538.909815,1.374239,-9.002674,0.307694,2539.242524,0.276915,6.230444,0.328659,7.281286,5.061671,22.82987,3.335568,0.446908,0.000345,0.279167,0.0004,0.385115,0.000515,0,6.857741,53.847047,-0.035338,2,233.8,2457174.87573,8.488282,8.488461,-2,-9999999,2.4649,-1.746767,1.233492,-2.132191,1.34605,0.49,600,7.307386,5.100247,2015-06-01T08:48:14.278,-9999999,G2,60.A-9036(A),Udry,-9999999,HARPS_ech_obs_all,HARPS_ech_obs_thosimult,STAR_WAVE_G6,6.47906161658395e-06,4.00605155508813e-07,1,0
238707,GJ695.1,266.989790400196,-34.0188746943878,2457175.6902236,-139.141924,1.091412,2541.508403,1.183729,-7.363163,0.316338,2541.502653,0.284498,8.091679,0.337327,7.511867,6.714471,26.478458,3.20061,0.447428,0.000402,0.276844,0.000451,0.379976,0.000586,0,6.860427,53.835106,-0.035981,2,207.7,2457175.69022,8.467076,8.467266,1,-9999999,2.465399,-1.803957,1.044562,-2.471149,1.149032,0.49,600,7.514263,6.761729,2015-06-02T04:21:04.062,-9999999,G2,60.A-9036(A),Udry,-9999999,HARPS_ech_obs_all,HARPS_ech_obs_thosimult,STAR_WAVE_G6,7.02458891297393e-06,4.48036213434361e-07,1,0
238708,GJ695.1,266.989790400196,-34.0188746943878,2457175.781681,-140.476934,1.088482,2540.219863,1.182175,-8.530199,0.305987,2540.216882,0.277824,6.663464,0.327289,8.939092,5.988932,25.520844,3.315549,0.447631,0.000374,0.274542,0.00042,0.380378,0.000549,0,6.857558,53.841962,-0.036274,2,221.7,2457175.78167,8.233619,8.233817,1,-9999999,2.465455,-1.635983,1.044589,-2.468436,1.149065,0.51,600,8.943463,6.045366,2015-06-02T06:32:33.757,-9999999,G2,60.A-9036(A),Udry,-9999999,HARPS_ech_obs_all,HARPS_ech_obs_thosimult,STAR_WAVE_G6,6.0864132798122e-06,3.70382181511399e-07,1,0
238709,GJ695.1,266.989790400196,-34.0188746943878,2457176.6329908,-139.620914,0.876907,2541.172254,1.07731,-7.460363,0.288708,2541.312345,0.259008,7.603749,0.312274,5.883404,6.286966,27.009676,3.378057,0.44457,0.000357,0.271937,0.0004,0.38916,0.000526,0,6.861416,53.821189,-0.036657,2,232.0,2457176.63298,8.124215,8.124427,1,-9999999,2.465977,-1.422166,0.828018,-2.325886,1.045712,0.51,600,5.89462,6.345335,2015-06-03T02:58:24.942,-9999999,G2,60.A-9036(A),Udry,-9999999,HARPS_ech_obs_all,HARPS_ech_obs_thosimult,STAR_WAVE_G6,6.77980463784316e-06,4.58515528377914e-07,1,0
238710,GJ695.1,266.989790400196,-34.0188746943878,2457176.7260849,-137.925671,0.916192,2543.489244,1.102735,-5.59414,0.392207,2543.632153,0.350078,9.826281,0.410943,10.420548,7.256592,30.860337,3.182508,0.448035,0.000502,0.279441,0.000555,0.38803,0.000728,0,6.861283,53.802251,-0.034763,2,167.8,2457176.72608,7.902753,7.902917,1,-9999999,2.466034,-1.251186,0.827999,-2.323125,1.045691,0.43,600,10.461416,7.311529,2015-06-03T05:13:16.057,-9999999,G2,60.A-9036(A),Udry,-9999999,HARPS_ech_obs_all,HARPS_ech_obs_thosimult,STAR_WAVE_G6,5.59801563149891e-06,5.62082707063082e-07,1,0
238711,GJ695.1,266.989790400196,-34.0188746943878,2457218.6689051,-139.83769,0.956039,2540.958411,0.970267,-5.491641,0.432786,2544.090459,0.383239,10.28189,0.44987,6.194362,9.223788,25.669831,3.38632,0.446525,0.000498,0.288114,0.000587,0.385342,0.000758,0,6.863025,53.817272,-0.036779,2,161.4,2457218.6689,-12.200196,-12.199991,0,-9999999,2.491745,0.763331,0.852471,0.640303,0.891373,0.51,900,6.199892,9.264895,2015-07-15T03:48:01.677,-9999999,G2,192.C-0852(A),Udry,-9999999,HARPS_ech_obs_all,HARPS_ech_obs_wavesimult,STAR_WAVE_G6,5.19586534265794e-06,6.37780830212555e-07,1,0
238712,GJ695.1,266.989790400196,-34.0188746943878,2457219.6784813,-139.944191,1.232009,2541.028876,1.388667,-5.870756,0.38037,2543.536966,0.341901,9.892679,0.398687,2.243531,8.612139,27.320072,3.206347,0.44692,0.000477,0.280274,0.000544,0.374561,0.000701,0,6.864711,53.817507,-0.033762,2,174.3,2457219.67847,-12.673193,-12.672997,0,-9999999,2.492364,0.490717,1.171821,0.015726,1.34592,0.45,900,2.250367,8.658769,2015-07-16T04:02:46.653,-9999999,G2,192.C-0852(A),Udry,-9999999,HARPS_ech_obs_all,HARPS_ech_obs_wavesimult,STAR_WAVE_G6,7.34272700038134e-06,5.53115233359447e-07,1,0
238713,GJ695.1,266.989790400196,-34.0188746943878,2457220.6667851,-138.847685,0.598521,2541.509206,0.532794,-4.749606,0.27757,2544.288028,0.252238,10.770686,0.301791,5.886415,11.235913,25.537917,3.179791,0.445746,0.000344,0.287923,0.000395,0.384384,0.00051,0,6.862205,53.822481,-0.036735,2,239.2,2457220.66678,-13.089687,-13.089495,0,-9999999,2.492969,0.515361,0.530266,0.285853,0.469304,0.5,900,5.927124,11.272572,2015-07-17T03:45:14.740,-9999999,G2,192.C-0852(A),Udry,-9999999,HARPS_ech_obs_all,HARPS_ech_obs_wavesimult,STAR_WAVE_G6,6.20408545703641e-06,4.62485117869148e-07,1,0
238714,GJ695.1,266.989790400196,-34.0188746943878,2457221.6705962,-136.930454,0.964793,2543.654515,0.757266,-2.627334,0.217632,2546.867692,0.200822,12.549445,0.247598,10.788759,7.645296,24.307639,3.18108,0.446063,0.000259,0.28102,0.000299,0.382599,0.000385,0,6.865069,53.806945,-0.036304,2,315.4,2457221.67059,-13.540599,-13.540396,0,-9999999,2.493585,0.720402,0.939927,0.719592,0.730153,0.53,900,10.843136,7.727287,2015-07-18T03:50:20.842,-9999999,G2,192.C-0852(A),Udry,-9999999,HARPS_ech_obs_all,HARPS_ech_obs_wavesimult,STAR_WAVE_G6,6.90183834496814e-06,4.21341486008259e-07,1,0
238715,GJ695.1,266.989790400196,-34.0188746943878,2457222.6438014,-138.07461,0.606579,2543.020837,0.584383,-4.649382,0.329929,2544.960617,0.297448,11.110267,0.350902,-3.654079,7.69667,26.953686,3.349421,0.446617,0.000408,0.286639,0.000467,0.383101,0.000602,0,6.864138,53.812689,-0.034143,2,202.5,2457222.64379,-13.911134,-13.910959,0,-9999999,2.494181,-0.157489,0.509004,-0.554401,0.503019,0.5,900,-3.652715,7.753676,2015-07-19T03:12:16.604,-9999999,G2,192.C-0852(A),Udry,-9999999,HARPS_ech_obs_all,HARPS_ech_obs_wavesimult,STAR_WAVE_G6,6.02023685445389e-06,5.22383913764587e-07,1,0
