,target,ra,dec,BJD,RV_mlc_nzp,e_RV_mlc_nzp,RV_drs_nzp,e_RV_drs_nzp,RV_mlc,e_RV_mlc,RV_drs,e_RV_drs,RV_mlc_j,e_RV_mlc_j,CRX,e_CRX,dLW,e_dLW,Halpha,e_Halpha,NaD1,e_NaD1,NaD2,e_NaD2,f_RV,FWHM_DRS,CONTRAST_DRS,BIS,RVGUESS,SNR_DRS,BJD_DRS,BERV,BERV_DRS,DRIFT,e_DRIFT,SA,NZP_mlc,dNZP_mlc,NZP_drs,dNZP_drs,TMMEAN,EXPTIME,MLCRX,E_MLCRX,TIMEID,DRIFT_LAMP,MASK,PROGID,PROGPI,AIRMASS,OBHAB,THAR_FP,DPR_TYPE,RHKp,dRHKp,vsinflag,metflag
161960,GJ797,310.186068,19.93391,2456045.9217703,4.607225,2.344427,-35322.191203,1.966402,4.406573,2.182766,-35320.850689,1.705076,-3.837191,2.208065,44.194013,20.685048,-22.940019,6.4486,0.414565,0.001605,0.368011,0.002293,0.49598,0.002897,0,7.087774,42.597785,-0.019357,-36,49.2,2456045.92177,23.29362,23.293577,0,-9999999,0.0,1.730744,0.855495,1.340514,0.979516,0.46,250,44.211355,20.681006,2012-04-28T10:06:42.178,-9999999,G2,188.C-0265(C),UNKNOWN,-9999999,HARPS_ech_obs_all,HARPS_ech_obs_wavesimult,STAR_WAVE_G2V,2.033393231125e-05,1.12003134479148e-06,0,0
161961,GJ797,310.186068,19.93391,2456045.92527,5.331327,1.713328,-35319.089973,1.470708,5.129553,1.484458,-35317.756063,1.097054,-3.274737,1.503167,14.038068,14.135949,-21.802479,4.303958,0.413829,0.001111,0.364523,0.001584,0.489932,0.002,0,7.080708,42.625686,-0.021979,-36,69.5,2456045.92526,23.285631,23.285592,0,-9999999,1e-06,1.729622,0.855497,1.333909,0.979518,0.54,250,14.072201,14.131645,2012-04-28T10:11:24.534,-9999999,G2,188.C-0265(C),UNKNOWN,-9999999,HARPS_ech_obs_all,HARPS_ech_obs_wavesimult,STAR_WAVE_G2V,8.31504526291308e-06,1.32036691091717e-06,0,0
161962,GJ797,310.186068,19.93391,2456045.9284185,7.864078,1.355502,-35317.273852,1.26192,7.661295,1.051431,-35315.945883,0.795603,-0.764918,1.066616,-4.036477,10.350185,-13.503345,3.584667,0.413437,0.000793,0.363959,0.001129,0.491739,0.001432,0,7.07183,42.576836,-0.01614,-36,96.0,2456045.92841,23.278413,23.278368,0,-9999999,1e-06,1.728613,0.855499,1.327968,0.97952,0.5,250,-3.995903,10.349225,2012-04-28T10:16:06.539,-9999999,G2,188.C-0265(C),UNKNOWN,-9999999,HARPS_ech_obs_all,HARPS_ech_obs_wavesimult,STAR_WAVE_G2V,8.54934190622841e-06,1.13497126377401e-06,0,0
161963,GJ797,310.186068,19.93391,2456069.9078361,3.362801,0.964509,-35321.292287,1.043341,1.072823,0.445442,-35322.010197,0.359341,-7.732093,0.457842,-3.412063,6.788111,-15.535045,2.341212,0.415195,0.000336,0.360849,0.000472,0.482669,0.000605,0,7.066575,42.582842,-0.021285,-37,225.7,2456069.90784,23.059077,23.059074,0,-9999999,0.003527,-0.358581,0.855488,-0.721437,0.979507,0.48,450,-3.397123,6.771502,2012-05-22T09:42:15.010,-9999999,G2,183.D-0729(B),Bazot,-9999999,HARPS_ech_obs_all,HARPS_ech_obs_objA,STAR_DARK_G2,8.62663946769177e-06,3.69698375898396e-07,0,0
161964,GJ797,310.186068,19.93391,2456069.9136768,3.743215,0.966046,-35320.533451,1.043449,1.451365,0.448754,-35321.262383,0.359644,-7.126478,0.461052,-0.850522,6.527863,-17.133553,2.311195,0.415449,0.000336,0.361092,0.000471,0.482063,0.000603,0,7.065161,42.590156,-0.020477,-37,226.3,2456069.91367,23.044626,23.04465,0,-9999999,0.003527,-0.360454,0.855491,-0.732459,0.979511,0.53,450,-0.827355,6.513433,2012-05-22T09:50:17.106,-9999999,G2,183.D-0729(B),Bazot,-9999999,HARPS_ech_obs_all,HARPS_ech_obs_objA,STAR_DARK_G2,8.89456491952247e-06,4.58446796121289e-07,0,0
161965,GJ797,310.186068,19.93391,2456070.9081569,0.485374,0.753087,-35323.639973,0.716003,-0.326569,0.421109,-35322.523948,0.338581,-8.819256,0.435151,-12.59887,6.309465,-18.487511,2.323649,0.415812,0.000317,0.36122,0.000446,0.482564,0.000571,0,7.06695,42.602026,-0.021914,-37,239.1,2456070.90816,22.962076,22.962095,0,-9999999,0.003674,1.119453,0.624345,1.112351,0.630891,0.49,450,-12.586448,6.284673,2012-05-23T09:42:31.582,-9999999,G2,183.D-0729(B),Bazot,-9999999,HARPS_ech_obs_all,HARPS_ech_obs_thosimult,STAR_WAVE_G2,1.01624487563474e-05,3.97336402266474e-07,0,0
161966,GJ797,310.186068,19.93391,2456070.913841,0.756907,0.762055,-35324.160298,0.722118,-0.056858,0.436939,-35323.054999,0.351319,-8.605,0.45086,-3.348146,5.459262,-15.918559,2.58472,0.416507,0.000328,0.361037,0.000462,0.483723,0.000592,0,7.06813,42.579584,-0.022162,-37,230.7,2456070.91384,22.948005,22.948008,0,-9999999,0.003674,1.117631,0.624349,1.101625,0.630896,0.51,450,-3.319909,5.434999,2012-05-23T09:50:33.658,-9999999,G2,183.D-0729(B),Bazot,-9999999,HARPS_ech_obs_all,HARPS_ech_obs_thosimult,STAR_WAVE_G2,8.92542464852018e-06,4.52828211693664e-07,0,0
161967,GJ797,310.186068,19.93391,2456071.9087216,2.904483,1.017826,-35321.576896,0.91677,1.440026,0.643396,-35321.383384,0.513155,-7.215484,0.656038,2.920325,5.869324,-12.489525,2.659738,0.416968,0.000491,0.362176,0.000695,0.481153,0.000887,0,7.068304,42.567931,-0.020816,-37,153.8,2456071.90872,22.857595,22.857613,0,-9999999,0.003821,0.466939,0.788677,0.189691,0.759697,0.48,450,2.967387,5.851091,2012-05-24T09:43:18.255,-9999999,G2,183.D-0729(B),Bazot,-9999999,HARPS_ech_obs_all,HARPS_ech_obs_thosimult,STAR_WAVE_G2,9.80741010780743e-06,5.88040951931427e-07,0,0
161968,GJ797,310.186068,19.93391,2456071.9143025,2.769201,0.989889,-35321.882347,0.898568,1.302955,0.598217,-35321.699366,0.479874,-7.151384,0.611187,-7.437464,5.937592,-14.009627,2.565837,0.416333,0.000457,0.362785,0.000648,0.482141,0.000827,0,7.07155,42.583682,-0.021781,-37,165.2,2456071.9143,22.843781,22.843812,0,-9999999,0.003822,0.46515,0.788681,0.179159,0.759701,0.48,450,-7.392297,5.921841,2012-05-24T09:51:20.412,-9999999,G2,183.D-0729(B),Bazot,-9999999,HARPS_ech_obs_all,HARPS_ech_obs_thosimult,STAR_WAVE_G2,8.24173049777105e-06,5.70250000505521e-07,0,0
161969,GJ797,310.186068,19.93391,2456075.9075898,8.045354,1.004204,-35316.921267,1.061351,6.061352,0.525897,-35317.181624,0.408694,-2.308483,0.540144,-7.280778,6.78774,-12.889603,2.385106,0.415766,0.000397,0.362455,0.000555,0.494682,0.000711,0,7.070826,42.51982,-0.021652,-37,194.1,2456075.90759,22.381373,22.381398,0,-9999999,0.004409,-0.052606,0.855487,-0.264766,0.979507,0.51,450,-7.266034,6.784013,2012-05-28T09:41:00.821,-9999999,G2,183.D-0729(B),Bazot,-9999999,HARPS_ech_obs_all,HARPS_ech_obs_thosimult,STAR_WAVE_G2,8.99514871018959e-06,4.43344047475895e-07,0,0
161970,GJ797,310.186068,19.93391,2456075.9137583,5.340198,0.993338,-35319.367877,1.054031,3.354219,0.504833,-35319.639873,0.389282,-4.856705,0.518715,-16.816858,6.472688,-12.25882,2.490341,0.415297,0.000376,0.36216,0.000526,0.49376,0.000673,0,7.074352,42.519343,-0.022981,-37,204.7,2456075.91376,22.366114,22.366149,0,-9999999,0.00441,-0.054583,0.855491,-0.276406,0.979511,0.48,450,-16.814529,6.463364,2012-05-28T09:50:07.241,-9999999,G2,183.D-0729(B),Bazot,-9999999,HARPS_ech_obs_all,HARPS_ech_obs_thosimult,STAR_WAVE_G2,9.97117518585438e-06,4.32744321402344e-07,0,0
161971,GJ797,310.186068,19.93391,2456076.8854739,6.297309,1.184819,-35317.374945,1.172141,4.347245,0.81973,-35317.60533,0.643819,-3.823649,0.833697,-11.66682,9.139955,-6.350137,3.051204,0.412601,0.000636,0.365237,0.000897,0.482915,0.00114,0,7.078583,42.523624,-0.017627,-37,120.2,2456076.88547,22.301109,22.301139,0,-9999999,0.004552,-0.018668,0.855476,-0.234937,0.979495,0.57,450,-11.63753,9.136157,2012-05-29T09:08:36.685,-9999999,G2,183.D-0729(B),Bazot,-9999999,HARPS_ech_obs_all,HARPS_ech_obs_thosimult,STAR_WAVE_G2,1.27059854228741e-05,6.35580469539198e-07,0,0
161972,GJ797,310.186068,19.93391,2456076.8905741,6.778134,1.111146,-35317.583346,1.131553,4.826435,0.709085,-35317.823355,0.566566,-3.493609,0.721253,-10.923599,8.379221,-6.476485,2.694278,0.413551,0.000553,0.361387,0.000773,0.484132,0.00099,0,7.07532,42.514972,-0.023493,-37,138.4,2456076.89056,22.288221,22.288274,0,-9999999,0.004553,-0.020303,0.855479,-0.244562,0.979498,0.48,450,-10.902213,8.374313,2012-05-29T09:16:37.822,-9999999,G2,183.D-0729(B),Bazot,-9999999,HARPS_ech_obs_all,HARPS_ech_obs_thosimult,STAR_WAVE_G2,9.48019608414213e-06,7.00961409018685e-07,0,0
161973,GJ797,310.186068,19.93391,2456077.8959382,5.172863,1.199428,-35318.472597,1.18036,3.219445,0.840702,-35318.722581,0.658657,-4.875975,0.853884,-7.416859,9.020098,-4.343632,2.990411,0.418498,0.000661,0.36249,0.000923,0.48425,0.001179,0,7.078113,42.503138,-0.017224,-37,117.3,2456077.89593,22.13286,22.132907,0,-9999999,0.004701,-0.022022,0.855481,-0.254685,0.979501,0.58,450,-7.381793,9.013038,2012-05-30T09:23:29.825,-9999999,G2,183.D-0729(B),Bazot,-9999999,HARPS_ech_obs_all,HARPS_ech_obs_thosimult,STAR_WAVE_G2,9.05774301277102e-06,7.14386618962649e-07,0,0
161974,GJ797,310.186068,19.93391,2456077.9012029,4.065164,1.004072,-35319.767974,1.066256,2.110058,0.52565,-35320.027892,0.421278,-6.364114,0.537365,-15.833789,6.459,-4.925665,2.399289,0.419087,0.000404,0.362267,0.000569,0.485043,0.000729,0,7.076886,42.499614,-0.014915,-37,189.0,2456077.9012,22.119666,22.119688,0,-9999999,0.004702,-0.02371,0.855484,-0.26462,0.979504,0.52,450,-15.81031,6.447011,2012-05-30T09:31:31.662,-9999999,G2,183.D-0729(B),Bazot,-9999999,HARPS_ech_obs_all,HARPS_ech_obs_thosimult,STAR_WAVE_G2,1.08794137853968e-05,4.93720510068966e-07,0,0
161975,GJ797,310.186068,19.93391,2456162.686203,6.483003,1.735546,-35316.060685,1.491415,4.563916,1.510085,-35315.618832,1.124722,-4.318521,1.518791,-6.196244,15.406158,-10.199349,4.396557,0.415189,0.001131,0.356075,0.001611,0.49446,0.00208,0,7.076286,42.544643,-0.026249,-36,67.8,2456162.6862,-4.920705,-4.920526,0,-9999999,0.017167,0.012309,0.855432,0.424686,0.979448,0.49,250,-6.17292,15.400747,2012-08-23T04:19:28.761,-9999999,G2,188.C-0265(D),UNKNOWN,-9999999,HARPS_ech_obs_all,HARPS_ech_obs_wavesimult,STAR_WAVE_G2V,9.27098056568112e-06,1.31495742405026e-06,0,0
161976,GJ797,310.186068,19.93391,2456162.6895516,6.897983,1.750636,-35316.348666,1.500563,4.977823,1.527404,-35315.913131,1.136825,-3.447814,1.533921,-2.272709,16.299614,-6.95114,4.240232,0.417624,0.001142,0.35487,0.00162,0.49659,0.002097,0,7.091821,42.484158,-0.019849,-36,67.3,2456162.68954,-4.929738,-4.929554,0,-9999999,0.017168,0.011236,0.855432,0.418367,0.979448,0.52,250,-2.241672,16.295545,2012-08-23T04:24:10.587,-9999999,G2,188.C-0265(D),UNKNOWN,-9999999,HARPS_ech_obs_all,HARPS_ech_obs_wavesimult,STAR_WAVE_G2V,4.56103419679507e-06,1.49177477220855e-06,0,0
161977,GJ797,310.186068,19.93391,2456162.6926999,6.793023,1.738919,-35317.592479,1.491067,4.871854,1.51396,-35317.162886,1.124261,-4.326303,1.521146,3.427981,13.39593,-10.033679,3.71088,0.417703,0.001132,0.355061,0.001607,0.491238,0.002068,0,7.083805,42.515495,-0.02189,-36,67.9,2456162.69269,-4.938183,-4.938005,0,-9999999,0.017168,0.010227,0.855432,0.412425,0.979448,0.48,250,3.442879,13.390373,2012-08-23T04:28:52.604,-9999999,G2,188.C-0265(D),UNKNOWN,-9999999,HARPS_ech_obs_all,HARPS_ech_obs_wavesimult,STAR_WAVE_G2V,1.85134991449943e-05,8.18182984597134e-07,0,0
161978,GJ797,310.186068,19.93391,2456164.6748125,12.390403,1.372787,-35314.989608,1.266961,10.667262,1.073675,-35312.065332,0.813507,2.281009,1.080318,-12.048052,11.865513,-11.557706,3.19097,0.416165,0.000809,0.35894,0.001145,0.492026,0.001472,0,7.073388,42.561218,-0.020855,-36,94.0,2456164.67481,-5.687616,-5.687457,0,-9999999,0.01746,0.208255,0.855433,2.906816,0.971286,0.5,250,-12.039112,11.867855,2012-08-25T04:03:05.108,-9999999,G2,188.C-0265(D),UNKNOWN,-9999999,HARPS_ech_obs_all,HARPS_ech_obs_wavesimult,STAR_WAVE_G2V,1.51700106560986e-05,5.45973015087687e-07,0,0
161979,GJ797,310.186068,19.93391,2456164.6781044,10.858828,1.291219,-35315.647781,1.223576,9.134632,0.967203,-35312.729717,0.744139,0.427973,0.973899,-1.033099,9.206902,-13.850865,3.338338,0.416526,0.000731,0.359379,0.001033,0.495628,0.001334,0,7.076185,42.555755,-0.019346,-36,103.8,2456164.6781,-5.696563,-5.69637,0,-9999999,0.01746,0.2072,0.855433,2.900604,0.971285,0.51,250,-1.036438,9.206712,2012-08-25T04:07:47.035,-9999999,G2,188.C-0265(D),UNKNOWN,-9999999,HARPS_ech_obs_all,HARPS_ech_obs_wavesimult,STAR_WAVE_G2V,1.02115226724954e-05,7.73552762737665e-07,0,0
161980,GJ797,310.186068,19.93391,2456164.6812694,10.131092,1.329953,-35314.714176,1.243351,8.405881,1.018337,-35311.802084,0.776226,-0.215531,1.025203,4.831615,12.413099,-12.379367,3.511493,0.416334,0.000766,0.35861,0.001084,0.494794,0.001398,0,7.079523,42.553316,-0.022467,-36,99.0,2456164.68126,-5.705125,-5.704924,0,-9999999,0.017461,0.206185,0.855433,2.894631,0.971285,0.47,250,4.83111,12.411418,2012-08-25T04:12:30.492,-9999999,G2,188.C-0265(D),UNKNOWN,-9999999,HARPS_ech_obs_all,HARPS_ech_obs_wavesimult,STAR_WAVE_G2V,8.19113107785072e-06,1.10160435207245e-06,0,0
161981,GJ797,310.186068,19.93391,2456165.6548154,6.712667,1.074087,-35317.004258,1.051502,7.630561,0.689319,-35314.066343,0.548174,-0.961079,0.696268,6.053477,8.845085,-12.69116,2.531583,0.412514,0.000526,0.359451,0.000738,0.482449,0.00095,0,7.074176,42.547963,-0.019928,-36,144.8,2456165.6548,-6.02879,-6.028585,0,-9999999,0.017604,2.84929,0.823713,2.920311,0.897308,0.52,250,6.046274,8.842794,2012-08-26T03:34:13.993,-9999999,G2,188.C-0265(D),UNKNOWN,-9999999,HARPS_ech_obs_all,HARPS_ech_obs_wavesimult,STAR_WAVE_G2V,1.05718140737017e-05,5.82785192121107e-07,0,0
161982,GJ797,310.186068,19.93391,2456165.6580522,7.773592,1.066096,-35316.269365,1.046393,8.690448,0.6768,-35313.337558,0.538309,-0.094936,0.684141,-7.295853,7.309107,-13.465507,2.714373,0.413248,0.000517,0.357131,0.000722,0.483905,0.000935,0,7.07077,42.570197,-0.01941,-36,147.4,2456165.65804,-6.03775,-6.037562,0,-9999999,0.017604,2.848252,0.823712,2.914203,0.897308,0.51,250,-7.306544,7.308064,2012-08-26T03:38:56.160,-9999999,G2,188.C-0265(D),UNKNOWN,-9999999,HARPS_ech_obs_all,HARPS_ech_obs_wavesimult,STAR_WAVE_G2V,1.15397609381563e-05,6.61327124049422e-07,0,0
161983,GJ797,310.186068,19.93391,2456165.6612968,7.789398,1.047945,-35316.262077,1.034503,8.705214,0.647833,-35313.336392,0.514817,-0.054687,0.654668,-0.974166,8.135649,-10.679348,2.694063,0.411913,0.000493,0.357368,0.000688,0.482551,0.00089,0,7.073312,42.545057,-0.018707,-36,154.5,2456165.66129,-6.046707,-6.046515,0,-9999999,0.017605,2.847213,0.823712,2.90808,0.897307,0.5,250,-0.963391,8.134918,2012-08-26T03:43:38.997,-9999999,G2,188.C-0265(D),UNKNOWN,-9999999,HARPS_ech_obs_all,HARPS_ech_obs_wavesimult,STAR_WAVE_G2V,1.03136148821982e-05,5.7646532551618e-07,0,0
161984,GJ797,310.186068,19.93391,2456484.7652807,-1.678084,2.603999,-35324.898246,2.106431,-9.102455,2.489148,-35330.794654,1.939488,-17.649651,2.50501,14.903024,25.709,-12.595567,7.049226,0.405893,0.001775,0.362818,0.002527,0.487112,0.003231,0,7.075966,42.472827,-0.008998,-36,44.8,2456484.76527,11.789967,11.790084,0,-9999999,0.064521,-5.492974,0.764821,-5.960929,0.821851,0.5,250,14.931384,25.701791,2013-07-11T06:14:03.700,-9999999,G2,188.C-0265(G),UNKNOWN,-9999999,HARPS_ech_obs_all,HARPS_ech_obs_wavesimult,STAR_WAVE_G2V,1.13240660422428e-05,2.60274128843968e-06,0,0
161985,GJ797,310.186068,19.93391,2456484.7683948,1.089489,2.394163,-35324.681062,1.915848,-6.33588,2.268714,-35330.583347,1.730617,-14.518407,2.283341,46.806263,18.816629,0.09132,6.93409,0.405473,0.001633,0.364981,0.002328,0.492316,0.002986,0,7.082006,42.399013,-0.026745,-36,48.4,2456484.76839,11.781411,11.781522,0,-9999999,0.064521,-5.493973,0.764822,-5.966806,0.821852,0.45,250,46.810712,18.814156,2013-07-11T06:18:45.247,-9999999,G2,188.C-0265(G),UNKNOWN,-9999999,HARPS_ech_obs_all,HARPS_ech_obs_wavesimult,STAR_WAVE_G2V,-9999999.0,-9999999.0,-9999999,-9999999
161986,GJ797,310.186068,19.93391,2456484.7717136,1.690425,2.994896,-35324.892858,2.403274,-5.736008,2.895591,-35330.801405,2.258381,-14.348191,2.912708,44.125038,28.906973,-1.958458,7.48425,0.408531,0.002061,0.362532,0.002927,0.487735,0.003735,0,7.08801,42.410694,-0.018213,-36,39.4,2456484.77171,11.772303,11.772427,0,-9999999,0.064522,-5.495036,0.764822,-5.973069,0.821852,0.47,250,44.092334,28.903109,2013-07-11T06:23:26.973,-9999999,G2,188.C-0265(G),UNKNOWN,-9999999,HARPS_ech_obs_all,HARPS_ech_obs_wavesimult,STAR_WAVE_G2V,2.20112932276614e-05,1.25250015927478e-06,0,0
161987,GJ797,310.186068,19.93391,2456485.7581003,-6.424184,1.028682,-35330.446039,0.960952,-13.971224,0.760702,-35336.568592,0.598661,-22.664686,0.771209,31.302095,10.192696,-2.295858,3.033229,0.414917,0.000581,0.360169,0.000814,0.493849,0.001046,0,7.083042,42.500553,-0.015675,-36,131.4,2456485.75809,11.456415,11.456537,0,-9999999,0.064667,-5.615643,0.692473,-6.18722,0.751687,0.54,250,31.307821,10.152907,2013-07-12T06:03:29.979,-9999999,G2,188.C-0265(G),UNKNOWN,-9999999,HARPS_ech_obs_all,HARPS_ech_obs_wavesimult,STAR_WAVE_G2V,-9999999.0,-9999999.0,-9999999,-9999999
161988,GJ797,310.186068,19.93391,2456485.761041,-4.363666,1.145444,-35330.051405,1.030582,-11.911648,0.912427,-35336.179508,0.705028,-20.159281,0.923275,23.922705,10.654995,-4.412647,3.01943,0.41466,0.000705,0.36108,0.000987,0.492069,0.001262,0,7.079442,42.526643,-0.019306,-36,109.1,2456485.76104,11.448319,11.448431,0,-9999999,0.064667,-5.616586,0.692474,-6.19277,0.751688,0.43,250,23.932149,10.628781,2013-07-12T06:08:11.546,-9999999,G2,188.C-0265(G),UNKNOWN,-9999999,HARPS_ech_obs_all,HARPS_ech_obs_wavesimult,STAR_WAVE_G2V,8.0211514508634e-06,7.65847825202308e-07,0,0
161989,GJ797,310.186068,19.93391,2456485.7645977,-3.349672,1.169357,-35328.07295,1.043024,-10.898794,0.942271,-35334.207764,0.723093,-19.475976,0.953599,19.856302,12.001466,-3.536031,3.835766,0.41457,0.000718,0.360759,0.001008,0.49464,0.001293,0,7.082248,42.508855,-0.022286,-36,106.8,2456485.76459,11.438532,11.438649,0,-9999999,0.064668,-5.617726,0.692474,-6.199482,0.751689,0.53,250,19.868767,11.976333,2013-07-12T06:12:53.833,-9999999,G2,188.C-0265(G),UNKNOWN,-9999999,HARPS_ech_obs_all,HARPS_ech_obs_wavesimult,STAR_WAVE_G2V,8.67764579134085e-06,8.56515239273883e-07,0,0
161990,GJ797,310.186068,19.93391,2456486.737391,-4.793431,0.902953,-35328.566807,0.808284,-12.279383,0.679798,-35334.673167,0.538643,-20.89408,0.691538,25.958445,9.605097,-7.254382,2.830817,0.414632,0.000512,0.36155,0.000722,0.483183,0.000925,0,7.076681,42.525707,-0.017368,-36,148.2,2456486.73739,11.156959,11.157086,0,-9999999,0.064811,-5.554556,0.594305,-6.171171,0.602649,0.55,250,25.984161,9.575374,2013-07-13T05:33:35.014,-9999999,G2,188.C-0265(G),UNKNOWN,-9999999,HARPS_ech_obs_all,HARPS_ech_obs_wavesimult,STAR_WAVE_G2V,9.87667632298467e-06,5.64879200383353e-07,0,0
161991,GJ797,310.186068,19.93391,2456486.740509,-5.257389,0.872146,-35328.680234,0.788524,-12.744341,0.63831,-35334.792478,0.508511,-21.564643,0.65017,18.563158,8.846389,-8.343639,3.135427,0.414275,0.000481,0.361067,0.000678,0.48183,0.000868,0,7.075834,42.526227,-0.019372,-36,157.3,2456486.7405,11.148395,11.148527,0,-9999999,0.064811,-5.555556,0.594306,-6.177055,0.60265,0.5,250,18.585876,8.809548,2013-07-13T05:38:16.901,-9999999,G2,188.C-0265(G),UNKNOWN,-9999999,HARPS_ech_obs_all,HARPS_ech_obs_wavesimult,STAR_WAVE_G2V,8.88430683175695e-06,6.5612764378393e-07,0,0
161992,GJ797,310.186068,19.93391,2456486.7437406,-4.534694,0.885757,-35328.571047,0.798611,-12.022681,0.656784,-35334.689389,0.524015,-20.771424,0.667565,23.2416,9.273226,-6.503663,2.770182,0.41354,0.000505,0.362057,0.000709,0.482516,0.000907,0,7.07378,42.532455,-0.017501,-36,151.0,2456486.74374,11.139507,11.139607,0,-9999999,0.064812,-5.556591,0.594306,-6.183154,0.602651,0.49,250,23.249779,9.240671,2013-07-13T05:42:58.598,-9999999,G2,188.C-0265(G),UNKNOWN,-9999999,HARPS_ech_obs_all,HARPS_ech_obs_wavesimult,STAR_WAVE_G2V,1.23458769007344e-05,5.46081639755356e-07,0,0
161993,GJ797,310.186068,19.93391,2456487.7270289,-5.251801,0.802157,-35329.25896,0.734414,-11.950353,0.592642,-35334.309743,0.471921,-20.731664,0.603805,31.743969,9.203865,-9.376576,2.545527,0.411335,0.00045,0.364751,0.000636,0.497258,0.000815,0,7.077458,42.537923,-0.019546,-36,169.7,2456487.72703,10.826,10.826118,0,-9999999,0.064956,-4.767156,0.540584,-5.115739,0.56272,0.53,250,31.732364,9.159548,2013-07-14T05:18:41.608,-9999999,G2,188.C-0265(G),UNKNOWN,-9999999,HARPS_ech_obs_all,HARPS_ech_obs_wavesimult,STAR_WAVE_G2V,1.29668346111099e-05,5.18345906829872e-07,0,0
161994,GJ797,310.186068,19.93391,2456487.7302337,-3.532831,0.784658,-35327.647138,0.724085,-10.23241,0.568732,-35332.703968,0.455681,-19.007285,0.580447,27.274233,8.661613,-9.36356,3.076804,0.41094,0.000436,0.36335,0.000613,0.495748,0.000785,0,7.077335,42.541234,-0.01993,-36,175.8,2456487.73022,10.817232,10.817371,0,-9999999,0.064957,-4.768183,0.540585,-5.121787,0.56272,0.51,250,27.276081,8.617065,2013-07-14T05:23:23.486,-9999999,G2,188.C-0265(G),UNKNOWN,-9999999,HARPS_ech_obs_all,HARPS_ech_obs_wavesimult,STAR_WAVE_G2V,9.06435121261517e-06,5.77248412776715e-07,0,0
161995,GJ797,310.186068,19.93391,2456487.7334101,-5.130955,0.777476,-35328.838802,0.719184,-11.831553,0.558782,-35333.901627,0.447852,-20.577795,0.570477,19.087264,9.412563,-10.096514,2.865032,0.410761,0.000427,0.3645,0.000602,0.49661,0.000771,0,7.079516,42.534506,-0.019506,-36,179.1,2456487.73341,10.808521,10.808635,0,-9999999,0.064957,-4.769201,0.540585,-5.127782,0.562721,0.48,250,19.077483,9.373192,2013-07-14T05:28:05.423,-9999999,G2,188.C-0265(G),UNKNOWN,-9999999,HARPS_ech_obs_all,HARPS_ech_obs_wavesimult,STAR_WAVE_G2V,1.06963087475714e-05,5.06505268301945e-07,0,0
161996,GJ797,310.186068,19.93391,2456488.7493364,-0.891738,1.018551,-35324.479067,0.903875,-7.863959,0.87459,-35329.725627,0.674548,-16.51082,0.885631,26.461098,11.561654,-11.150625,3.449189,0.413877,0.000658,0.364639,0.000937,0.486912,0.001201,0,7.073111,42.566802,-0.017358,-36,115.5,2456488.74933,10.402425,10.402545,0,-9999999,0.065106,-5.040825,0.522053,-5.311666,0.601643,0.49,250,26.479186,11.541857,2013-07-15T05:50:55.854,-9999999,G2,188.C-0265(G),UNKNOWN,-9999999,HARPS_ech_obs_all,HARPS_ech_obs_wavesimult,STAR_WAVE_G2V,6.86294399792116e-06,8.99012522671477e-07,0,0
161997,GJ797,310.186068,19.93391,2456488.7526931,-2.600239,1.040949,-35325.391773,0.918069,-9.573536,0.900575,-35330.644667,0.693452,-17.791913,0.91146,17.880093,11.391844,-12.012445,3.218841,0.41414,0.000681,0.364769,0.000968,0.485787,0.001238,0,7.074036,42.553659,-0.019248,-36,112.0,2456488.75269,10.393154,10.393269,0,-9999999,0.065107,-5.0419,0.522053,-5.318001,0.601644,0.52,250,17.901318,11.37012,2013-07-15T05:55:38.361,-9999999,G2,188.C-0265(G),UNKNOWN,-9999999,HARPS_ech_obs_all,HARPS_ech_obs_wavesimult,STAR_WAVE_G2V,-9999999.0,-9999999.0,-9999999,-9999999
161998,GJ797,310.186068,19.93391,2456488.7559275,-2.066833,0.98576,-35325.797979,0.886648,-9.041166,0.836171,-35331.056977,0.651282,-17.468275,0.847369,19.496984,9.465257,-11.668992,3.370393,0.41523,0.000637,0.365182,0.000904,0.484171,0.001153,0,7.073291,42.557904,-0.01608,-36,119.8,2456488.75592,10.384225,10.384347,0,-9999999,0.065107,-5.042937,0.522054,-5.324105,0.601645,0.51,250,19.506079,9.434011,2013-07-15T06:00:20.308,-9999999,G2,188.C-0265(G),UNKNOWN,-9999999,HARPS_ech_obs_all,HARPS_ech_obs_wavesimult,STAR_WAVE_G2V,1.09083136694213e-05,6.71880683642717e-07,0,0
161999,GJ797,310.186068,19.93391,2456489.7400237,-0.769198,0.825855,-35325.35942,0.787882,0.232013,0.643692,-35322.611783,0.512154,-8.633705,0.654251,-10.242773,7.782605,-8.294982,2.70578,0.410903,0.00049,0.362697,0.00069,0.493284,0.000881,0,7.073783,42.521731,-0.021472,-36,155.4,2456489.74001,10.063353,10.063471,0,-9999999,0.065252,2.932607,0.517394,2.682385,0.598713,0.53,250,-10.237472,7.766745,2013-07-16T05:37:18.318,-9999999,G2,188.C-0265(G),UNKNOWN,-9999999,HARPS_ech_obs_all,HARPS_ech_obs_thosimult,STAR_WAVE_G2V,1.02234639156556e-05,5.6772814585951e-07,0,0
162000,GJ797,310.186068,19.93391,2456489.7432016,-1.523494,0.813353,-35324.47748,0.779473,-0.523302,0.627571,-35321.735839,0.499119,-9.084163,0.638417,-15.218733,7.476918,-9.62016,2.774348,0.40996,0.000469,0.362961,0.000665,0.491518,0.000848,0,7.071906,42.530127,-0.01729,-36,161.1,2456489.7432,10.054569,10.054694,0,-9999999,0.065253,2.931589,0.517395,2.676388,0.598713,0.5,250,-15.240963,7.454784,2013-07-16T05:42:00.375,-9999999,G2,188.C-0265(G),UNKNOWN,-9999999,HARPS_ech_obs_all,HARPS_ech_obs_thosimult,STAR_WAVE_G2V,9.78780588097525e-06,5.75022443389599e-07,0,0
162001,GJ797,310.186068,19.93391,2456489.746436,-2.123835,0.816864,-35325.595108,0.783335,-1.124679,0.632115,-35322.859571,0.505129,-9.880432,0.643518,-15.243696,7.384227,-7.902306,2.779414,0.410474,0.000485,0.362496,0.000682,0.4944,0.000873,0,7.077823,42.515781,-0.019121,-36,157.2,2456489.74643,10.045626,10.045759,0,-9999999,0.065253,2.930552,0.517395,2.670284,0.598714,0.49,250,-15.254197,7.362427,2013-07-16T05:46:42.322,-9999999,G2,188.C-0265(G),UNKNOWN,-9999999,HARPS_ech_obs_all,HARPS_ech_obs_thosimult,STAR_WAVE_G2V,1.04666757432112e-05,6.48776715294635e-07,0,0
162002,GJ797,310.186068,19.93391,2456490.7472485,-0.525843,0.879472,-35323.506993,0.788898,-1.714207,0.732403,-35322.629236,0.577936,-10.205967,0.742827,-17.564329,8.162667,-5.966583,3.106132,0.413979,0.000556,0.371244,0.000784,0.483236,0.001004,0,7.079461,42.514027,-0.017556,-36,136.9,2456490.74725,9.67618,9.676288,0,-9999999,0.0654,0.743032,0.486885,0.812357,0.536983,0.48,250,-17.543992,8.144517,2013-07-17T05:47:52.175,-9999999,G2,188.C-0265(G),UNKNOWN,-9999999,HARPS_ech_obs_all,HARPS_ech_obs_thosimult,STAR_WAVE_G2V,8.24909211165728e-06,7.0868315782678e-07,0,0
162003,GJ797,310.186068,19.93391,2456490.7505722,0.539244,0.83461,-35323.836007,0.760355,-0.650185,0.677876,-35322.964521,0.53832,-9.205012,0.689038,-29.874992,7.642849,-8.696395,2.894815,0.415084,0.000518,0.371561,0.000729,0.484282,0.000935,0,7.077296,42.523959,-0.018443,-36,147.2,2456490.75057,9.666989,9.667096,0,-9999999,0.065401,0.741967,0.486885,0.806085,0.536984,0.5,250,-29.832822,7.631063,2013-07-17T05:52:34.332,-9999999,G2,188.C-0265(G),UNKNOWN,-9999999,HARPS_ech_obs_all,HARPS_ech_obs_thosimult,STAR_WAVE_G2V,1.10657043304844e-05,6.20591486367905e-07,0,0
162004,GJ797,310.186068,19.93391,2456490.7538932,0.822601,0.806793,-35323.116408,0.742595,-0.367892,0.643317,-35322.251189,0.512928,-8.873122,0.654037,-11.787707,8.071432,-8.830359,2.806828,0.415427,0.000496,0.370621,0.000693,0.483218,0.000889,0,7.079398,42.520813,-0.018155,-36,154.6,2456490.75389,9.657813,9.65794,1,-9999999,0.065401,0.740903,0.486886,0.799818,0.536985,0.52,250,-11.782914,8.057079,2013-07-17T05:57:16.259,-9999999,G2,188.C-0265(G),UNKNOWN,-9999999,HARPS_ech_obs_all,HARPS_ech_obs_thosimult,STAR_WAVE_G2V,8.17840706617411e-06,7.21817763083183e-07,0,0
162005,GJ797,310.186068,19.93391,2456557.6137503,-0.782241,1.53133,-35325.044039,1.24315,-1.556558,1.302149,-35324.337815,0.954034,-9.78929,1.30662,-12.567785,14.684825,-2.446894,3.884921,0.414285,0.000968,0.359448,0.001379,0.494812,0.001776,0,7.088019,42.458731,-0.015567,-36,78.7,2456557.61375,-15.642652,-15.642556,1,-9999999,0.075231,1.157079,0.805841,0.630993,0.79702,0.51,250,-12.546245,14.679029,2013-09-22T02:36:31.766,-9999999,G2,188.C-0265(H),UNKNOWN,-9999999,HARPS_ech_obs_all,HARPS_ech_obs_thosimult,STAR_WAVE_G2V,6.59224756528128e-06,1.41912306729128e-06,0,0
162006,GJ797,310.186068,19.93391,2456557.6169227,1.691167,1.706605,-35322.378395,1.360571,0.915833,1.504368,-35321.678156,1.102685,-7.84555,1.508127,4.097614,14.527042,-2.643686,4.554924,0.410879,0.001109,0.358673,0.001584,0.496242,0.002046,0,7.083202,42.462386,-0.021539,-36,68.9,2456557.61692,-15.6508,-15.650682,0,-9999999,0.075232,1.156062,0.80584,0.625007,0.797019,0.48,250,4.13556,14.522457,2013-09-22T02:41:13.373,-9999999,G2,188.C-0265(H),UNKNOWN,-9999999,HARPS_ech_obs_all,HARPS_ech_obs_thosimult,STAR_WAVE_G2V,1.30280081376972e-05,1.18044195939712e-06,0,0
162007,GJ797,310.186068,19.93391,2456557.620244,-0.487724,1.746846,-35323.922503,1.383202,-1.264123,1.549869,-35323.228532,1.130491,-10.208911,1.552957,-13.63857,18.87135,-0.392691,4.599411,0.41571,0.001138,0.359641,0.00162,0.492407,0.002079,0,7.091529,42.466817,-0.025777,-36,67.4,2456557.62024,-15.659272,-15.65916,0,-9999999,0.075232,1.154998,0.80584,0.618739,0.797018,0.5,250,-13.639949,18.86402,2013-09-22T02:45:55.350,-9999999,G2,188.C-0265(H),UNKNOWN,-9999999,HARPS_ech_obs_all,HARPS_ech_obs_thosimult,STAR_WAVE_G2V,1.23722029219918e-05,8.86121996689601e-07,0,0
162008,GJ797,310.186068,19.93391,2456558.5953555,-0.891063,0.937813,-35324.603692,0.828389,-1.868671,0.663662,-35323.27995,0.52356,-10.711829,0.669172,-6.872728,7.992865,-9.700547,3.339681,0.409771,0.000496,0.359358,0.000701,0.492549,0.000903,0,7.08153,42.52053,-0.019621,-36,152.3,2456558.59535,-15.911294,-15.911191,1,-9999999,0.075375,0.953788,0.662605,1.248367,0.64196,0.5,250,-6.840302,7.973883,2013-09-23T02:10:09.385,-9999999,G2,188.C-0265(H),UNKNOWN,-9999999,HARPS_ech_obs_all,HARPS_ech_obs_thosimult,STAR_WAVE_G2V,1.07041891470335e-05,4.39104617739743e-07,0,0
162009,GJ797,310.186068,19.93391,2456558.5986515,-1.733042,0.978064,-35325.52188,0.85599,-2.711706,0.71942,-35324.204357,0.566223,-11.36082,0.724114,-7.927511,8.548222,-6.960577,2.994089,0.410232,0.000544,0.359189,0.000767,0.491839,0.000987,0,7.084493,42.51652,-0.01918,-36,139.3,2456558.59865,-15.91998,-15.919889,1,-9999999,0.075376,0.952732,0.662604,1.242147,0.641959,0.51,250,-7.894446,8.531132,2013-09-23T02:14:51.671,-9999999,G2,188.C-0265(H),UNKNOWN,-9999999,HARPS_ech_obs_all,HARPS_ech_obs_thosimult,STAR_WAVE_G2V,7.65738909745717e-06,6.50273989956697e-07,0,0
162010,GJ797,310.186068,19.93391,2456558.6018577,-1.642516,0.95479,-35324.581396,0.839731,-2.622208,0.687445,-35323.269923,0.54133,-11.381122,0.692352,-12.912847,7.659007,-12.488109,3.111977,0.408732,0.000519,0.359782,0.000732,0.481681,0.000944,0,7.077637,42.540873,-0.021331,-36,145.9,2456558.60186,-15.928389,-15.928276,0,-9999999,0.075376,0.951704,0.662603,1.236097,0.641957,0.49,250,-12.901115,7.639278,2013-09-23T02:19:33.708,-9999999,G2,188.C-0265(H),UNKNOWN,-9999999,HARPS_ech_obs_all,HARPS_ech_obs_thosimult,STAR_WAVE_G2V,1.01726437820948e-05,6.3910858149187e-07,0,0
162011,GJ797,310.186068,19.93391,2456559.6065606,1.206066,1.104072,-35323.371465,0.928712,0.669209,0.863475,-35321.489937,0.66992,-7.995319,0.868206,-7.947792,10.333059,-11.82633,3.301559,0.413369,0.000661,0.358735,0.000929,0.486677,0.001206,0,7.078001,42.549277,-0.024546,-36,115.2,2456559.60656,-16.253387,-16.253285,0,-9999999,0.075524,1.394539,0.68803,1.806004,0.643206,0.48,250,-7.936118,10.322262,2013-09-24T02:26:27.159,-9999999,G2,188.C-0265(H),UNKNOWN,-9999999,HARPS_ech_obs_all,HARPS_ech_obs_thosimult,STAR_WAVE_G2V,7.7160347585853e-06,8.07159373700812e-07,0,0
162012,GJ797,310.186068,19.93391,2456559.6098842,0.645841,1.066995,-35323.249419,0.907143,0.107919,0.815533,-35321.374162,0.639684,-8.724367,0.818663,-8.796545,8.691565,-8.022466,3.311646,0.413773,0.000624,0.358752,0.000878,0.483559,0.001135,0,7.082516,42.528827,-0.01832,-36,121.9,2456559.60988,-16.261924,-16.261823,0,-9999999,0.075525,1.393474,0.688029,1.799732,0.643205,0.5,250,-8.785327,8.677181,2013-09-24T02:31:09.336,-9999999,G2,188.C-0265(H),UNKNOWN,-9999999,HARPS_ech_obs_all,HARPS_ech_obs_thosimult,STAR_WAVE_G2V,8.91740232320013e-06,7.54012072082508e-07,0,0
162013,GJ797,310.186068,19.93391,2456559.6131191,-1.173714,1.071711,-35324.37548,0.910793,-1.712673,0.821695,-35322.506328,0.644851,-10.329228,0.825058,-6.943799,9.032821,-12.502739,3.363406,0.412027,0.000629,0.358246,0.000886,0.484409,0.001147,0,7.078644,42.541098,-0.016853,-36,120.8,2456559.61311,-16.270177,-16.270068,0,-9999999,0.075525,1.392437,0.688028,1.793627,0.643204,0.49,250,-6.941603,9.015834,2013-09-24T02:35:51.342,-9999999,G2,188.C-0265(H),UNKNOWN,-9999999,HARPS_ech_obs_all,HARPS_ech_obs_thosimult,STAR_WAVE_G2V,1.06927196384784e-05,7.11650285785157e-07,0,0
162014,GJ797,310.186068,19.93391,2456560.6012385,-2.618443,0.888126,-35326.923439,0.75981,-3.656413,0.627456,-35325.415818,0.496943,-12.390306,0.632385,-7.212183,7.844044,-9.272185,2.910079,0.412738,0.000476,0.358427,0.000667,0.493345,0.000862,0,7.075691,42.519467,-0.02087,-36,159.8,2456560.60123,-16.54841,-16.548274,0,-9999999,0.07567,0.893426,0.628543,1.431951,0.574768,0.49,250,-7.189578,7.820563,2013-09-25T02:18:49.497,-9999999,G2,188.C-0265(H),UNKNOWN,-9999999,HARPS_ech_obs_all,HARPS_ech_obs_thosimult,STAR_WAVE_G2V,9.57009416196962e-06,5.29797660017205e-07,0,0
162015,GJ797,310.186068,19.93391,2456560.6044761,-0.653128,0.913531,-35325.295893,0.778914,-1.692136,0.662928,-35323.794381,0.52569,-10.396701,0.667809,-4.072764,6.967748,-12.507263,3.204763,0.412392,0.000505,0.358248,0.000708,0.493712,0.000917,0,7.077942,42.537247,-0.023135,-36,150.4,2456560.60447,-16.556755,-16.556633,1,-9999999,0.075671,0.892388,0.628542,1.425841,0.574767,0.48,250,-4.058707,6.948691,2013-09-25T02:23:31.744,-9999999,G2,188.C-0265(H),UNKNOWN,-9999999,HARPS_ech_obs_all,HARPS_ech_obs_thosimult,STAR_WAVE_G2V,9.51422591831289e-06,5.84630917494332e-07,0,0
162016,GJ797,310.186068,19.93391,2456560.6078271,-2.191125,0.880312,-35326.293221,0.757782,-3.231207,0.616349,-35324.798033,0.49384,-12.047889,0.62094,-15.261101,7.332977,-11.130354,2.962703,0.412476,0.000474,0.358232,0.000664,0.493633,0.000859,0,7.077898,42.536471,-0.019476,-36,160.4,2456560.60782,-16.565336,-16.565234,1,-9999999,0.075671,0.891314,0.628541,1.419517,0.574765,0.51,250,-15.245494,7.307871,2013-09-25T02:28:13.780,-9999999,G2,188.C-0265(H),UNKNOWN,-9999999,HARPS_ech_obs_all,HARPS_ech_obs_thosimult,STAR_WAVE_G2V,1.13220568114175e-05,5.51389294082895e-07,0,0
162017,GJ797,310.186068,19.93391,2456851.7472209,-0.138114,1.145647,-35324.22951,0.975761,-0.250119,0.961738,-35322.637109,0.742404,-8.962839,0.971801,2.125049,9.915371,-15.959538,3.395716,0.413248,0.000735,0.365,0.001036,0.485205,0.001323,0,7.069153,42.585534,-0.020574,-36,104.6,2456851.74722,11.217553,11.217695,0,-9999999,0.118476,1.819391,0.622549,1.473925,0.633203,0.55,250,2.144496,9.905588,2014-07-13T05:47:44.714,-9999999,G2,188.C-0265(K),UNKNOWN,-9999999,HARPS_ech_obs_all,HARPS_ech_obs_thosimult,STAR_WAVE_G2V,7.87284066873815e-06,1.03183371368781e-06,0,0
162018,GJ797,310.186068,19.93391,2456851.7503719,-0.360088,0.922586,-35323.806799,0.833806,-0.473103,0.68088,-35322.220345,0.542481,-8.930165,0.690376,-1.020051,7.406612,-14.044013,2.925825,0.414668,0.000524,0.363708,0.000737,0.48443,0.000943,0,7.070662,42.582183,-0.017277,-36,146.0,2456851.75037,11.208889,11.209031,0,-9999999,0.118476,1.818381,0.62255,1.467978,0.633204,0.51,250,-0.999256,7.392648,2014-07-13T05:52:26.952,-9999999,G2,188.C-0265(K),UNKNOWN,-9999999,HARPS_ech_obs_all,HARPS_ech_obs_thosimult,STAR_WAVE_G2V,8.61588244488744e-06,6.62074903927292e-07,0,0
162019,GJ797,310.186068,19.93391,2456851.7536012,1.848677,0.930495,-35321.687377,0.839724,1.734627,0.691558,-35320.107016,0.551533,-7.214225,0.700844,-2.421514,7.981633,-9.955996,3.326603,0.41405,0.000536,0.362087,0.000751,0.482475,0.000961,0,7.075236,42.555248,-0.022623,-36,142.9,2456851.7536,11.200005,11.200141,0,-9999999,0.118477,1.817346,0.62255,1.461884,0.633205,0.5,250,-2.383848,7.970137,2014-07-13T05:57:08.449,-9999999,G2,188.C-0265(K),UNKNOWN,-9999999,HARPS_ech_obs_all,HARPS_ech_obs_thosimult,STAR_WAVE_G2V,7.18691320662725e-06,7.18473563115889e-07,0,0
162020,GJ797,310.186068,19.93391,2456853.7492838,1.175334,1.488695,-35320.000709,1.254836,2.623947,1.2301,-35317.216311,0.917537,-6.064295,1.24075,2.963681,10.071071,-10.237124,4.220124,0.414497,0.000937,0.373946,0.00133,0.486241,0.0017,0,7.074016,42.545404,-0.014003,-36,82.3,2456853.74928,10.500832,10.50095,1,-9999999,0.11877,3.380009,0.838491,2.665628,0.856002,0.48,250,2.97712,10.063438,2014-07-15T05:50:54.187,-9999999,G2,188.C-0265(K),UNKNOWN,-9999999,HARPS_ech_obs_all,HARPS_ech_obs_thosimult,STAR_WAVE_G2V,1.16092771159115e-05,8.98568771074368e-07,0,0
162021,GJ797,310.186068,19.93391,2456853.7525977,1.606203,1.510727,-35321.990521,1.266212,3.053754,1.256674,-35319.212376,0.933034,-4.97169,1.268607,-7.990493,10.309406,-15.029109,3.669224,0.412625,0.000952,0.370647,0.001348,0.4844,0.001729,0,7.072185,42.559459,-0.024413,-36,80.8,2456853.75259,10.491696,10.491817,1,-9999999,0.118771,3.378947,0.838491,2.659374,0.856003,0.5,250,-7.97932,10.304734,2014-07-15T05:55:35.494,-9999999,G2,188.C-0265(K),UNKNOWN,-9999999,HARPS_ech_obs_all,HARPS_ech_obs_thosimult,STAR_WAVE_G2V,1.03025270955945e-05,1.00659394072959e-06,0,0
162022,GJ797,310.186068,19.93391,2456853.755916,-0.346738,1.492873,-35323.56204,1.257606,1.099749,1.235152,-35320.790157,0.921321,-6.932357,1.246691,-9.12454,11.481228,-14.299309,4.056013,0.414475,0.000939,0.371728,0.00133,0.484865,0.001702,0,7.073231,42.573136,-0.017613,-36,82.0,2456853.75591,10.48255,10.482656,1,-9999999,0.118771,3.377884,0.838492,2.653112,0.856003,0.52,250,-9.101544,11.474465,2014-07-15T06:00:17.192,-9999999,G2,188.C-0265(K),UNKNOWN,-9999999,HARPS_ech_obs_all,HARPS_ech_obs_thosimult,STAR_WAVE_G2V,1.29788166897984e-05,9.13511777302435e-07,0,0
162023,GJ797,310.186068,19.93391,2456855.7456443,-1.013421,1.044708,-35323.879391,0.954884,-0.698219,0.830836,-35321.687324,0.649046,-8.854946,0.842128,-11.054006,8.26178,-16.238496,3.097033,0.413677,0.000636,0.373184,0.000898,0.485784,0.00115,0,7.070456,42.576331,-0.02091,-36,120.4,2456855.74563,9.786996,9.787153,0,-9999999,0.119064,2.246598,0.633345,2.073003,0.700388,0.51,250,-11.04128,8.247265,2014-07-17T05:45:26.396,-9999999,G2,188.C-0265(K),UNKNOWN,-9999999,HARPS_ech_obs_all,HARPS_ech_obs_thosimult,STAR_WAVE_G2V,8.97052051128132e-06,7.65742899803811e-07,0,0
162024,GJ797,310.186068,19.93391,2456855.7488496,1.316334,1.216842,-35322.373448,1.053791,1.630508,1.039027,-35320.18743,0.787357,-6.519557,1.050196,3.295847,9.380475,-15.36067,3.346584,0.411339,0.000785,0.371254,0.001114,0.486115,0.00143,0,7.064076,42.584384,-0.019962,-36,97.3,2456855.74884,9.778139,9.778287,0,-9999999,0.119064,2.24557,0.633346,2.066954,0.700389,0.49,250,3.297967,9.370278,2014-07-17T05:50:08.324,-9999999,G2,188.C-0265(K),UNKNOWN,-9999999,HARPS_ech_obs_all,HARPS_ech_obs_thosimult,STAR_WAVE_G2V,8.0116858527973e-06,9.76483128410792e-07,0,0
162025,GJ797,310.186068,19.93391,2456855.7521388,1.002621,1.210068,-35322.888546,1.050562,1.315741,1.031085,-35320.708734,0.78303,-6.830701,1.040911,-11.385255,9.939246,-16.93593,3.375675,0.414047,0.000792,0.371071,0.001113,0.485699,0.001428,0,7.073148,42.565057,-0.01784,-36,97.3,2456855.75214,9.769055,9.769171,0,-9999999,0.119065,2.244516,0.633346,2.060747,0.700389,0.5,250,-11.362306,9.929482,2014-07-17T05:54:50.001,-9999999,G2,188.C-0265(K),UNKNOWN,-9999999,HARPS_ech_obs_all,HARPS_ech_obs_thosimult,STAR_WAVE_G2V,4.95442021786218e-06,1.09917397415313e-06,0,0
162026,GJ797,310.186068,19.93391,2456856.7355946,-2.652773,1.033173,-35328.067297,0.97049,-2.214285,0.711222,-35325.699795,0.560382,-10.850534,0.721986,-17.959853,7.265322,-13.153622,3.28009,0.413533,0.000524,0.361024,0.000741,0.483343,0.000952,0,7.070155,42.576284,-0.017552,-36,144.0,2456856.73558,9.447916,9.448084,0,-9999999,0.119209,2.369884,0.749406,2.248293,0.792353,0.49,250,-17.941296,7.24667,2014-07-18T05:31:00.362,-9999999,G2,188.C-0265(K),UNKNOWN,-9999999,HARPS_ech_obs_all,HARPS_ech_obs_thosimult,STAR_WAVE_G2V,1.06530549203782e-05,6.51129939422703e-07,0,0
162027,GJ797,310.186068,19.93391,2456856.7388877,-3.761176,1.022985,-35328.334965,0.964616,-3.323743,0.69634,-35325.973676,0.550146,-11.851247,0.707507,-10.061989,6.966191,-12.764577,3.189342,0.412547,0.000513,0.362932,0.00073,0.483186,0.000934,0,7.0755,42.548208,-0.022696,-36,146.8,2456856.73888,9.438805,9.438952,1,-9999999,0.11921,2.368829,0.749406,2.242079,0.792353,0.5,250,-10.046699,6.945189,2014-07-18T05:35:42.369,-9999999,G2,188.C-0265(K),UNKNOWN,-9999999,HARPS_ech_obs_all,HARPS_ech_obs_thosimult,STAR_WAVE_G2V,9.56929078442044e-06,5.68846867311604e-07,0,0
162028,GJ797,310.186068,19.93391,2456856.7421484,-3.998752,1.021512,-35327.559126,0.964625,-3.562365,0.694173,-35325.203991,0.550161,-11.705934,0.705053,-4.404585,7.90543,-11.098828,3.091847,0.41285,0.000517,0.362047,0.000732,0.484539,0.000939,0,7.068778,42.562267,-0.024965,-36,146.2,2456856.74215,9.429782,9.429913,1,-9999999,0.11921,2.367784,0.749406,2.235925,0.792354,0.5,250,-4.389544,7.886117,2014-07-18T05:40:24.087,-9999999,G2,188.C-0265(K),UNKNOWN,-9999999,HARPS_ech_obs_all,HARPS_ech_obs_thosimult,STAR_WAVE_G2V,6.54192205896146e-06,7.48341518183213e-07,0,0
162029,GJ797,310.186068,19.93391,2456962.498273,-5.207021,1.094395,-35328.662485,1.117852,-6.673717,0.68253,-35327.489671,0.53867,-15.483612,0.687916,-8.502217,7.889035,-17.094133,2.882615,0.41361,0.000522,0.353752,0.000722,0.484934,0.000944,0,7.071789,42.5717,-0.021049,-36,147.3,2456962.49827,-23.78405,-23.784026,0,-9999999,0.134759,0.4647,0.855484,1.038055,0.979504,0.52,250,-8.46292,7.860855,2014-10-31T23:54:04.432,-9999999,G2,188.C-0265(M),UNKNOWN,-9999999,HARPS_ech_obs_all,HARPS_ech_obs_thosimult,STAR_WAVE_G2V,9.10913287204814e-06,5.98619208361693e-07,0,0
162030,GJ797,310.186068,19.93391,2456962.5012686,-5.146319,1.117088,-35328.590024,1.130892,-6.613975,0.718356,-35327.422863,0.565237,-15.673496,0.722687,-12.034123,7.185985,-13.35753,3.247876,0.413467,0.000536,0.355299,0.000754,0.484584,0.000983,0,7.075985,42.558925,-0.021548,-36,141.5,2456962.50127,-23.791104,-23.791092,0,-9999999,0.134759,0.46374,0.855483,1.032402,0.979502,0.43,250,-12.001828,7.156477,2014-10-31T23:58:45.770,-9999999,G2,188.C-0265(M),UNKNOWN,-9999999,HARPS_ech_obs_all,HARPS_ech_obs_thosimult,STAR_WAVE_G2V,8.1436080555215e-06,6.79948500262641e-07,0,0
162031,GJ797,310.186068,19.93391,2456966.49696,-2.705305,0.947793,-35325.995182,0.82749,-4.160853,0.628656,-35324.906257,0.499409,-13.047603,0.634408,-11.243875,7.324277,-15.284739,3.015867,0.414557,0.000505,0.36268,0.000689,0.495568,0.000899,0,7.075826,42.550296,-0.018421,-36,154.8,2456966.49695,-24.056891,-24.056876,0,-9999999,0.135347,0.475848,0.709297,0.953578,0.659796,0.5,250,-11.202685,7.302071,2014-11-04T23:52:43.415,-9999999,G2,188.C-0265(M),UNKNOWN,-9999999,HARPS_ech_obs_all,HARPS_ech_obs_thosimult,STAR_WAVE_G2V,7.56462853416023e-06,4.83182933648238e-07,0,0
162032,GJ797,310.186068,19.93391,2456966.5001872,-2.464867,0.964108,-35326.576557,0.839253,-3.921449,0.652997,-35325.493722,0.51867,-12.787999,0.658594,-11.419324,7.493559,-14.623975,2.701155,0.41391,0.000522,0.36259,0.000715,0.495902,0.000934,0,7.077269,42.543653,-0.021902,-36,149.1,2456966.50018,-24.06423,-24.064225,0,-9999999,0.135347,0.474814,0.709295,0.947488,0.659793,0.49,250,-11.370767,7.476053,2014-11-04T23:57:24.773,-9999999,G2,188.C-0265(M),UNKNOWN,-9999999,HARPS_ech_obs_all,HARPS_ech_obs_thosimult,STAR_WAVE_G2V,9.56776675821636e-06,5.15136582126408e-07,0,0
162033,GJ797,310.186068,19.93391,2456966.5035085,-3.343739,0.964672,-35326.832842,0.840013,-4.801386,0.653831,-35325.756274,0.519903,-13.785297,0.660095,-3.676053,7.059729,-15.467114,3.164037,0.413916,0.000523,0.360582,0.000714,0.496537,0.000936,0,7.073775,42.567305,-0.021057,-36,148.8,2456966.50351,-24.071718,-24.071694,0,-9999999,0.135348,0.473749,0.709293,0.94122,0.65979,0.51,250,-3.639722,7.034482,2014-11-05T00:02:06.751,-9999999,G2,188.C-0265(M),UNKNOWN,-9999999,HARPS_ech_obs_all,HARPS_ech_obs_thosimult,STAR_WAVE_G2V,1.0025444544908e-05,5.22580944278713e-07,0,0
162034,GJ797,310.186068,19.93391,2457226.6993542,-1.840986,0.806726,-35311.9176,0.922177,2.081052,0.484746,-35310.275151,0.403481,1.534884,0.493138,16.351846,8.384027,4.952168,2.391157,0.411939,0.000382,0.365117,0.000526,0.481084,0.000667,0,7.090028,42.492145,-0.011976,-36,202.4,2457226.69935,7.742605,7.742759,0,-9999999,0.173603,1.317856,0.644848,1.468846,0.829225,0.5,250,16.363131,8.38566,2015-07-23T04:38:35.161,-9999999,G2,188.C-0265(O),UNKNOWN,-9999999,HARPS_ech_obs_all,HARPS_ech_obs_thosimult,STAR_WAVE_G2V,8.56204829959363e-06,4.47782223888097e-07,0,0
162035,GJ797,310.186068,19.93391,2457226.7026122,-1.380923,0.812756,-35311.807862,0.925098,2.547099,0.494716,-35310.165315,0.410112,2.042167,0.503136,13.548162,8.139815,4.817645,2.547624,0.411725,0.000389,0.365323,0.000535,0.48245,0.000679,0,7.088923,42.491895,-0.008135,-36,199.0,2457226.7026,7.733657,7.73382,0,-9999999,0.173604,1.32384,0.644848,1.468943,0.829225,0.5,250,13.599442,8.14075,2015-07-23T04:43:16.648,-9999999,G2,188.C-0265(O),UNKNOWN,-9999999,HARPS_ech_obs_all,HARPS_ech_obs_thosimult,STAR_WAVE_G2V,9.38247089312183e-06,4.40395830170494e-07,0,0
162036,GJ797,310.186068,19.93391,2457226.7058341,-1.063667,0.805984,-35310.912033,0.922086,2.870272,0.48351,-35309.269391,0.403272,2.34233,0.491934,14.591825,7.512781,4.910674,2.535021,0.412696,0.000382,0.364616,0.000524,0.481904,0.000666,0,7.088488,42.497681,-0.008491,-36,202.9,2457226.70583,7.724782,7.724918,0,-9999999,0.173604,1.329757,0.644848,1.469038,0.829225,0.49,250,14.629978,7.515287,2015-07-23T04:47:57.516,-9999999,G2,188.C-0265(O),UNKNOWN,-9999999,HARPS_ech_obs_all,HARPS_ech_obs_thosimult,STAR_WAVE_G2V,8.60352577582655e-06,4.98340395498467e-07,0,0
162037,GJ797,310.186068,19.93391,2457227.7248082,0.972576,0.782861,-35309.213539,0.821507,5.532194,0.638938,-35307.612372,0.525978,5.012005,0.645968,8.49486,10.880941,3.919623,2.654215,0.415435,0.000516,0.363012,0.000704,0.480447,0.000894,0,7.084841,42.503744,-0.011572,-36,150.4,2457227.72481,7.288578,7.288721,0,-9999999,0.173754,1.955436,0.452359,1.427413,0.631048,0.53,250,8.508215,10.885424,2015-07-24T05:15:04.674,-9999999,G2,188.C-0265(O),UNKNOWN,-9999999,HARPS_ech_obs_all,HARPS_ech_obs_thosimult,STAR_WAVE_G2V,9.04801076018698e-06,5.57683118489282e-07,0,0
162038,GJ797,310.186068,19.93391,2457227.7279459,0.175671,0.744283,-35308.998984,0.798642,4.741052,0.591039,-35307.397724,0.489495,4.13762,0.597799,2.283134,10.938399,4.299325,2.58668,0.415815,0.000472,0.361605,0.000645,0.480821,0.000822,0,7.08766,42.489921,-0.011055,-36,163.7,2457227.72794,7.279846,7.279984,0,-9999999,0.173754,1.961199,0.452361,1.427506,0.631049,0.49,250,2.305733,10.94275,2015-07-24T05:19:45.772,-9999999,G2,188.C-0265(O),UNKNOWN,-9999999,HARPS_ech_obs_all,HARPS_ech_obs_thosimult,STAR_WAVE_G2V,8.42426735107865e-06,6.26915541396977e-07,0,0
162039,GJ797,310.186068,19.93391,2457227.7312303,0.458298,0.72915,-35308.637316,0.788496,5.029711,0.571863,-35307.035957,0.472758,4.510892,0.578834,-1.386778,10.196714,5.952254,2.551421,0.41566,0.000454,0.362354,0.000621,0.480304,0.00079,0,7.087736,42.484285,-0.011693,-36,170.1,2457227.73123,7.270708,7.27086,0,-9999999,0.173755,1.967231,0.452363,1.427604,0.631051,0.5,250,-1.371037,10.201874,2015-07-24T05:24:27.029,-9999999,G2,188.C-0265(O),UNKNOWN,-9999999,HARPS_ech_obs_all,HARPS_ech_obs_thosimult,STAR_WAVE_G2V,8.62209998494894e-06,5.39338349922056e-07,0,0
162040,GJ797,310.186068,19.93391,2457228.7198513,1.714663,0.919165,-35309.499178,1.096866,4.4033,0.679425,-35308.604951,0.556611,4.072238,0.685346,8.197319,7.807502,5.374804,2.629421,0.411588,0.000532,0.363181,0.00073,0.479623,0.000926,0,7.085631,42.49256,-0.009813,-36,145.2,2457228.71984,6.917053,6.917231,1,-9999999,0.1739,0.084455,0.619068,0.720327,0.945145,0.45,250,8.229735,7.811713,2015-07-25T05:08:14.364,-9999999,G2,188.C-0265(O),UNKNOWN,-9999999,HARPS_ech_obs_all,HARPS_ech_obs_thosimult,STAR_WAVE_G2V,1.01197578263526e-05,7.07615422848766e-07,0,0
162041,GJ797,310.186068,19.93391,2457228.7235409,0.647749,0.864149,-35309.553434,1.067726,3.343162,0.602916,-35308.659096,0.496727,2.953526,0.609575,7.1754,8.735511,7.176696,2.137068,0.411558,0.000473,0.362408,0.000647,0.479429,0.000822,0,7.088855,42.487742,-0.010514,-36,163.3,2457228.72353,6.906778,6.906946,1,-9999999,0.173901,0.091231,0.619069,0.720437,0.945146,0.6,250,7.221788,8.7383,2015-07-25T05:12:55.642,-9999999,G2,188.C-0265(O),UNKNOWN,-9999999,HARPS_ech_obs_all,HARPS_ech_obs_thosimult,STAR_WAVE_G2V,7.63070112347842e-06,6.97074752939662e-07,0,0
162042,GJ797,310.186068,19.93391,2457228.7265378,2.294174,0.79062,-35307.489774,1.029227,4.995091,0.491764,-35306.595347,0.407437,4.575691,0.499838,5.812539,7.64184,8.809054,2.430882,0.412107,0.000381,0.362645,0.000523,0.480639,0.000665,0,7.089593,42.468563,-0.011518,-36,201.9,2457228.72653,6.898433,6.89859,1,-9999999,0.173901,0.096735,0.61907,0.720526,0.945147,0.51,250,5.85877,7.647719,2015-07-25T05:17:37.069,-9999999,G2,188.C-0265(O),UNKNOWN,-9999999,HARPS_ech_obs_all,HARPS_ech_obs_thosimult,STAR_WAVE_G2V,7.81535723924185e-06,4.95691915596504e-07,0,0
162043,GJ797,310.186068,19.93391,2457229.7325789,0.921408,0.67636,-35309.432182,0.695036,4.315272,0.508729,-35308.54066,0.421272,3.761186,0.516651,11.471122,9.816392,9.164863,2.24122,0.415204,0.000398,0.362945,0.000546,0.481121,0.000695,0,7.091931,42.459341,-0.009537,-36,193.7,2457229.73257,6.494717,6.494874,1,-9999999,0.174049,0.789682,0.445711,0.717473,0.552815,0.51,250,11.49151,9.820997,2015-07-26T05:26:17.068,-9999999,G2,188.C-0265(O),UNKNOWN,-9999999,HARPS_ech_obs_all,HARPS_ech_obs_thosimult,STAR_WAVE_G2V,7.13498341098982e-06,4.86504423554395e-07,0,0
162044,GJ797,310.186068,19.93391,2457229.73578,0.445685,0.685019,-35309.651328,0.701411,3.845428,0.520184,-35308.759711,0.431706,3.361785,0.528107,4.14673,11.013195,9.961239,2.497603,0.414635,0.00041,0.363413,0.000563,0.481088,0.000715,0,7.088637,42.468398,-0.009503,-36,188.4,2457229.73578,6.485829,6.485994,1,-9999999,0.174049,0.795561,0.445713,0.717568,0.552817,0.49,250,4.192773,11.016362,2015-07-26T05:30:58.636,-9999999,G2,188.C-0265(O),UNKNOWN,-9999999,HARPS_ech_obs_all,HARPS_ech_obs_thosimult,STAR_WAVE_G2V,9.50236529518936e-06,5.47707911453847e-07,0,0
162045,GJ797,310.186068,19.93391,2457229.7390682,0.794437,0.747692,-35308.985639,0.742638,4.20022,0.600317,-35308.093924,0.495884,3.762056,0.607063,8.687041,10.450039,6.502619,2.254631,0.416097,0.000469,0.363628,0.000644,0.479462,0.000817,0,7.085466,42.483545,-0.011984,-36,164.6,2457229.73907,6.476715,6.476877,0,-9999999,0.17405,0.801601,0.445715,0.717665,0.55282,0.5,250,8.71734,10.453928,2015-07-26T05:35:40.234,-9999999,G2,188.C-0265(O),UNKNOWN,-9999999,HARPS_ech_obs_all,HARPS_ech_obs_thosimult,STAR_WAVE_G2V,1.12473673805567e-05,6.22091216368984e-07,0,0
162046,GJ797,310.186068,19.93391,2457230.7203993,0.63568,0.926667,-35309.785084,1.11168,3.703753,0.597612,-35308.307607,0.489977,3.325356,0.604953,14.287505,10.403035,7.947787,2.834997,0.415107,0.000451,0.363769,0.00062,0.48156,0.000788,0,7.088857,42.471221,-0.009422,-36,170.9,2457230.72039,6.14026,6.140434,1,-9999999,0.174194,0.463891,0.708218,1.303283,0.997875,0.47,250,14.32448,10.405759,2015-07-27T05:08:52.949,-9999999,G2,188.C-0265(O),UNKNOWN,-9999999,HARPS_ech_obs_all,HARPS_ech_obs_thosimult,STAR_WAVE_G2V,9.08450860197292e-06,6.53864057881036e-07,0,0
162047,GJ797,310.186068,19.93391,2457230.7237278,0.683183,0.955914,-35309.48087,1.128422,3.757369,0.642027,-35308.003293,0.526858,3.397576,0.648257,17.996464,10.544456,10.484513,2.612335,0.414857,0.000493,0.36295,0.000676,0.478664,0.000857,0,7.092278,42.460727,-0.009194,-36,156.9,2457230.72373,6.130985,6.131139,1,-9999999,0.174195,0.470005,0.708219,1.303382,0.997876,0.49,250,18.022378,10.547264,2015-07-27T05:13:35.527,-9999999,G2,188.C-0265(O),UNKNOWN,-9999999,HARPS_ech_obs_all,HARPS_ech_obs_thosimult,STAR_WAVE_G2V,1.0547950945316e-05,7.16892362252991e-07,0,0
162048,GJ797,310.186068,19.93391,2457230.7269828,0.046307,0.965869,-35310.361727,1.133525,3.126472,0.656755,-35308.884053,0.537698,2.645675,0.663136,16.172079,9.952146,7.714918,2.765576,0.411253,0.000506,0.364834,0.000693,0.479288,0.000877,0,7.089441,42.461276,-0.009939,-36,153.4,2457230.72698,6.121922,6.122076,0,-9999999,0.174195,0.475983,0.70822,1.303479,0.997877,0.49,250,16.205589,9.954115,2015-07-27T05:18:16.755,-9999999,G2,188.C-0265(O),UNKNOWN,-9999999,HARPS_ech_obs_all,HARPS_ech_obs_thosimult,STAR_WAVE_G2V,7.97884519995345e-06,7.85981586023016e-07,0,0
162049,GJ797,310.186068,19.93391,2457232.7094006,1.37873,1.437258,-35307.136681,1.544483,6.556932,0.957429,-35305.877554,0.757583,6.258354,0.961828,18.265097,9.815816,6.773444,2.655194,0.414626,0.00076,0.370451,0.001038,0.481033,0.00132,0,7.089631,42.477363,-0.012505,-36,102.6,2457232.70939,5.3903,5.39047,1,-9999999,0.174487,2.57402,1.071934,1.08464,1.345918,0.51,250,18.288606,9.820486,2015-07-29T04:52:49.355,-9999999,G2,188.C-0265(O),UNKNOWN,-9999999,HARPS_ech_obs_all,HARPS_ech_obs_thosimult,STAR_WAVE_G2V,7.46419791395249e-06,9.47760179765327e-07,0,0
162050,GJ797,310.186068,19.93391,2457232.7126288,2.833717,1.343074,-35305.319354,1.495524,8.017848,0.8092,-35304.060131,0.651994,7.552652,0.814264,5.70644,9.52378,7.638524,2.678118,0.415511,0.000632,0.363158,0.000868,0.480999,0.001103,0,7.09265,42.470627,-0.012792,-36,122.6,2457232.71262,5.381293,5.381453,1,-9999999,0.174487,2.579949,1.071934,1.084736,1.345919,0.5,250,5.732035,9.531395,2015-07-29T04:57:30.763,-9999999,G2,188.C-0265(O),UNKNOWN,-9999999,HARPS_ech_obs_all,HARPS_ech_obs_thosimult,STAR_WAVE_G2V,3.27153372419219e-06,1.01169716624104e-06,0,0
162051,GJ797,310.186068,19.93391,2457232.716031,4.766218,1.354504,-35303.011334,1.501594,9.956597,0.828032,-35301.752009,0.665797,9.498746,0.832835,8.27436,10.759982,7.431306,2.767935,0.4161,0.000649,0.363676,0.000892,0.480747,0.001132,0,7.09042,42.48333,-0.007262,-36,119.4,2457232.71602,5.371801,5.371982,1,-9999999,0.174488,2.586197,1.071934,1.084837,1.345919,0.55,250,8.304902,10.76694,2015-07-29T05:02:12.211,-9999999,G2,188.C-0265(O),UNKNOWN,-9999999,HARPS_ech_obs_all,HARPS_ech_obs_thosimult,STAR_WAVE_G2V,7.27212844489845e-06,7.39181636768064e-07,0,0
162052,GJ797,310.186068,19.93391,2457283.561376,-0.095232,1.033161,-35309.883802,1.127168,3.202092,0.685063,-35307.902646,0.564052,2.921823,0.692243,12.800039,9.263573,1.149344,2.750357,0.414633,0.000562,0.360443,0.000769,0.480248,0.000983,0,7.088592,42.520955,-0.012807,-36,137.7,2457283.56137,-14.047968,-14.047825,0,-9999999,0.181963,0.693143,0.773376,1.799193,0.975886,0.52,250,12.808381,9.26819,2015-09-18T01:20:44.517,-9999999,G2,188.C-0265(P),UNKNOWN,-9999999,HARPS_ech_obs_all,HARPS_ech_obs_thosimult,STAR_WAVE_G2V,8.40435461555829e-06,7.16786824275486e-07,0,0
162053,GJ797,310.186068,19.93391,2457283.5646519,0.707912,1.0106,-35308.935176,1.114496,4.011253,0.650546,-35306.953921,0.538293,3.712171,0.65743,16.423974,9.255354,2.251095,2.511148,0.41443,0.000534,0.35906,0.000729,0.481762,0.000936,0,7.085766,42.508158,-0.009147,-36,144.8,2457283.56465,-14.056921,-14.056783,0,-9999999,0.181964,0.699159,0.773371,1.799291,0.97588,0.53,250,16.432212,9.260953,2015-09-18T01:25:25.075,-9999999,G2,188.C-0265(P),UNKNOWN,-9999999,HARPS_ech_obs_all,HARPS_ech_obs_thosimult,STAR_WAVE_G2V,7.32680738871035e-06,5.83941535733939e-07,0,0
162054,GJ797,310.186068,19.93391,2457283.567813,0.205596,0.973542,-35308.859603,1.093165,3.514743,0.591344,-35306.878255,0.492622,3.184497,0.599174,10.509665,9.79961,-0.289802,2.615204,0.414776,0.000484,0.358669,0.00066,0.480872,0.000847,0,7.084591,42.5135,-0.009665,-36,159.6,2457283.5678,-14.065567,-14.065432,0,-9999999,0.181964,0.704965,0.773367,1.799384,0.975875,0.5,250,10.514601,9.803631,2015-09-18T01:30:05.702,-9999999,G2,188.C-0265(P),UNKNOWN,-9999999,HARPS_ech_obs_all,HARPS_ech_obs_thosimult,STAR_WAVE_G2V,7.98966402633128e-06,5.56234603642415e-07,0,0
162055,GJ797,310.186068,19.93391,2457283.6263059,0.696826,0.981412,-35309.43866,1.096903,4.113403,0.604298,-35307.455567,0.501001,3.698911,0.612115,12.634587,9.971313,1.328065,2.686112,0.415174,0.000481,0.359843,0.000663,0.490535,0.000848,0,7.085481,42.512368,-0.013189,-36,159.1,2457283.6263,-14.223051,-14.222922,0,-9999999,0.181973,0.812395,0.773301,1.80112,0.975804,0.5,250,12.652544,9.976631,2015-09-18T02:54:19.725,-9999999,G2,188.C-0265(P),UNKNOWN,-9999999,HARPS_ech_obs_all,HARPS_ech_obs_thosimult,STAR_WAVE_G2V,-9999999.0,-9999999.0,-9999999,-9999999
162056,GJ797,310.186068,19.93391,2457283.629614,-0.060528,0.969767,-35309.624552,1.089543,3.362125,0.585198,-35307.641361,0.484681,2.986962,0.593918,9.656435,10.026406,2.139818,2.738474,0.414243,0.000461,0.359615,0.000637,0.49127,0.000816,0,7.086607,42.512556,-0.011298,-36,165.5,2457283.62961,-14.231608,-14.23149,0,-9999999,0.181973,0.818471,0.773298,1.801218,0.975802,0.52,250,9.669518,10.029963,2015-09-18T02:59:00.562,-9999999,G2,188.C-0265(P),UNKNOWN,-9999999,HARPS_ech_obs_all,HARPS_ech_obs_thosimult,STAR_WAVE_G2V,7.60648103997826e-06,5.90232177667999e-07,0,0
162057,GJ797,310.186068,19.93391,2457283.6328071,-0.185541,0.964326,-35309.906446,1.086354,3.242976,0.57614,-35307.92316,0.477473,3.026751,0.583884,24.143506,9.85164,0.262121,2.67271,0.414339,0.000454,0.358246,0.000625,0.489017,0.000801,0,7.087121,42.518546,-0.010346,-36,168.1,2457283.6328,-14.239811,-14.239677,0,-9999999,0.181974,0.824336,0.773296,1.801312,0.975799,0.5,250,24.165558,9.854269,2015-09-18T03:03:41.459,-9999999,G2,188.C-0265(P),UNKNOWN,-9999999,HARPS_ech_obs_all,HARPS_ech_obs_thosimult,STAR_WAVE_G2V,9.34915513182141e-06,4.82195627409338e-07,0,0
162058,GJ797,310.186068,19.93391,2457284.5742326,-2.858096,1.363039,-35312.78991,1.428973,1.451121,0.580087,-35309.969574,0.479882,1.24886,0.587276,20.59801,9.473807,4.590532,2.561198,0.416206,0.000464,0.359333,0.000634,0.492512,0.000814,0,7.089914,42.495063,-0.00943,-36,167.0,2457284.57423,-14.418875,-14.418748,-1,-9999999,0.182112,1.705036,1.23344,2.638224,1.345985,0.47,250,20.59425,9.473771,2015-09-19T01:39:31.984,-9999999,G2,188.C-0265(P),UNKNOWN,-9999999,HARPS_ech_obs_all,HARPS_ech_obs_thosimult,STAR_WAVE_G2V,7.69826089973821e-06,6.25065869441567e-07,0,0
162059,GJ797,310.186068,19.93391,2457284.5776262,-1.238851,1.723164,-35312.787783,1.631317,3.076599,1.203298,-35309.967345,0.921698,2.729671,1.206873,12.654037,14.869249,-3.437931,3.110571,0.416568,0.000945,0.360262,0.001298,0.497064,0.001668,0,7.093857,42.526974,-0.011747,-36,82.8,2457284.57762,-14.428139,-14.42801,0,-9999999,0.182113,1.711268,1.233437,2.638325,1.345982,0.52,250,12.652852,14.869664,2015-09-19T01:44:12.711,-9999999,G2,188.C-0265(P),UNKNOWN,-9999999,HARPS_ech_obs_all,HARPS_ech_obs_thosimult,STAR_WAVE_G2V,1.14675427934553e-05,8.4902284585244e-07,0,0
162060,GJ797,310.186068,19.93391,2457284.580935,-0.764222,1.659365,-35309.037697,1.5982,3.557305,1.110014,-35306.217161,0.861734,3.081839,1.114809,7.811578,14.383225,-0.714037,3.608886,0.41691,0.000873,0.356491,0.001192,0.494586,0.001537,0,7.091739,42.508284,-0.010131,-36,89.4,2457284.58093,-14.437162,-14.437043,-1,-9999999,0.182113,1.717345,1.233435,2.638423,1.345978,0.54,250,7.815179,14.384798,2015-09-19T01:48:53.598,-9999999,G2,188.C-0265(P),UNKNOWN,-9999999,HARPS_ech_obs_all,HARPS_ech_obs_thosimult,STAR_WAVE_G2V,7.81521947172288e-06,1.17719367572073e-06,0,0
162061,GJ797,310.186068,19.93391,2457507.898683,6.265681,1.342211,-35303.65925,1.410516,10.893023,0.529109,-35301.329733,0.421434,10.3403,0.536554,3.629137,16.145202,38.882324,3.126886,0.42036,0.000416,0.364739,0.000575,0.480523,0.000727,0,7.11452,42.295272,-0.007113,-36,186.8,2457507.89868,23.388607,23.388556,-4,-9999999,0.214946,2.02316,1.233521,2.114571,1.346086,0.51,250,3.669261,16.148874,2016-04-29T09:33:07.730,-9999999,G2,188.C-0265(Q),UNKNOWN,-9999999,HARPS_ech_obs_all,HARPS_ech_obs_thosimult,STAR_WAVE_G2V,8.53753864276032e-06,4.18116603386772e-07,0,0
162062,GJ797,310.186068,19.93391,2457507.9019173,6.456605,1.333931,-35303.093766,1.405217,11.089887,0.507727,-35300.764152,0.403324,10.475194,0.514921,3.164821,14.920563,35.399155,2.952893,0.4202,0.000393,0.365334,0.000545,0.481169,0.000689,0,7.112658,42.30201,-0.006545,-36,197.0,2457507.90191,23.381483,23.381463,-4,-9999999,0.214947,2.0291,1.233526,2.114667,1.346092,0.5,250,3.217106,14.923807,2016-04-29T09:37:49.656,-9999999,G2,188.C-0265(Q),UNKNOWN,-9999999,HARPS_ech_obs_all,HARPS_ech_obs_thosimult,STAR_WAVE_G2V,1.02182782278161e-05,5.15463232311108e-07,0,0
162063,GJ797,310.186068,19.93391,2457507.9051397,6.434537,1.338859,-35303.279347,1.408003,11.073737,0.520525,-35300.949637,0.412909,10.553734,0.527826,2.226082,14.278257,35.246866,3.169319,0.420127,0.000402,0.364857,0.000558,0.480271,0.000704,0,7.113358,42.301092,-0.005336,-36,192.4,2457507.90514,23.374335,23.374293,-4,-9999999,0.214947,2.035018,1.23353,2.114763,1.346097,0.49,250,2.247395,14.282348,2016-04-29T09:42:30.553,-9999999,G2,188.C-0265(Q),UNKNOWN,-9999999,HARPS_ech_obs_all,HARPS_ech_obs_thosimult,STAR_WAVE_G2V,9.32189930223767e-06,5.10551482053753e-07,0,0
162064,GJ797,310.186068,19.93391,2457587.738582,3.750978,0.960306,-35306.089225,1.189078,5.204238,0.563606,-35306.86412,0.466975,4.548313,0.568605,16.819187,10.471409,10.980422,2.366369,0.416865,0.000459,0.363139,0.000625,0.480821,0.000795,0,7.088399,42.45619,-0.008649,-36,169.6,2457587.73858,9.235656,9.235819,0,-9999999,0.226685,-1.150922,0.777519,-1.00158,1.093545,0.5,250,16.829463,10.476054,2016-07-18T05:35:15.332,-9999999,G2,188.C-0265(O),UNKNOWN,-9999999,HARPS_ech_obs_all,HARPS_ech_obs_thosimult,STAR_WAVE_G2V,7.97469894091348e-06,6.19197136063307e-07,0,0
162065,GJ797,310.186068,19.93391,2457587.7418383,3.533454,0.947037,-35306.064723,1.182518,4.992694,0.540686,-35306.839522,0.450006,4.714066,0.546212,13.791406,10.313758,13.23756,2.618677,0.416537,0.000438,0.361844,0.000597,0.480208,0.000759,0,7.094063,42.446701,-0.006741,-36,177.1,2457587.74183,9.226642,9.22681,0,-9999999,0.226685,-1.144942,0.77752,-1.001484,1.093546,0.5,250,13.824195,10.317034,2016-07-18T05:39:56.668,-9999999,G2,188.C-0265(O),UNKNOWN,-9999999,HARPS_ech_obs_all,HARPS_ech_obs_thosimult,STAR_WAVE_G2V,9.64077645380964e-06,4.98281253319024e-07,0,0
162066,GJ797,310.186068,19.93391,2457587.7450906,5.037305,0.941628,-35304.335161,1.179756,6.502519,0.531153,-35305.109862,0.442695,6.103958,0.536598,15.583962,9.219785,12.043585,2.528162,0.41569,0.000429,0.36197,0.000585,0.489543,0.000744,0,7.092035,42.455287,-0.007019,-36,180.5,2457587.74508,9.217642,9.217803,0,-9999999,0.226686,-1.138968,0.777522,-1.001387,1.093548,0.5,250,15.60279,9.226058,2016-07-18T05:44:37.664,-9999999,G2,188.C-0265(O),UNKNOWN,-9999999,HARPS_ech_obs_all,HARPS_ech_obs_thosimult,STAR_WAVE_G2V,9.44158781582386e-06,5.68117945149544e-07,0,0
162067,GJ797,310.186068,19.93391,2457664.5668543,2.751074,0.708708,-35305.966071,0.820793,4.752298,0.284887,-35305.579379,0.239904,4.628148,0.298532,-12.281885,8.033872,13.806583,2.430458,0.41481,0.000221,0.357953,0.000306,0.489549,0.000394,0,7.095159,42.416496,-0.006173,-36,341.8,2457664.56685,-18.847985,-18.847871,0,-9999999,0.23798,-0.602958,0.648927,0.148712,0.78495,0.53,900,-12.285172,8.041747,2016-10-03T01:24:06.384,-9999999,G2,188.C-0265(R),Melendez,-9999999,HARPS_ech_obs_all,HARPS_ech_obs_thosimult,STAR_WAVE_G2,1.01597273251233e-05,3.31334698933679e-07,0,0
162068,GJ797,310.186068,19.93391,2457665.537579,0.790697,1.138269,-35310.147483,1.358578,1.372604,0.251441,-35309.542339,0.18422,1.267488,0.252137,4.390738,9.055943,24.555658,2.71345,0.411402,0.000174,0.357227,0.000237,0.490039,0.000305,128,7.095766,42.440544,-0.007487,-36,442.4,2457665.53758,-19.034354,-19.034255,2,-9999999,0.238123,-2.022275,1.110151,0.367021,1.34603,0.5,900,4.418991,9.063185,2016-10-04T00:42:29.280,-9999999,G2,188.C-0265(R),Melendez,-9999999,HARPS_ech_obs_all,HARPS_ech_obs_thosimult,STAR_WAVE_G2,9.59291741553544e-06,2.2468688367339e-07,0,0
162069,GJ797,310.186068,19.93391,2458045.522616,4.272268,0.990806,-18817.455387,1.364704,4.15986,0.270312,-18819.344903,0.224854,3.909083,0.283331,-8.545307,7.495697,11.152941,2.453199,0.414613,0.000199,0.355747,0.000275,0.489199,0.000354,0,9.594871,0.798312,0.326472,0,380.1,2458045.52261,-22.208942,-22.208899,0,-9999999,0.29399,-2.71659,0.953219,-2.183506,1.346052,0.52,900,-8.520655,7.503462,2017-10-19T00:22:07.191,-9999999,G2,0100.D-0444(A),Lorenzo-Oliveira,-9999999,HARPS_ech_obs_all,HARPS_ech_obs_thosimult,STAR_WAVE_G2,9.13360178131563e-06,3.09867550280387e-07,0,0
162070,GJ797,310.186068,19.93391,2458047.4918871,0.65592,1.019653,-35308.581997,1.190538,1.060651,0.27201,-35309.055769,0.199566,0.980302,0.272373,-13.898344,5.883634,31.177989,2.489951,0.415859,0.000179,0.355151,0.000244,0.481439,0.000317,128,7.097953,42.378903,-0.006023,-36,428.1,2458047.49188,-22.464739,-22.46468,0,-9999999,0.294279,-2.199451,0.982702,-0.768051,1.173693,0.48,900,-13.847813,5.888276,2017-10-20T23:38:40.858,-9999999,G2,0100.D-0444(A),Lorenzo-Oliveira,-9999999,HARPS_ech_obs_all,HARPS_ech_obs_thosimult,STAR_WAVE_G2,9.94733803158776e-06,2.89946894111782e-07,0,0
162071,GJ797,310.186068,19.93391,2458048.50208,-0.186385,0.668024,-35308.319475,0.731541,-0.90459,0.258012,-35311.198625,0.214129,-1.013711,0.272513,-13.325411,6.111065,12.678988,2.407862,0.411309,0.000191,0.363179,0.000262,0.480936,0.00034,0,7.095072,42.400234,-0.005798,-36,398.4,2458048.50208,-22.646894,-22.646859,0,-9999999,0.294428,-3.322387,0.616186,-3.173578,0.6995,0.52,900,-13.276676,6.112304,2017-10-21T23:52:52.076,-9999999,G2,0100.D-0444(A),Lorenzo-Oliveira,-9999999,HARPS_ech_obs_all,HARPS_ech_obs_thosimult,STAR_WAVE_G2,1.01649372816885e-05,3.04617233397327e-07,0,0
162072,GJ797,310.186068,19.93391,2458050.4969851,-3.566,1.095562,-35312.360159,1.364116,-2.936042,0.297543,-35312.903082,0.245045,-2.963701,0.309227,-1.877806,6.560628,6.526638,2.481905,0.414773,0.000217,0.355308,0.000301,0.490137,0.000389,0,7.089933,42.453739,-0.008393,-36,346.7,2458050.49697,-22.925331,-22.925277,0,-9999999,0.294721,-1.974224,1.054384,-0.837644,1.341926,0.46,900,-1.802894,6.556915,2017-10-23T23:46:38.943,-9999999,G2,0100.D-0444(A),Lorenzo-Oliveira,-9999999,HARPS_ech_obs_all,HARPS_ech_obs_thosimult,STAR_WAVE_G2,9.96204169902307e-06,3.89035022530858e-07,0,0
162073,GJ797,310.186068,19.93391,2458619.8714133,-23731.480586,21.979973,-35898.761901,9.167536,-23729.068013,21.973259,-35898.537468,9.11851,-23729.651587,21.990013,-4376.364392,3874.486972,69.445491,70.570717,0.661658,0.110831,1.680486,0.20967,1.356074,0.223228,64,1.432626,12.585944,0.058892,-36,1.2,2458619.87141,23.582354,23.582376,-1,-9999999,0.378433,-0.191609,0.543231,-0.154,0.946829,0.48,900,260.686562,3935.729465,2019-05-16T08:47:00.225,-9999999,G2,0100.D-0444(A),Lorenzo-Oliveira,-9999999,HARPS_ech_obs_all,HARPS_ech_obs_thosimult,STAR_WAVE_G2,4.86460928553881e-05,2.06791247787478e-06,0,0
162074,GJ797,310.186068,19.93391,2458625.9182218,3.235411,0.850531,-35307.261259,1.046309,5.521813,0.355711,-35307.450289,0.289948,4.934207,0.362064,-8.620955,7.207181,9.725298,2.246219,0.413826,0.000287,0.360912,0.000378,0.489407,0.000481,0,7.091934,42.466455,-0.011439,-36,279.0,2458625.91821,23.071716,23.071739,0,-9999999,0.379322,-0.31778,0.772575,-0.568352,1.005332,0.49,900,-8.581148,7.219134,2019-05-22T09:53:34.829,-9999999,G2,0100.D-0444(A),Lorenzo-Oliveira,-9999999,HARPS_ech_obs_all,HARPS_ech_obs_thosimult,STAR_WAVE_G2,1.05281045073028e-05,3.66864382822487e-07,0,0
