,target,ra,dec,BJD,RV_mlc_nzp,e_RV_mlc_nzp,RV_drs_nzp,e_RV_drs_nzp,RV_mlc,e_RV_mlc,RV_drs,e_RV_drs,RV_mlc_j,e_RV_mlc_j,CRX,e_CRX,dLW,e_dLW,Halpha,e_Halpha,NaD1,e_NaD1,NaD2,e_NaD2,f_RV,FWHM_DRS,CONTRAST_DRS,BIS,RVGUESS,SNR_DRS,BJD_DRS,BERV,BERV_DRS,DRIFT,e_DRIFT,SA,NZP_mlc,dNZP_mlc,NZP_drs,dNZP_drs,TMMEAN,EXPTIME,MLCRX,E_MLCRX,TIMEID,DRIFT_LAMP,MASK,PROGID,PROGPI,AIRMASS,OBHAB,THAR_FP,DPR_TYPE,RHKp,dRHKp,vsinflag,metflag
83455,GJ796,310.050651,-23.77213,2452948.5363348,3.020515,0.932636,-41881.355874,1.023532,2.418793,0.36737,-41880.663646,0.290681,2.536632,0.368275,-20.267085,6.091114,-20.101842,1.108184,0.448022,0.000332,0.2898,0.000416,0.387264,0.000541,0,6.564978,47.145364,-0.038517,-42,226.6,2452948.53768,-29.918394,-29.920722,0,-9999999,0.0,0.386106,0.857234,0.692228,0.981387,0.37,900,-20.249214,6.103081,2003-11-05T00:47:34.710,-9999999,G2,072.C-0488(E),M. Mayor,-9999999,HARPS_ech_obs_all,HARPS_ech_obs_thosimult,STAR_WAVE_G8/K0V,1.03649152719416e-05,3.2261460235313e-07,0,0
83456,GJ796,310.050651,-23.77213,2453338.5012989,0.104687,0.921994,-41883.173562,1.022318,-1.682906,0.339403,-41882.758145,0.28632,-1.665456,0.34238,3.858499,3.857837,-26.92356,1.334732,0.445619,0.000311,0.292428,0.0004,0.386605,0.000516,0,6.5507,47.189806,-0.039111,-42,236.8,2453338.50129,-25.959529,-25.959744,1,-9999999,0.166515,-0.799765,0.85725,0.248902,0.981405,0.49,270,3.862211,3.850706,2004-11-29T00:03:49.424,-9999999,G2,072.C-0488(E),Mayor,-9999999,HARPS_ech_obs_all,HARPS_ech_obs_thosimult,STAR_WAVE_G8,9.69439822728854e-06,3.44638953361427e-07,0,0
83457,GJ796,310.050651,-23.77213,2453338.5047731,-0.262196,0.92584,-41883.030116,1.02543,-2.050868,0.34972,-41882.621228,0.297246,-1.897908,0.352587,1.502789,3.950028,-28.495918,0.972606,0.444609,0.000325,0.292239,0.000417,0.386897,0.000539,0,6.552215,47.19528,-0.038502,-42,227.2,2453338.50476,-25.963889,-25.964104,0,-9999999,0.166517,-0.800844,0.857248,0.242371,0.981403,0.49,270,1.494296,3.939826,2004-11-29T00:08:49.623,-9999999,G2,072.C-0488(E),Mayor,-9999999,HARPS_ech_obs_all,HARPS_ech_obs_thosimult,STAR_WAVE_G8,9.22330139150976e-06,3.30014566962091e-07,0,0
83458,GJ796,310.050651,-23.77213,2453338.5082169,-0.102311,0.931455,-41883.228026,1.029498,-1.892053,0.364329,-41882.82561,0.310996,-1.853936,0.366932,4.441428,4.205796,-28.541806,0.951055,0.444893,0.000338,0.291642,0.000434,0.385974,0.000561,0,6.551638,47.202315,-0.040589,-42,217.9,2453338.50821,-25.968076,-25.968283,0,-9999999,0.166518,-0.801914,0.857247,0.235898,0.981401,0.48,270,4.424435,4.197074,2004-11-29T00:13:49.892,-9999999,G2,072.C-0488(E),Mayor,-9999999,HARPS_ech_obs_all,HARPS_ech_obs_thosimult,STAR_WAVE_G8,1.04295066478247e-05,4.05847032822669e-07,0,0
83459,GJ796,310.050651,-23.77213,2453339.5011953,-1.689908,0.900974,-41884.699899,1.005468,-3.477469,0.277266,-41884.283861,0.218657,-3.274035,0.281763,5.746648,3.145875,-33.951567,1.643771,0.443601,0.000234,0.286068,0.000303,0.39526,0.000391,0,6.553519,47.251818,-0.040799,-42,312.4,2453339.50119,-25.693365,-25.693583,0,-9999999,0.166942,-0.799732,0.85725,0.249096,0.981405,0.5,425,5.764735,3.120846,2004-11-30T00:02:27.637,-9999999,G2,072.C-0488(E),Mayor,-9999999,HARPS_ech_obs_all,HARPS_ech_obs_thosimult,STAR_WAVE_G8,8.89464681534238e-06,2.85947574785828e-07,0,0
83460,GJ796,310.050651,-23.77213,2453339.5065287,-2.458946,0.901982,-41885.48563,1.005646,-4.248164,0.280532,-41885.079614,0.219486,-4.069262,0.28533,12.576139,3.502613,-38.14789,1.30711,0.443757,0.000234,0.28605,0.000303,0.393858,0.000391,0,6.553047,47.289363,-0.040665,-42,311.7,2453339.50652,-25.699796,-25.700016,0,-9999999,0.166945,-0.801389,0.857248,0.239071,0.981402,0.51,425,12.572113,3.47456,2004-11-30T00:10:04.231,-9999999,G2,072.C-0488(E),Mayor,-9999999,HARPS_ech_obs_all,HARPS_ech_obs_thosimult,STAR_WAVE_G8,9.17975577035858e-06,2.78616631627579e-07,0,0
83461,GJ796,310.050651,-23.77213,2453345.5171104,-1.772688,0.926167,-41885.178822,1.024784,-3.559311,0.350601,-41884.784929,0.29503,-3.556994,0.353919,2.897155,3.96429,-37.440808,1.313503,0.443019,0.000323,0.282172,0.000424,0.397268,0.000553,0,6.551874,47.342262,-0.041439,-42,222.9,2453345.5171,-23.945939,-23.946191,0,-9999999,0.169511,-0.798794,0.857242,0.224382,0.981397,0.51,420,2.938531,3.947218,2004-12-06T00:26:03.551,-9999999,G2,072.C-0488(E),Mayor,-9999999,HARPS_ech_obs_all,HARPS_ech_obs_thosimult,STAR_WAVE_G8,8.3842919307916e-06,3.73792100270113e-07,0,0
83462,GJ796,310.050651,-23.77213,2453345.5222652,-1.459671,0.922464,-41884.804081,1.021427,-3.247895,0.340704,-41884.419875,0.283157,-3.278685,0.34434,3.985337,4.572629,-38.295494,1.188952,0.443558,0.000312,0.281845,0.000408,0.397677,0.000533,0,6.552721,47.355074,-0.040263,-42,231.6,2453345.52226,-23.949837,-23.950092,0,-9999999,0.169513,-0.800396,0.85724,0.214693,0.981394,0.5,420,4.004902,4.558216,2004-12-06T00:33:33.155,-9999999,G2,072.C-0488(E),Mayor,-9999999,HARPS_ech_obs_all,HARPS_ech_obs_thosimult,STAR_WAVE_G8,8.55145556878696e-06,3.51654448850081e-07,0,0
83463,GJ796,310.050651,-23.77213,2453571.7442255,1.792609,0.821994,-41878.768745,1.045991,1.748589,0.443464,-41879.391667,0.361998,1.816734,0.445818,5.879547,5.554574,-6.433995,0.993866,0.443303,0.000423,0.289531,0.000538,0.394527,0.000685,0,6.55613,47.069136,-0.040828,-42,176.8,2453571.74422,4.256762,4.256655,0,-9999999,0.26611,0.943809,0.692108,-0.889032,0.981353,0.49,150,5.86908,5.561699,2005-07-20T05:42:07.675,-9999999,G2,60.A-9036(A),UNKNOWN,-9999999,HARPS_ech_obs_all,HARPS_ech_obs_thosimult,STAR_WAVE_G8,8.66928494922957e-06,4.42616713896024e-07,0,0
83464,GJ796,310.050651,-23.77213,2453571.7510287,1.646026,0.818644,-41878.764016,1.043827,1.599893,0.437222,-41879.399723,0.355694,1.758914,0.439996,4.321868,5.319416,-10.06762,0.969858,0.443721,0.00041,0.288662,0.000523,0.394738,0.000668,0,6.554084,47.082505,-0.043093,-42,181.5,2453571.75102,4.237567,4.237503,0,-9999999,0.266113,0.941695,0.692109,-0.90182,0.981354,0.51,150,4.299814,5.328447,2005-07-20T05:51:52.462,-9999999,G2,60.A-9036(A),UNKNOWN,-9999999,HARPS_ech_obs_all,HARPS_ech_obs_thosimult,STAR_WAVE_G8,9.488223786674e-06,3.26155357354023e-07,0,0
83465,GJ796,310.050651,-23.77213,2453571.7564547,4.543123,0.864117,-41876.30784,1.068511,4.495304,0.51738,-41876.953744,0.422681,4.680935,0.519436,-6.329436,5.627914,-6.680522,1.137743,0.443489,0.000492,0.289701,0.000628,0.394381,0.000799,0,6.556497,47.058807,-0.041599,-42,152.0,2453571.75645,4.222304,4.222214,0,-9999999,0.266115,0.940009,0.69211,-0.912019,0.981355,0.49,150,-6.345826,5.649973,2005-07-20T05:59:44.259,-9999999,G2,60.A-9036(A),UNKNOWN,-9999999,HARPS_ech_obs_all,HARPS_ech_obs_thosimult,STAR_WAVE_G8,9.87991515387626e-06,4.9321763256384e-07,0,0
83466,GJ796,310.050651,-23.77213,2453571.7616903,6.22981,0.924759,-41875.518111,1.099891,6.180364,0.613321,-41876.173854,0.49669,6.282926,0.614849,-3.716514,6.417199,-3.276623,1.387734,0.443801,0.000576,0.290657,0.000739,0.393742,0.000937,0,6.55714,47.035518,-0.04057,-42,129.6,2453571.76169,4.20763,4.207525,0,-9999999,0.266118,0.938383,0.692111,-0.921861,0.981356,0.51,150,-3.726894,6.438093,2005-07-20T06:07:13.612,-9999999,G2,60.A-9036(A),UNKNOWN,-9999999,HARPS_ech_obs_all,HARPS_ech_obs_thosimult,STAR_WAVE_G8,1.0574348561286e-05,4.6210607058889e-07,0,0
83467,GJ796,310.050651,-23.77213,2453571.7668989,5.116469,0.879547,-41875.778707,1.075576,5.065405,0.542756,-41876.444239,0.44023,5.246989,0.544303,-6.180081,5.553304,-4.295076,1.098952,0.443103,0.000512,0.289758,0.000655,0.395038,0.000834,0,6.559867,47.045775,-0.043004,-42,145.8,2453571.7669,4.193098,4.192999,0,-9999999,0.26612,0.936764,0.692112,-0.931652,0.981357,0.52,150,-6.200615,5.57707,2005-07-20T06:14:42.126,-9999999,G2,60.A-9036(A),UNKNOWN,-9999999,HARPS_ech_obs_all,HARPS_ech_obs_thosimult,STAR_WAVE_G8,9.49889782101076e-06,4.33561429039559e-07,0,0
83468,GJ796,310.050651,-23.77213,2454292.7619157,0.847559,0.601042,-41881.520765,0.612714,0.339146,0.327705,-41880.320357,0.257454,0.5927,0.334154,11.250469,4.925557,-27.428078,0.77017,0.441191,0.000322,0.288276,0.000395,0.392096,0.000504,0,6.53923,47.206601,-0.044521,-42,240.6,2454292.76203,8.852757,8.85282,0,-9999999,0.573985,0.479416,0.503846,0.626423,0.555999,0.48,420,11.220758,4.934945,2007-07-11T06:05:48.303,-9999999,G2,072.C-0488(E),Mayor,-9999999,HARPS_ech_obs_all,HARPS_ech_obs_thosimult,STAR_WAVE_G8,7.91171231199408e-06,2.82961394508687e-07,0,0
83469,GJ796,310.050651,-23.77213,2454292.7670848,1.39691,0.603,-41880.503535,0.613529,0.886891,0.331281,-41879.312842,0.259385,1.217549,0.337507,16.784996,5.548824,-27.415031,0.848066,0.441036,0.000325,0.292677,0.000397,0.392927,0.000509,0,6.538321,47.210261,-0.043748,-42,238.5,2454292.76719,8.838212,8.838273,0,-9999999,0.573987,0.47781,0.503847,0.616706,0.556001,0.47,420,16.771459,5.560686,2007-07-11T06:13:19.098,-9999999,G2,072.C-0488(E),Mayor,-9999999,HARPS_ech_obs_all,HARPS_ech_obs_thosimult,STAR_WAVE_G8,8.11210042200501e-06,2.89433170188814e-07,0,0
83470,GJ796,310.050651,-23.77213,2454300.8111077,3.380525,0.723545,-41878.939282,0.511451,0.895897,0.282489,-41880.31314,0.224916,1.011716,0.288345,2.776229,3.789911,-24.047211,0.753508,0.444868,0.00027,0.289438,0.000336,0.394302,0.000429,0,6.543907,47.191502,-0.043074,-42,284.4,2454300.81122,4.817482,4.81758,0,-9999999,0.577422,-1.4968,0.666121,-1.95128,0.459342,0.47,420,2.761206,3.802575,2007-07-19T07:16:26.617,-9999999,G2,072.C-0488(E),Mayor,-9999999,HARPS_ech_obs_all,HARPS_ech_obs_thosimult,STAR_WAVE_G8,7.68783872845692e-06,2.30790599763118e-07,0,0
83471,GJ796,310.050651,-23.77213,2454300.8162759,2.350917,0.728343,-41879.691762,0.516881,-0.135316,0.294555,-41881.075333,0.236997,0.045642,0.300354,4.779042,4.300655,-22.93444,0.707766,0.445177,0.000285,0.294334,0.000352,0.394635,0.000452,0,6.545248,47.18275,-0.043778,-42,270.2,2454300.81639,4.804141,4.80424,0,-9999999,0.577424,-1.498405,0.666123,-1.960995,0.459346,0.46,420,4.764354,4.305165,2007-07-19T07:23:57.345,-9999999,G2,072.C-0488(E),Mayor,-9999999,HARPS_ech_obs_all,HARPS_ech_obs_thosimult,STAR_WAVE_G8,7.58416654916823e-06,2.90326457418333e-07,0,0
83472,GJ796,310.050651,-23.77213,2455673.9061383,-0.640532,0.694864,-41883.832478,0.745369,-1.128476,0.281036,-41882.930821,0.224391,-0.981131,0.286418,-4.094521,3.077099,-11.260493,1.154685,0.443153,0.00026,0.288151,0.000315,0.385373,0.000402,0,6.556543,47.13018,-0.044843,-42,301.2,2455673.90613,29.535465,29.535441,-1,-9999999,1.163735,0.499884,0.635496,-0.262078,0.71079,0.49,900,-4.073857,3.073909,2011-04-22T09:38:09.549,-9999999,G2,183.C-0972(A),Udry,-9999999,HARPS_ech_obs_all,HARPS_ech_obs_thosimult,STAR_WAVE_G8,7.55561988528137e-06,2.42357627254238e-07,0,0
83473,GJ796,310.050651,-23.77213,2455678.9057009,-2.097424,0.650987,-41884.832787,0.655452,-4.042479,0.252131,-41885.053342,0.19875,-3.83196,0.258248,3.045196,2.851912,-10.368452,1.258415,0.442646,0.000226,0.288521,0.000275,0.383712,0.000349,0,6.560004,47.116831,-0.044836,-42,345.0,2455678.9057,29.610673,29.610667,0,-9999999,1.16587,-0.957226,0.600178,-1.386425,0.624593,0.52,900,3.045345,2.828576,2011-04-27T09:36:22.334,-9999999,G2,183.C-0972(A),Udry,-9999999,HARPS_ech_obs_all,HARPS_ech_obs_thosimult,STAR_WAVE_G8,7.70738489805561e-06,2.20452497010437e-07,0,0
83474,GJ796,310.050651,-23.77213,2455756.8497908,-1.757529,0.611079,-41883.79343,0.74972,-2.431432,0.425269,-41883.406807,0.350671,-2.355306,0.428145,2.650184,3.986253,-8.012149,1.705704,0.442074,0.000402,0.2927,0.000489,0.393147,0.000628,0,6.560903,47.095491,-0.044005,-42,193.8,2455756.84978,7.193372,7.19357,0,-9999999,1.199152,0.313925,0.43882,-0.812529,0.662654,0.45,900,2.639539,3.978619,2011-07-14T08:08:49.584,-9999999,G2,183.C-0972(A),Udry,-9999999,HARPS_ech_obs_all,HARPS_ech_obs_thosimult,STAR_WAVE_G8,6.43808085399313e-06,3.72205437763324e-07,0,0
83475,GJ796,310.050651,-23.77213,2455770.7473302,-0.614246,0.506545,-41883.913475,1.009118,-2.168648,0.288699,-41882.858312,0.235083,-2.146981,0.2928,-2.958111,3.624163,-9.142105,1.274752,0.441671,0.000268,0.287473,0.000324,0.385151,0.000415,0,6.564248,47.09006,-0.045042,-42,293.6,2455770.74732,0.560788,0.560989,0,-9999999,1.205086,-0.566573,0.416222,-0.149923,0.981354,0.5,450,-2.966102,3.620655,2011-07-28T05:44:00.779,-9999999,G2,183.C-0972(A),Udry,-9999999,HARPS_ech_obs_all,HARPS_ech_obs_thosimult,STAR_WAVE_G8,7.57921755548124e-06,2.75404293483519e-07,0,0
83476,GJ796,310.050651,-23.77213,2455770.7528508,-0.766783,0.505621,-41884.266319,1.008844,-2.3229,0.287073,-41883.221531,0.233902,-2.26363,0.291159,-0.154755,3.512784,-8.769727,1.314375,0.44644,0.000265,0.288156,0.000321,0.384738,0.000412,0,6.563472,47.090843,-0.04577,-42,296.1,2455770.75284,0.545418,0.545627,0,-9999999,1.205088,-0.568288,0.416224,-0.1603,0.981354,0.49,450,-0.161515,3.507632,2011-07-28T05:52:02.258,-9999999,G2,183.C-0972(A),Udry,-9999999,HARPS_ech_obs_all,HARPS_ech_obs_thosimult,STAR_WAVE_G8,8.9487585324259e-06,2.96318022542456e-07,0,0
83477,GJ796,310.050651,-23.77213,2456022.9058192,0.090466,0.576863,-41882.979126,0.690688,-1.041127,0.315116,-41882.35617,0.253115,-0.915829,0.319166,-10.022891,3.665421,-0.291614,1.382558,0.44234,0.000279,0.289126,0.000344,0.386332,0.000438,0,6.566126,47.043569,-0.043637,-42,276.5,2456022.90582,27.846341,27.846273,0,-9999999,1.312758,-0.143765,0.48319,-0.689802,0.642637,0.54,900,-10.013384,3.668008,2012-04-05T09:39:10.285,-9999999,G2,183.C-0972(A),Udry,-9999999,HARPS_ech_obs_all,HARPS_ech_obs_thosimult,STAR_WAVE_G8,7.95290268574259e-06,2.89953637355353e-07,0,0
83478,GJ796,310.050651,-23.77213,2456025.8953427,0.186432,0.721799,-41882.12703,1.038103,-0.317808,0.414017,-41881.283631,0.338387,-0.154904,0.417869,1.648106,4.136995,-6.282604,1.54019,0.442598,0.000383,0.290785,0.000471,0.38529,0.000598,0,6.561045,47.075292,-0.043107,-42,203.6,2456025.89534,28.34216,28.342103,0,-9999999,1.314034,0.483589,0.591256,-0.470635,0.981403,0.5,450,1.658463,4.144996,2012-04-08T09:28:02.121,-9999999,G2,183.C-0972(A),Udry,-9999999,HARPS_ech_obs_all,HARPS_ech_obs_thosimult,STAR_WAVE_G8,9.00288121387246e-06,3.51441012982049e-07,0,0
83479,GJ796,310.050651,-23.77213,2456025.90093,-0.747099,0.734493,-41882.949671,1.044478,-1.253075,0.435766,-41882.116772,0.357459,-1.0805,0.439423,-0.136709,4.735347,-4.673303,1.545489,0.442236,0.000407,0.29158,0.000501,0.387204,0.000636,0,6.563313,47.065996,-0.045034,-42,191.9,2456025.90092,28.332983,28.332946,0,-9999999,1.314037,0.481853,0.59126,-0.481138,0.981406,0.5,450,-0.138327,4.736619,2012-04-08T09:36:04.818,-9999999,G2,183.C-0972(A),Udry,-9999999,HARPS_ech_obs_all,HARPS_ech_obs_thosimult,STAR_WAVE_G8,9.60273055410525e-06,4.37373607440623e-07,0,0
83480,GJ796,310.050651,-23.77213,2456029.9129645,-1.437501,0.699298,-41884.657097,0.941241,-2.559361,0.444544,-41883.932328,0.362674,-2.395557,0.448124,-5.162915,4.686256,-4.120181,1.848297,0.446558,0.00041,0.290919,0.000507,0.38637,0.000643,0,6.560474,47.067205,-0.046443,-42,189.8,2456029.91296,28.841082,28.841044,-1,-9999999,1.31575,-0.134032,0.539813,-0.590981,0.868563,0.5,450,-5.163942,4.677882,2012-04-12T09:52:51.777,-9999999,G2,183.C-0972(A),Udry,-9999999,HARPS_ech_obs_all,HARPS_ech_obs_thosimult,STAR_WAVE_G8,8.09386788744876e-06,4.02433599182193e-07,0,0
83481,GJ796,310.050651,-23.77213,2456029.9185527,-1.803683,0.688119,-41885.199015,0.936498,-2.92728,0.426737,-41884.484749,0.350171,-2.710532,0.430373,-2.944575,4.583513,-3.940048,1.54184,0.447762,0.0004,0.291008,0.000491,0.387147,0.000624,0,6.562734,47.063654,-0.044451,-42,195.8,2456029.91855,28.8304,28.83034,0,-9999999,1.315752,-0.135768,0.539818,-0.601486,0.868567,0.5,450,-2.933965,4.575055,2012-04-12T10:00:54.554,-9999999,G2,183.C-0972(A),Udry,-9999999,HARPS_ech_obs_all,HARPS_ech_obs_thosimult,STAR_WAVE_G8,9.10634645232051e-06,3.56999713445266e-07,0,0
83482,GJ796,310.050651,-23.77213,2456056.8520863,-0.309788,0.640711,-41883.979442,0.691807,-1.375735,0.4155,-41882.865301,0.341298,-1.254604,0.419349,1.191674,4.589816,-7.045171,1.616209,0.445599,0.000388,0.289403,0.000474,0.384951,0.000603,0,6.562708,47.081906,-0.042715,-42,201.0,2456056.85209,28.91659,28.916612,0,-9999999,1.327253,-0.078118,0.48772,-0.213112,0.601758,0.49,450,1.19858,4.589611,2012-05-09T08:21:29.561,-9999999,G2,183.C-0972(A),Udry,-9999999,HARPS_ech_obs_all,HARPS_ech_obs_thosimult,STAR_WAVE_G8,7.90104815251081e-06,4.10229131185872e-07,0,0
83483,GJ796,310.050651,-23.77213,2456056.8578179,-0.47438,0.626747,-41884.450922,0.682734,-1.542107,0.393621,-41883.347553,0.322504,-1.455759,0.397759,9.285979,5.252274,-8.040587,1.373628,0.445644,0.000365,0.289613,0.000447,0.384984,0.000568,0,6.55873,47.098552,-0.044527,-42,213.6,2456056.85782,28.903914,28.903925,0,-9999999,1.327255,-0.079899,0.487724,-0.223886,0.601762,0.52,450,9.297473,5.252097,2012-05-09T08:29:31.227,-9999999,G2,183.C-0972(A),Udry,-9999999,HARPS_ech_obs_all,HARPS_ech_obs_thosimult,STAR_WAVE_G8,8.14780396454997e-06,3.60499581887142e-07,0,0
83484,GJ796,310.050651,-23.77213,2456061.8514269,1.217444,0.670375,-41881.88984,0.66518,-0.317505,0.331422,-41881.169413,0.26795,-0.147628,0.33583,-3.181684,3.770318,-1.952275,1.440522,0.442307,0.000293,0.290339,0.000364,0.385802,0.000462,0,6.566677,47.039502,-0.042126,-42,263.2,2456061.85143,28.252409,28.252437,0,-9999999,1.329388,-0.547121,0.582719,-0.608961,0.608824,0.5,450,-3.189911,3.779667,2012-05-14T08:19:47.110,-9999999,G2,183.C-0972(A),Udry,-9999999,HARPS_ech_obs_all,HARPS_ech_obs_thosimult,STAR_WAVE_G8,8.13362571904607e-06,3.40107325869048e-07,0,0
83485,GJ796,310.050651,-23.77213,2456061.8569546,0.277107,0.667629,-41883.406418,0.663277,-1.259559,0.325827,-41882.69638,0.263183,-1.060778,0.33006,-6.600973,3.445521,-0.23565,1.379569,0.442558,0.000288,0.296134,0.000355,0.386223,0.000453,0,6.568543,47.03401,-0.0449,-42,268.4,2456061.85695,28.23955,28.2396,0,-9999999,1.32939,-0.548838,0.582722,-0.619352,0.608828,0.49,450,-6.597316,3.446551,2012-05-14T08:27:49.156,-9999999,G2,183.C-0972(A),Udry,-9999999,HARPS_ech_obs_all,HARPS_ech_obs_thosimult,STAR_WAVE_G8,8.26789527992251e-06,3.24316054380692e-07,0,0
83486,GJ796,310.050651,-23.77213,2456080.8190777,-1.886013,0.610652,-41885.069271,0.705989,-2.489577,0.240698,-41883.710559,0.189142,-2.320225,0.24646,-9.392729,2.816618,-8.996737,1.190493,0.442846,0.000214,0.290231,0.000261,0.384848,0.000332,0,6.56031,47.103157,-0.044253,-42,365.5,2456080.81907,23.980452,23.980594,0,-9999999,1.337487,0.384265,0.561213,0.021225,0.68018,0.5,900,-9.377123,2.812904,2012-06-02T07:27:03.823,-9999999,G2,183.C-0972(A),Udry,-9999999,HARPS_ech_obs_all,HARPS_ech_obs_thosimult,STAR_WAVE_G8,7.73175208998095e-06,2.35754164982805e-07,0,0
83487,GJ796,310.050651,-23.77213,2456192.5635355,-2.021821,0.925716,-41883.993566,1.022269,-1.919704,0.349454,-41881.771923,0.286244,-2.040112,0.351258,-8.39475,5.400896,-6.350896,1.683918,0.444346,0.000328,0.285745,0.000398,0.393327,0.000513,0,6.567517,47.04145,-0.041864,-42,238.9,2456192.56353,-23.907904,-23.9078,0,-9999999,1.385202,1.089945,0.857223,0.836441,0.981376,0.53,450,-8.390299,5.398155,2012-09-22T01:22:30.634,-9999999,G2,183.C-0972(A),Udry,-9999999,HARPS_ech_obs_all,HARPS_ech_obs_thosimult,STAR_WAVE_G8,7.97233527193107e-06,3.3151043696837e-07,0,0
83488,GJ796,310.050651,-23.77213,2456192.5689522,-2.190866,0.918908,-41884.388496,1.018289,-2.090432,0.331004,-41882.177033,0.271693,-2.094287,0.332875,-6.3208,4.929098,-4.897273,1.549464,0.445337,0.000317,0.285753,0.00038,0.394237,0.000492,0,6.5695,47.04155,-0.043426,-42,249.7,2456192.56895,-23.922219,-23.922106,0,-9999999,1.385204,1.088262,0.857222,0.826259,0.981374,0.5,450,-6.316881,4.926253,2012-09-22T01:30:32.173,-9999999,G2,183.C-0972(A),Udry,-9999999,HARPS_ech_obs_all,HARPS_ech_obs_thosimult,STAR_WAVE_G8,7.74715113117691e-06,3.33835164246919e-07,0,0
83489,GJ796,310.050651,-23.77213,2456198.5969703,-1.955437,0.628003,-41884.375692,0.667146,-0.126869,0.351531,-41880.676297,0.287386,-0.183774,0.352737,-9.187915,5.23014,-2.690776,1.673823,0.445725,0.00032,0.291378,0.000392,0.385758,0.000508,0,6.573705,47.021137,-0.046497,-42,241.6,2456198.59696,-25.719126,-25.719007,0,-9999999,1.387778,2.816396,0.520398,2.311617,0.602073,0.53,900,-9.184907,5.237265,2012-09-28T02:07:23.961,-9999999,G2,183.C-0972(A),Udry,-9999999,HARPS_ech_obs_all,HARPS_ech_obs_thosimult,STAR_WAVE_G8,9.05616519945519e-06,3.14367824894413e-07,0,0
83490,GJ796,310.050651,-23.77213,2456441.8958374,0.739065,0.617333,-41882.57638,1.006452,-2.021338,0.278075,-41882.999036,0.223145,-1.907432,0.281895,-6.820506,5.318351,4.567701,1.774421,0.442503,0.000246,0.295334,0.000299,0.383997,0.000381,0,6.571369,47.007748,-0.041156,-42,318.0,2456441.89583,24.989967,24.990053,0,-9999999,1.491667,-1.772575,0.551157,-1.914323,0.981403,0.5,900,-6.805901,5.317483,2013-05-29T09:18:04.502,-9999999,G2,091.C-0936(A),Udry,-9999999,HARPS_ech_obs_all,HARPS_ech_obs_wavesimult,STAR_WAVE_G8,8.72713784888081e-06,2.76500507744727e-07,0,0
83491,GJ796,310.050651,-23.77213,2456526.795058,-1.862451,0.891444,-41883.754776,0.549289,-2.104655,0.244665,-41882.25727,0.194504,-2.142119,0.247299,1.973793,4.033021,-1.84385,1.660662,0.446865,0.000209,0.284803,0.000256,0.394392,0.000331,0,6.571022,47.037527,-0.042088,-42,370.9,2456526.79506,-12.034306,-12.034189,0,-9999999,1.527919,0.745624,0.857211,-0.030413,0.513699,0.5,900,1.976001,4.032204,2013-08-22T06:49:39.043,-9999999,G2,091.C-0936(A),Udry,-9999999,HARPS_ech_obs_all,HARPS_ech_obs_wavesimult,STAR_WAVE_G8,8.42763477051112e-06,2.16478911656274e-07,0,0
83492,GJ796,310.050651,-23.77213,2456541.6955189,0.466477,0.907314,-41880.915356,0.85473,-0.700805,0.297367,-41880.753033,0.240731,-0.745502,0.298466,-3.588274,4.618609,4.260887,1.854553,0.448077,0.000271,0.283334,0.000325,0.395431,0.000422,0,6.577318,46.987161,-0.044132,-42,292.3,2456541.69551,-18.386973,-18.386868,0,-9999999,1.534281,-0.179454,0.8572,-1.371958,0.820129,0.58,900,-3.598154,4.625569,2013-09-06T04:26:11.402,-9999999,G2,091.C-0936(A),Udry,-9999999,HARPS_ech_obs_all,HARPS_ech_obs_wavesimult,STAR_WAVE_G8,8.26412168244434e-06,2.65262396589857e-07,0,0
83493,GJ796,310.050651,-23.77213,2456806.9418319,-0.578312,0.747228,-41882.838572,1.034231,-0.180075,0.397679,-41880.360505,0.326229,-0.086859,0.400241,-5.152243,4.355326,9.220991,1.828918,0.44135,0.000371,0.297256,0.00045,0.384918,0.000572,0,6.573636,46.963752,-0.041793,-42,212.9,2456806.94183,24.94679,24.946889,0,-9999999,1.647542,1.386065,0.632614,0.830525,0.981431,0.6,900,-5.140312,4.365684,2014-05-29T10:22:49.544,-9999999,G2,192.C-0852(A),Udry,-9999999,HARPS_ech_obs_all,HARPS_ech_obs_thosimult,STAR_WAVE_G8,8.05995480898704e-06,3.79548021427436e-07,0,0
83494,GJ796,310.050651,-23.77213,2456814.8616296,-1.311892,0.932641,-41884.034687,1.021608,-0.40976,0.432838,-41880.844278,0.357875,-0.292232,0.435891,-4.214015,4.998852,6.412031,2.146236,0.445636,0.000392,0.28992,0.000479,0.384672,0.000609,0,6.574433,46.999305,-0.041396,-42,199.1,2456814.86163,22.791998,22.792099,0,-9999999,1.650924,1.889961,0.826118,1.539485,0.956874,0.49,225,-4.250344,5.006778,2014-06-06T08:33:35.063,-9999999,G2,192.C-0852(A),Udry,-9999999,HARPS_ech_obs_all,HARPS_ech_obs_wavesimult,STAR_WAVE_G8,8.19837349698151e-06,4.8979093523588e-07,0,0
83495,GJ796,310.050651,-23.77213,2456814.8646294,-1.414497,0.949272,-41884.398557,1.03269,-0.513297,0.467595,-41881.213786,0.388379,-0.415862,0.470412,-0.577847,4.786311,5.930739,2.160268,0.445826,0.000424,0.289804,0.000519,0.384845,0.000661,0,6.576627,46.998006,-0.042684,-42,183.7,2456814.86462,22.784035,22.784134,0,-9999999,1.650925,1.889029,0.826119,1.533846,0.956876,0.5,225,-0.595411,4.793524,2014-06-06T08:37:51.979,-9999999,G2,192.C-0852(A),Udry,-9999999,HARPS_ech_obs_all,HARPS_ech_obs_wavesimult,STAR_WAVE_G8,9.33763900887794e-06,4.21027319694049e-07,0,0
83496,GJ796,310.050651,-23.77213,2456814.8676266,-1.394326,0.954194,-41884.617258,1.035037,-0.494057,0.477505,-41881.43812,0.394572,-0.209442,0.480117,-6.96409,5.024622,6.457301,2.234237,0.445844,0.000431,0.289872,0.000528,0.383872,0.00067,0,6.573288,46.999935,-0.041376,-42,180.9,2456814.86762,22.776089,22.776204,0,-9999999,1.650926,1.888098,0.82612,1.528212,0.956877,0.51,225,-6.988198,5.033638,2014-06-06T08:42:08.664,-9999999,G2,192.C-0852(A),Udry,-9999999,HARPS_ech_obs_all,HARPS_ech_obs_wavesimult,STAR_WAVE_G8,-9999999.0,-9999999.0,-9999999,-9999999
83497,GJ796,310.050651,-23.77213,2456814.8705792,-1.831775,0.967789,-41883.800641,1.043861,-0.932423,0.504121,-41880.627052,0.417169,-0.806708,0.50672,-3.897787,4.857868,5.330925,2.154635,0.445575,0.000454,0.290425,0.000558,0.384722,0.000708,0,6.573216,46.997474,-0.038463,-42,171.4,2456814.87057,22.76827,22.76838,0,-9999999,1.650927,1.88718,0.826122,1.522662,0.956879,0.5,225,-3.915567,4.863078,2014-06-06T08:46:26.001,-9999999,G2,192.C-0852(A),Udry,-9999999,HARPS_ech_obs_all,HARPS_ech_obs_wavesimult,STAR_WAVE_G8,9.11367588557952e-06,4.83065257909607e-07,0,0
83498,GJ796,310.050651,-23.77213,2456817.8184645,2.707529,0.962173,-41881.483883,1.054165,1.98646,0.469027,-41878.964317,0.384939,2.047211,0.47134,-1.143511,5.210425,8.620885,2.30723,0.446945,0.000426,0.290345,0.000524,0.384426,0.000665,0,6.577046,46.986205,-0.046188,-42,182.5,2456817.81845,21.918594,21.918744,0,-9999999,1.652186,0.26676,0.840113,0.86738,0.98137,0.47,450,-1.189383,5.230035,2014-06-09T07:29:25.314,-9999999,G2,192.C-0852(A),Udry,-9999999,HARPS_ech_obs_all,HARPS_ech_obs_wavesimult,STAR_WAVE_G8,9.92758806152981e-06,4.0625358841752e-07,0,0
83499,GJ796,310.050651,-23.77213,2456817.8242083,1.428878,0.959295,-41882.719169,1.053012,0.706025,0.463091,-41880.210397,0.381764,0.871051,0.465422,-1.57001,5.26748,9.298913,2.221752,0.447146,0.000424,0.290949,0.000521,0.385485,0.000662,0,6.576832,46.97187,-0.042709,-42,183.7,2456817.82421,21.903403,21.903512,1,-9999999,1.652189,0.264975,0.840115,0.856583,0.981372,0.5,450,-1.599402,5.281362,2014-06-09T07:37:28.044,-9999999,G2,192.C-0852(A),Udry,-9999999,HARPS_ech_obs_all,HARPS_ech_obs_wavesimult,STAR_WAVE_G8,8.9808515441527e-06,4.18004005841161e-07,0,0
83500,GJ796,310.050651,-23.77213,2456931.6057055,2.694931,0.822101,-41879.43552,0.990669,1.396729,0.274227,-41878.156194,0.215814,1.249802,0.273493,-12.839368,3.327323,14.865401,1.916439,0.446945,0.000251,0.286424,0.000299,0.387351,0.000388,0,6.58913,46.883201,-0.038869,-42,318.1,2456931.6057,-26.408479,-26.408417,1,-9999999,1.700773,-0.310374,0.775015,-0.421447,0.966876,0.51,900,-12.853123,3.355735,2014-10-01T02:20:34.464,-9999999,G2,192.C-0852(A),Udry,-9999999,HARPS_ech_obs_all,HARPS_ech_obs_wavesimult,STAR_WAVE_G8,1.01161066117686e-05,2.75774165785584e-07,0,0
83501,GJ796,310.050651,-23.77213,2457204.7998043,-1.522983,0.937288,-41867.513121,0.737626,-4.852585,0.486591,-41867.214375,0.418402,10.435525,0.497615,-1.238712,8.270301,28.676414,3.192784,0.448354,0.000487,0.295176,0.000567,0.391171,0.000719,0,6.590767,46.820931,-0.027008,-42,166.7,2457204.7998,13.373833,13.374004,0,-9999999,1.817427,-1.387217,0.801086,-1.518681,0.60748,0.49,450,-1.226435,8.309871,2015-07-01T07:00:32.774,-9999999,G2,192.C-0852(A),Udry,-9999999,HARPS_ech_obs_all,HARPS_ech_obs_wavesimult,STAR_WAVE_G8,9.63115277030945e-06,4.44421370385896e-07,0,0
83502,GJ796,310.050651,-23.77213,2457204.8055771,-1.830049,0.923237,-41867.726526,0.725494,-5.149081,0.458931,-41867.42765,0.396605,10.059193,0.470339,-7.093487,6.36731,27.0921,3.093434,0.448161,0.000464,0.289606,0.000541,0.391378,0.000683,0,6.587009,46.828677,-0.027834,-42,175.3,2457204.80558,13.357841,13.358014,0,-9999999,1.81743,-1.376647,0.801092,-1.518554,0.607492,0.53,450,-7.118298,6.417061,2015-07-01T07:08:33.520,-9999999,G2,192.C-0852(A),Udry,-9999999,HARPS_ech_obs_all,HARPS_ech_obs_wavesimult,STAR_WAVE_G8,1.13502309808062e-05,3.7623511570298e-07,0,0
83503,GJ796,310.050651,-23.77213,2457256.6294815,-0.377978,0.656704,-41865.361078,0.743465,-2.162559,0.242134,-41863.146446,0.216049,12.907776,0.269547,1.547994,7.633952,28.310429,2.848606,0.441817,0.000257,0.287927,0.000301,0.391752,0.000383,0,6.591678,46.802364,-0.027479,-42,313.4,2457256.62948,-11.41188,-11.411691,0,-9999999,1.839559,0.157804,0.610435,0.375073,0.711381,0.51,900,1.535682,7.697069,2015-08-22T02:51:02.169,-9999999,G2,192.C-0852(A),Udry,-9999999,HARPS_ech_obs_all,HARPS_ech_obs_wavesimult,STAR_WAVE_G8,9.3720576390201e-06,2.80266299240099e-07,0,0
83504,GJ796,310.050651,-23.77213,2457291.592098,-0.743061,0.568488,-41866.056774,0.880955,0.895426,0.233786,-41859.687051,0.212036,16.253227,0.268832,11.434676,11.3385,29.54848,2.939293,0.446824,0.000242,0.287051,0.000285,0.391266,0.000365,0,6.596248,46.776721,-0.027855,-42,329.8,2457291.59209,-24.952246,-24.952156,0,-9999999,1.854488,3.580873,0.518192,4.515235,0.855057,0.49,900,11.481065,11.37223,2015-09-26T02:00:38.426,-9999999,G2,192.C-0852(A),Udry,-9999999,HARPS_ech_obs_all,HARPS_ech_obs_wavesimult,STAR_WAVE_G8,9.16967578368556e-06,2.56911404093364e-07,0,0
83505,GJ796,310.050651,-23.77213,2457292.6534618,1.388277,0.781977,-41862.828638,0.799752,-1.299773,0.240903,-41861.614943,0.217726,14.287626,0.274507,4.549139,8.594118,31.553371,2.887926,0.44706,0.000242,0.292843,0.000287,0.392189,0.000369,0,6.598524,46.759174,-0.024468,-42,326.4,2457292.65345,-25.377901,-25.377809,0,-9999999,1.854941,-0.745664,0.743945,-0.641246,0.769545,0.53,900,4.529418,8.650323,2015-09-27T03:28:31.907,-9999999,G2,192.C-0852(A),Udry,-9999999,HARPS_ech_obs_all,HARPS_ech_obs_wavesimult,STAR_WAVE_G8,9.8816052832793e-06,2.93280636645057e-07,0,0
83506,GJ796,310.050651,-23.77213,2457299.5954859,3.316431,0.593616,-41861.328239,0.58812,3.506049,0.329123,-41857.260426,0.293222,19.292657,0.359557,7.819018,11.945605,38.48881,3.046925,0.44915,0.000344,0.287089,0.000401,0.392809,0.000514,0,6.599557,46.713469,-0.024272,-42,235.5,2457299.59548,-27.032491,-27.032429,0,-9999999,1.857905,2.132004,0.494022,2.209908,0.50981,0.5,450,7.816204,11.985554,2015-10-04T02:10:06.887,-9999999,G2,192.C-0852(A),Udry,-9999999,HARPS_ech_obs_all,HARPS_ech_obs_wavesimult,STAR_WAVE_G8,1.09141167010109e-05,3.09984434529901e-07,0,0
83507,GJ796,310.050651,-23.77213,2457299.6011036,3.050678,0.5881,-41861.61445,0.58401,3.250582,0.319082,-41857.546511,0.284912,18.996188,0.35004,2.644114,12.325633,38.582704,2.866879,0.449147,0.000334,0.286662,0.000389,0.393652,0.000499,0,6.600798,46.707154,-0.023567,-42,242.6,2457299.6011,-27.045596,-27.045542,0,-9999999,1.857908,2.142289,0.494012,2.210031,0.509797,0.51,450,2.655252,12.358023,2015-10-04T02:18:07.804,-9999999,G2,192.C-0852(A),Udry,-9999999,HARPS_ech_obs_all,HARPS_ech_obs_wavesimult,STAR_WAVE_G8,1.05123831089898e-05,3.36077742699131e-07,0,0
83508,GJ796,310.050651,-23.77213,2457303.6591973,1.820755,0.650342,-41862.49706,0.643254,1.828141,0.425058,-41858.547181,0.371101,17.932123,0.448934,12.322946,8.122427,33.371264,3.287676,0.448594,0.000412,0.286876,0.000497,0.392361,0.000636,0,6.59312,46.752394,-0.023712,-42,189.8,2457303.65919,-28.020122,-28.020077,0,-9999999,1.85964,1.949772,0.49221,2.090239,0.525414,0.5,450,12.319191,8.181877,2015-10-08T03:42:23.545,-9999999,G2,192.C-0852(A),Udry,-9999999,HARPS_ech_obs_all,HARPS_ech_obs_wavesimult,STAR_WAVE_G8,9.50837283776659e-06,4.7377631913481e-07,0,0
83509,GJ796,310.050651,-23.77213,2457303.6647608,1.296941,0.652913,-41862.906037,0.64543,1.314514,0.428985,-41858.956033,0.374866,17.136971,0.452183,11.516642,8.970331,35.126443,3.005192,0.448626,0.000417,0.286243,0.000502,0.391814,0.000643,0,6.594109,46.749898,-0.022282,-42,187.8,2457303.66476,-28.029046,-28.029001,0,-9999999,1.859643,1.959958,0.492206,2.090361,0.525409,0.5,450,11.517853,9.013636,2015-10-08T03:50:24.270,-9999999,G2,192.C-0852(A),Udry,-9999999,HARPS_ech_obs_all,HARPS_ech_obs_wavesimult,STAR_WAVE_G8,9.73948894652426e-06,4.76367136425338e-07,0,0
83510,GJ796,310.050651,-23.77213,2457307.5505074,-2.036474,0.511592,-41866.508078,0.570993,-2.058638,0.244141,-41862.463919,0.223449,13.703256,0.279043,-9.372443,9.400163,26.624735,3.038333,0.446976,0.000243,0.29048,0.000287,0.391942,0.00037,0,6.592709,46.787362,-0.02479,-42,325.9,2457307.5505,-28.52285,-28.522833,0,-9999999,1.861302,1.920221,0.449579,2.182857,0.525456,0.51,450,-9.408604,9.451548,2015-10-12T01:06:19.734,-9999999,G2,192.C-0852(A),Udry,-9999999,HARPS_ech_obs_all,HARPS_ech_obs_thosimult,STAR_WAVE_G8,9.14641284028022e-06,3.15442950910151e-07,0,0
83511,GJ796,310.050651,-23.77213,2457307.556028,-1.81688,0.514994,-41866.13008,0.573163,-1.828936,0.25122,-41862.085798,0.228978,14.018912,0.286089,-10.319001,9.777204,25.669799,3.164541,0.446318,0.000249,0.29033,0.000294,0.391098,0.000379,0,6.59163,46.803072,-0.024249,-42,317.5,2457307.55602,-28.53605,-28.536025,0,-9999999,1.861304,1.930329,0.449564,2.182978,0.525438,0.5,450,-10.346829,9.822133,2015-10-12T01:14:21.259,-9999999,G2,192.C-0852(A),Udry,-9999999,HARPS_ech_obs_all,HARPS_ech_obs_thosimult,STAR_WAVE_G8,8.84089471193974e-06,3.22299420499178e-07,0,0
83512,GJ796,310.050651,-23.77213,2457311.5655813,-1.97022,0.565455,-41866.758522,0.569654,-2.160766,0.21729,-41862.633709,0.197601,13.573016,0.252832,10.961511,8.751953,21.39719,3.062382,0.440972,0.000216,0.285014,0.000257,0.382636,0.000331,0,6.588748,46.840943,-0.027336,-42,363.3,2457311.56557,-29.151267,-29.151241,0,-9999999,1.863016,1.75184,0.522039,2.261797,0.534284,0.5,900,10.911102,8.804353,2015-10-16T01:24:54.843,-9999999,G2,192.C-0852(A),Udry,-9999999,HARPS_ech_obs_all,HARPS_ech_obs_thosimult,STAR_WAVE_G8,1.04726279192426e-05,2.71275993405717e-07,0,0
