,target,ra,dec,BJD,RV_mlc_nzp,e_RV_mlc_nzp,RV_drs_nzp,e_RV_drs_nzp,RV_mlc,e_RV_mlc,RV_drs,e_RV_drs,RV_mlc_j,e_RV_mlc_j,CRX,e_CRX,dLW,e_dLW,Halpha,e_Halpha,NaD1,e_NaD1,NaD2,e_NaD2,f_RV,FWHM_DRS,CONTRAST_DRS,BIS,RVGUESS,SNR_DRS,BJD_DRS,BERV,BERV_DRS,DRIFT,e_DRIFT,SA,NZP_mlc,dNZP_mlc,NZP_drs,dNZP_drs,TMMEAN,EXPTIME,MLCRX,E_MLCRX,TIMEID,DRIFT_LAMP,MASK,PROGID,PROGPI,AIRMASS,OBHAB,THAR_FP,DPR_TYPE,RHKp,dRHKp,vsinflag,metflag
149882,GJ3701,180.918203,-42.4348,2453777.8296878,-45.27964,1.900117,20195.412004,1.112885,-127.869453,1.696123,20194.044155,0.525268,-127.71875,1.696434,47.998061,20.91815,28.371957,2.984493,0.390462,0.000235,0.54341,0.000416,0.668451,0.000512,0,2.088027,0.374369,-3.065272,0,319.1,2453777.82979,20.351734,20.351386,0,-9999999,0.0,-1.005861,0.856512,-1.367849,0.981125,0.45,136,48.186183,20.933665,2006-02-11T07:50:21.626,-9999999,G2,076.C-0279(A),Galland,-9999999,HARPS_ech_obs_all,HARPS_ech_obs_objA,STAR_DARK_F6,1.22028518673018e-05,4.81054404095373e-06,1,1
149883,GJ3701,180.918203,-42.4348,2453777.8316451,-48.683128,1.944917,20282.42309,1.121818,-131.273555,1.746164,20281.051562,0.543938,-131.18489,1.746105,46.860399,20.256894,30.889953,3.188611,0.39009,0.000242,0.543306,0.000428,0.669556,0.000528,0,2.093678,0.387812,-3.066885,0,309.6,2453777.83175,20.347647,20.347289,0,-9999999,0.0,-1.006476,0.856513,-1.371528,0.981126,0.43,136,46.261993,20.197905,2006-02-11T07:53:13.444,-9999999,G2,076.C-0279(A),Galland,-9999999,HARPS_ech_obs_all,HARPS_ech_obs_objA,STAR_DARK_F6,1.25113393992009e-05,5.31171347048164e-06,1,1
149884,GJ3701,180.918203,-42.4348,2453779.7492721,-69.455547,2.01354,20160.821937,1.138737,-153.786344,1.865599,20159.63531,0.578062,-153.703596,1.865737,33.320111,24.226931,68.668701,2.021414,0.391013,0.000262,0.544966,0.000463,0.671124,0.000571,0,2.061347,0.358995,-3.156506,0,283.8,2453779.74938,20.063536,20.063192,0,-9999999,0.00034,-2.746846,0.757552,-1.186967,0.981105,0.47,179,33.40135,24.23617,2006-02-13T05:53:59.611,-9999999,G2,076.C-0279(B),Galland,-9999999,HARPS_ech_obs_all,HARPS_ech_obs_objA,STAR_DARK_F6,1.28308302931259e-05,5.28681482130065e-06,1,1
149885,GJ3701,180.918203,-42.4348,2453779.7516404,-68.936665,2.037492,20200.288669,1.143847,-153.268206,1.891425,20199.097591,0.588064,-153.19033,1.891328,30.009171,20.208999,62.842639,2.317534,0.39088,0.000269,0.544242,0.000474,0.672917,0.000585,0,2.122708,0.354991,-3.149106,0,277.4,2453779.75174,20.058776,20.058436,0,-9999999,0.00034,-2.747589,0.757552,-1.191418,0.981105,0.43,179,29.946623,20.18653,2006-02-13T05:57:31.383,-9999999,G2,076.C-0279(B),Galland,-9999999,HARPS_ech_obs_all,HARPS_ech_obs_objA,STAR_DARK_F6,1.20582010062213e-05,4.40704722648502e-06,1,1
149886,GJ3701,180.918203,-42.4348,2453780.7092586,-59.6857,2.396675,20121.800402,1.185326,-142.081455,2.238409,20120.779619,0.665159,-142.147254,2.238418,18.446049,24.529522,75.392805,3.643011,0.392695,0.000308,0.545865,0.000546,0.674713,0.000674,0,2.057998,0.350478,-2.999045,0,241.4,2453780.70937,19.904735,19.9044,0,-9999999,0.00051,-0.811803,0.856491,-1.021293,0.981102,0.46,179,18.251883,24.505669,2006-02-14T04:56:18.610,-9999999,G2,076.C-0279(B),Galland,-9999999,HARPS_ech_obs_all,HARPS_ech_obs_objA,STAR_DARK_F6,1.28587718318611e-05,4.10345920056975e-06,1,1
149887,GJ3701,180.918203,-42.4348,2453780.7116956,-58.062503,2.099735,20123.61196,1.129481,-140.459023,1.91711,20122.586596,0.559613,-140.397842,1.917263,10.716359,18.094527,73.837109,3.450231,0.392649,0.000258,0.547049,0.000455,0.675479,0.000562,0,2.115172,0.357121,-3.114755,0,289.9,2453780.7118,19.900298,19.899964,0,-9999999,0.00051,-0.812569,0.856491,-1.025874,0.981102,0.45,179,10.871876,18.110387,2006-02-14T04:59:50.942,-9999999,G2,076.C-0279(B),Galland,-9999999,HARPS_ech_obs_all,HARPS_ech_obs_objA,STAR_DARK_F6,1.14231271013061e-05,4.96463620770807e-06,1,1
149888,GJ3701,180.918203,-42.4348,2453780.7987247,-87.610187,2.08957,20147.184941,1.137469,-170.034045,1.905966,20145.996021,0.575543,-169.995442,1.906152,5.727994,19.941463,69.558169,3.780363,0.393073,0.000259,0.542456,0.000458,0.669222,0.000565,0,2.089144,0.374625,-2.902848,0,289.8,2453780.79883,19.724482,19.724118,0,-9999999,0.000526,-0.839906,0.856503,-1.189446,0.981115,0.45,179,6.051442,19.991906,2006-02-14T07:05:09.900,-9999999,G2,076.C-0279(B),Galland,-9999999,HARPS_ech_obs_all,HARPS_ech_obs_objA,STAR_DARK_F6,1.39385877755696e-05,4.61615004315526e-06,1,1
149889,GJ3701,180.918203,-42.4348,2453780.8011812,-88.339819,2.03928,20217.592718,1.125636,-170.764449,1.850693,20216.399181,0.551786,-170.736413,1.85109,3.313329,18.59406,70.846735,3.694263,0.392983,0.000245,0.542233,0.000435,0.669656,0.000538,0,2.146339,0.370836,-2.937833,0,305.0,2453780.80129,19.719269,19.718901,0,-9999999,0.000526,-0.840678,0.856504,-1.194063,0.981116,0.45,179,3.34551,18.563199,2006-02-14T07:08:42.122,-9999999,G2,076.C-0279(B),Galland,-9999999,HARPS_ech_obs_all,HARPS_ech_obs_objA,STAR_DARK_F6,1.33661059020749e-05,4.19369037429752e-06,1,1
149890,GJ3701,180.918203,-42.4348,2453780.8290726,-94.42846,2.099042,20105.111302,1.135613,-176.861851,1.916342,20103.865348,0.571848,-176.69039,1.916476,-34.979749,20.49644,71.792761,3.57554,0.39274,0.000254,0.542901,0.000452,0.669159,0.000557,0,2.013064,0.374607,-3.059677,0,293.9,2453780.82917,19.660345,19.659987,0,-9999999,0.000531,-0.849439,0.856512,-1.246485,0.981125,0.43,179,-34.800938,20.460556,2006-02-14T07:48:55.235,-9999999,G2,076.C-0279(B),Galland,-9999999,HARPS_ech_obs_all,HARPS_ech_obs_objA,STAR_DARK_F6,1.55015149787418e-05,8.52348776483215e-06,1,1
149891,GJ3701,180.918203,-42.4348,2453780.8315508,-97.107011,2.085406,20160.56462,1.134715,-179.541181,1.901395,20159.31401,0.570061,-179.531943,1.901447,-3.187006,23.31898,69.703217,3.393659,0.392272,0.000249,0.542403,0.000445,0.668034,0.000548,0,2.104475,0.360699,-3.035225,0,298.3,2453780.83165,19.655164,19.654821,0,-9999999,0.000532,-0.850218,0.856513,-1.251142,0.981126,0.44,179,-2.827726,23.231162,2006-02-14T07:52:27.545,-9999999,G2,076.C-0279(B),Galland,-9999999,HARPS_ech_obs_all,HARPS_ech_obs_objA,STAR_DARK_F6,1.41814661900737e-05,9.84314321248587e-06,1,1
149892,GJ3701,180.918203,-42.4348,2453807.7051944,-165.005657,1.93834,20111.175719,1.124132,-246.994883,1.738846,20110.281985,0.548737,-246.883688,1.738693,-7.058782,27.487783,54.686,1.979476,0.390189,0.000242,0.552781,0.000434,0.679029,0.00053,0,1.673832,0.297407,-3.013249,0,307.6,2453807.7053,11.583132,11.582726,0,-9999999,0.005291,-0.405275,0.856491,-0.899025,0.981102,0.43,179,-6.916874,27.453252,2006-03-13T04:48:29.047,-9999999,G2,076.C-0279(C),Galland,-9999999,HARPS_ech_obs_all,HARPS_ech_obs_objA,STAR_DARK_F6,1.22396201725144e-05,3.93543060736695e-06,1,1
149893,GJ3701,180.918203,-42.4348,2453807.7076702,-166.238959,1.995737,20089.730219,1.137268,-248.228963,1.802606,20088.831833,0.575168,-248.277979,1.802874,-0.18513,23.601374,55.913531,1.838629,0.389402,0.000253,0.552802,0.000455,0.67902,0.000555,0,1.643262,0.292588,-3.196713,0,293.8,2453807.70777,11.577616,11.577198,0,-9999999,0.005292,-0.406052,0.856491,-0.903678,0.981102,0.43,179,0.039309,23.637079,2006-03-13T04:52:02.948,-9999999,G2,076.C-0279(C),Galland,-9999999,HARPS_ech_obs_all,HARPS_ech_obs_objA,STAR_DARK_F6,1.18198220183383e-05,4.76681357059217e-06,1,1
149894,GJ3701,180.918203,-42.4348,2455170.8027533,-21.88822,2.299875,39461.420758,1.042577,-103.472661,2.134438,39459.837249,0.67175,-103.375204,2.134238,-11.133629,25.146461,55.287259,1.93259,0.387426,0.000307,0.553505,0.000541,0.676942,0.000666,0,20.638699,11.724398,-0.038554,-99999,244.8,2455170.80275,19.289079,19.289118,0,-9999999,0.246709,-0.000489,0.856504,-1.830218,0.79732,0.52,179,-10.809113,25.115138,2009-12-05T07:18:20.429,-9999999,G2,184.C-0815(E),Desort,-9999999,HARPS_ech_obs_all,HARPS_ech_obs_objA,STAR_DARK_F6,1.03933925023681e-05,5.00407912572047e-06,1,1
149895,GJ3701,180.918203,-42.4348,2455170.8051771,-31.156423,2.609919,39448.786014,1.112524,-112.741626,2.465376,39447.19795,0.77588,-112.657837,2.46494,18.957247,28.80566,53.645139,3.112572,0.38789,0.000359,0.551008,0.000632,0.677109,0.00078,0,20.661053,11.730328,-0.021994,-99999,209.0,2455170.80517,19.287918,19.287963,0,-9999999,0.24671,-0.001251,0.856505,-1.834774,0.797321,0.51,179,18.723838,28.82275,2009-12-05T07:21:51.630,-9999999,G2,184.C-0815(E),Desort,-9999999,HARPS_ech_obs_all,HARPS_ech_obs_objA,STAR_DARK_F6,9.51382128548853e-06,6.0676461996917e-06,1,1
149896,GJ3701,180.918203,-42.4348,2455343.5689718,-103.678522,2.200672,39370.006641,1.189706,-185.282805,2.027152,39370.708234,0.672899,-185.212475,2.02724,-12.030612,17.72338,22.615472,3.403606,0.387154,0.000297,0.550442,0.000518,0.67531,0.000635,0,19.718995,11.769767,0.001418,-99999,259.1,2455343.56897,-16.251331,-16.251422,0,-9999999,0.277308,-0.020331,0.856512,0.424285,0.981125,0.49,232,-11.924751,17.702478,2010-05-27T01:32:41.172,-9999999,G2,184.C-0815(B),Desort,-9999999,HARPS_ech_obs_all,HARPS_ech_obs_objA,STAR_DARK_F6,9.78235252531985e-06,4.32862270035544e-06,1,1
149897,GJ3701,180.918203,-42.4348,2455343.5720316,-99.079268,2.147369,39373.80935,1.178466,-180.684512,1.969158,39374.505192,0.652822,-180.592503,1.969444,33.236692,18.866939,20.064885,4.190981,0.386871,0.000287,0.54988,0.000499,0.675411,0.000612,0,19.689927,11.766463,-0.001342,-99999,268.5,2455343.57203,-16.257704,-16.257793,0,-9999999,0.277308,-0.021292,0.856511,0.418534,0.981124,0.49,232,33.345746,18.88309,2010-05-27T01:37:05.557,-9999999,G2,184.C-0815(B),Desort,-9999999,HARPS_ech_obs_all,HARPS_ech_obs_objA,STAR_DARK_F6,9.36928524091747e-06,4.90111460830605e-06,1,1
149898,GJ3701,180.918203,-42.4348,2455343.6431169,-97.445436,2.191634,39382.030393,1.180241,-179.073009,2.017344,39382.592642,0.656049,-178.939159,2.017897,-15.076137,20.541676,18.297469,4.091256,0.387359,0.000285,0.550914,0.0005,0.675302,0.000613,0,19.713207,11.786589,-0.015128,-99999,268.1,2455343.64311,-16.392278,-16.39235,0,-9999999,0.277321,-0.043621,0.856495,0.284928,0.981106,0.5,232,-14.913153,20.579889,2010-05-27T03:19:25.331,-9999999,G2,184.C-0815(B),Desort,-9999999,HARPS_ech_obs_all,HARPS_ech_obs_objA,STAR_DARK_F6,1.05801010665252e-05,5.81237827487351e-06,1,1
149899,GJ3701,180.918203,-42.4348,2455343.6461958,-99.994407,2.179444,39374.278941,1.176998,-181.622947,2.004094,39374.835404,0.650197,-181.539761,2.00442,-16.445746,20.768867,17.505907,3.84417,0.387134,0.000286,0.550468,0.0005,0.676002,0.000613,0,19.694349,11.795065,-0.008363,-99999,268.4,2455343.64619,-16.397333,-16.397409,0,-9999999,0.277322,-0.044589,0.856494,0.279141,0.981106,0.51,232,-16.425702,20.75484,2010-05-27T03:23:49.046,-9999999,G2,184.C-0815(B),Desort,-9999999,HARPS_ech_obs_all,HARPS_ech_obs_objA,STAR_DARK_F6,1.17690925943825e-05,5.60963489354972e-06,1,1
149900,GJ3701,180.918203,-42.4348,2455346.589993,-29.89768,2.137077,39453.603348,1.179107,-111.727783,1.957931,39454.309382,0.653988,-111.674473,1.958329,28.226512,18.780781,55.872974,2.614145,0.387763,0.000279,0.553956,0.000494,0.677309,0.000604,0,20.135987,11.591252,-0.058863,-99999,272.6,2455346.58999,-17.120762,-17.120841,0,-9999999,0.277843,-0.246151,0.856506,0.428191,0.981118,0.51,233,28.287431,18.772418,2010-05-30T02:03:06.987,-9999999,G2,184.C-0815(B),Desort,-9999999,HARPS_ech_obs_all,HARPS_ech_obs_objA,STAR_DARK_F6,1.09949848065195e-05,4.82423405467332e-06,1,1
149901,GJ3701,180.918203,-42.4348,2455346.5929997,-31.341682,2.092787,39448.613431,1.171113,-113.172729,1.909491,39449.313814,0.639464,-113.320871,1.909631,-10.4299,20.198177,55.141977,2.681541,0.387613,0.000271,0.553506,0.00048,0.676239,0.000587,0,20.141632,11.597246,-0.053526,-99999,280.2,2455346.59299,-17.126589,-17.126659,0,-9999999,0.277843,-0.247095,0.856505,0.42254,0.981118,0.49,233,-10.440262,20.210078,2010-05-30T02:07:31.442,-9999999,G2,184.C-0815(B),Desort,-9999999,HARPS_ech_obs_all,HARPS_ech_obs_objA,STAR_DARK_F6,1.23931247918421e-05,6.44716548376046e-06,1,1
149902,GJ3701,180.918203,-42.4348,2455346.6718527,-27.240232,3.770813,39453.487774,1.477633,-109.096049,3.672254,39454.039966,1.104915,-108.929374,3.671899,5.156265,33.562594,52.558514,3.5183,0.387061,0.000537,0.55873,0.000958,0.676131,0.001179,0,20.135717,11.579922,-0.037858,-99999,139.6,2455346.67184,-17.25636,-17.256433,0,-9999999,0.277857,-0.271865,0.856492,0.274335,0.981103,0.49,232,5.084063,33.534427,2010-05-30T04:01:04.924,-9999999,G2,184.C-0815(B),Desort,-9999999,HARPS_ech_obs_all,HARPS_ech_obs_objA,STAR_DARK_F6,1.3217937228063e-05,9.07879415422135e-06,1,1
149903,GJ3701,180.918203,-42.4348,2455346.675044,-34.33782,3.633974,39449.845353,1.449733,-116.194639,3.531599,39450.391548,1.067316,-115.979822,3.531974,-8.332998,31.893222,56.407735,3.759225,0.388568,0.000515,0.553082,0.000922,0.677177,0.001127,0,20.104456,11.578957,-0.058558,-99999,146.0,2455346.67504,-17.260473,-17.260552,0,-9999999,0.277858,-0.272867,0.856491,0.268337,0.981103,0.54,232,-8.523965,31.902818,2010-05-30T04:05:29.049,-9999999,G2,184.C-0815(B),Desort,-9999999,HARPS_ech_obs_all,HARPS_ech_obs_objA,STAR_DARK_F6,1.24122064635893e-05,6.98260273159147e-06,1,1
149904,GJ3701,180.918203,-42.4348,2455385.5552661,-35.437759,2.482775,39444.456904,1.236309,-116.882562,2.330354,39445.235309,0.752225,-116.741657,2.329547,5.040918,25.898232,50.57654,2.915822,0.387574,0.00032,0.55871,0.00057,0.680653,0.000705,0,20.362602,11.702161,0.01842,-99999,234.1,2455385.55526,-23.26725,-23.267244,0,-9999999,0.284744,0.139149,0.856517,0.493661,0.981131,0.51,232,5.200109,25.813715,2010-07-08T01:16:59.912,-9999999,G2,184.C-0815(F),Desort,-9999999,HARPS_ech_obs_all,HARPS_ech_obs_objA,STAR_DARK_F6,1.26553782160251e-05,6.01798871167442e-06,1,1
149905,GJ3701,180.918203,-42.4348,2455385.5583198,-42.579422,2.513074,39434.244371,1.244905,-124.025184,2.362609,39435.017038,0.766273,-123.848111,2.361867,-59.881511,18.78058,47.112073,3.026312,0.387333,0.000331,0.557581,0.000587,0.679807,0.000726,0,20.335048,11.691156,0.024049,-99999,227.5,2455385.55832,-23.270716,-23.270703,0,-9999999,0.284745,0.13819,0.856516,0.487922,0.981129,0.51,232,-59.944603,18.715923,2010-07-08T01:21:23.776,-9999999,G2,184.C-0815(F),Desort,-9999999,HARPS_ech_obs_all,HARPS_ech_obs_objA,STAR_DARK_F6,1.19835963946312e-05,4.55508920910843e-06,1,1
149906,GJ3701,180.918203,-42.4348,2455386.4744692,-41.378624,2.212443,39452.462305,1.190105,-122.835982,2.039906,39453.333724,0.673536,-122.813722,2.039649,-68.634763,20.348142,71.479027,3.175244,0.389579,0.000303,0.559367,0.000517,0.683258,0.000641,0,20.681406,11.492918,-0.235155,-99999,259.4,2455386.47446,-23.185954,-23.185936,0,-9999999,0.284907,0.126594,0.856556,0.586512,0.981172,0.51,179,-68.569661,20.297779,2010-07-08T23:21:12.146,-9999999,G2,184.C-0815(F),Desort,-9999999,HARPS_ech_obs_all,HARPS_ech_obs_objA,STAR_DARK_F6,1.22122448982196e-05,7.29508825170022e-06,1,1
149907,GJ3701,180.918203,-42.4348,2455386.4769121,-42.524536,2.148225,39453.872168,1.17449,-123.982661,1.970073,39454.738995,0.645547,-123.801424,1.969843,-69.773805,24.226362,69.295221,2.864331,0.389251,0.000291,0.559889,0.000496,0.683057,0.000615,0,20.673412,11.485229,-0.239024,-99999,270.4,2455386.4769,-23.190167,-23.190156,0,-9999999,0.284907,0.125826,0.856554,0.58192,0.98117,0.51,179,-69.74276,24.156462,2010-07-08T23:24:43.228,-9999999,G2,184.C-0815(F),Desort,-9999999,HARPS_ech_obs_all,HARPS_ech_obs_objA,STAR_DARK_F6,1.08037492248057e-05,4.17310472553385e-06,1,1
149908,GJ3701,180.918203,-42.4348,2455386.5589159,-43.80269,2.442586,39439.209881,1.209544,-125.286575,2.287489,39439.922596,0.707377,-125.178452,2.287453,-54.596583,25.610193,76.647271,2.914396,0.390656,0.000294,0.559034,0.000524,0.681729,0.000649,0,20.746099,11.49292,-0.258302,-99999,254.6,2455386.55891,-23.307471,-23.30746,0,-9999999,0.284922,0.100067,0.856516,0.427793,0.981129,0.52,179,-54.211532,25.510401,2010-07-09T01:22:47.104,-9999999,G2,184.C-0815(F),Desort,-9999999,HARPS_ech_obs_all,HARPS_ech_obs_objA,STAR_DARK_F6,1.24500087226083e-05,4.73502076743821e-06,1,1
149909,GJ3701,180.918203,-42.4348,2455386.5613133,-49.837629,2.574157,39434.450533,1.237484,-131.322267,2.427481,39435.158742,0.754157,-131.285681,2.427605,-33.413198,25.238987,73.36947,2.898358,0.39052,0.00032,0.559648,0.000569,0.681879,0.000703,0,20.807258,11.505243,-0.269472,-99999,234.8,2455386.56131,-23.310032,-23.310024,0,-9999999,0.284922,0.099314,0.856515,0.423287,0.981128,0.5,179,-33.489692,25.141928,2010-07-09T01:26:17.846,-9999999,G2,184.C-0815(F),Desort,-9999999,HARPS_ech_obs_all,HARPS_ech_obs_objA,STAR_DARK_F6,1.40455198608868e-05,4.31271324057763e-06,1,1
149910,GJ3701,180.918203,-42.4348,2455565.8244128,32.195236,1.909995,39497.226095,1.116879,-49.1973,1.707182,39497.083814,0.533682,-49.064687,1.707234,1.090549,24.097038,40.96916,1.888443,0.390705,0.000229,0.547057,0.000396,0.678608,0.000485,0,20.263718,11.694454,0.378108,-99999,335.7,2455565.8244,23.87018,23.870165,0,-9999999,0.316671,0.191416,0.85651,-0.458952,0.981123,0.5,279,1.14503,24.034824,2011-01-04T07:45:37.522,-9999999,G2,184.C-0815(F),Desort,-9999999,HARPS_ech_obs_all,HARPS_ech_obs_objA,STAR_DARK_F6,1.2407524765477e-05,5.08044781702602e-06,1,1
149911,GJ3701,180.918203,-42.4348,2455565.8279533,38.898499,1.904673,39503.995398,1.114594,-42.495149,1.701225,39503.846464,0.52888,-42.330135,1.701193,5.733881,24.046076,39.432721,2.097292,0.390267,0.000225,0.547375,0.00039,0.678148,0.000479,0,20.245553,11.704669,0.369537,-99999,340.4,2455565.82794,23.864618,23.864616,0,-9999999,0.316672,0.190304,0.856511,-0.465606,0.981124,0.48,279,5.441895,23.996902,2011-01-04T07:50:48.969,-9999999,G2,184.C-0815(F),Desort,-9999999,HARPS_ech_obs_all,HARPS_ech_obs_objA,STAR_DARK_F6,1.10175993219959e-05,4.61137730890722e-06,1,1
149912,GJ3701,180.918203,-42.4348,2455566.8098759,79.768273,1.896233,39557.483031,1.113511,-1.792315,1.691773,39557.343711,0.526606,-1.716461,1.691995,0.681522,16.820931,29.349661,2.982507,0.388419,0.00022,0.548302,0.000383,0.678701,0.00047,0,19.606776,11.639077,0.025523,-99999,346.7,2455566.80987,23.937564,23.937531,0,-9999999,0.316846,0.023364,0.856506,-0.456166,0.981118,0.5,214,0.846602,16.813555,2011-01-05T07:25:07.338,-9999999,G2,184.C-0815(C),Desort,-9999999,HARPS_ech_obs_all,HARPS_ech_obs_objA,STAR_DARK_F6,1.12377740436181e-05,5.78661708804581e-06,1,1
149913,GJ3701,180.918203,-42.4348,2455566.8127209,83.062854,1.87223,39560.237759,1.109233,1.501373,1.664825,39560.093093,0.517497,1.605418,1.664993,0.116191,21.051965,26.292181,2.962681,0.388804,0.000214,0.548042,0.000373,0.678952,0.000458,0,19.62375,11.636331,0.004367,-99999,355.6,2455566.81271,23.933296,23.933289,0,-9999999,0.316847,0.02247,0.856507,-0.461513,0.981119,0.5,214,0.74395,21.09201,2011-01-05T07:29:13.131,-9999999,G2,184.C-0815(C),Desort,-9999999,HARPS_ech_obs_all,HARPS_ech_obs_objA,STAR_DARK_F6,1.03062361992981e-05,4.79857467809265e-06,1,1
149914,GJ3701,180.918203,-42.4348,2455567.8631966,59.349377,1.718685,39546.128231,1.094285,-21.581487,1.55462,39546.10751,0.484589,-21.448543,1.554842,10.715141,22.042239,39.983197,2.114724,0.390248,0.000204,0.546211,0.000349,0.678506,0.000429,0,20.181751,11.672034,-0.289658,-99999,380.6,2455567.86319,23.886198,23.88617,0,-9999999,0.317033,0.653088,0.732825,-0.337754,0.981138,0.5,191,11.393429,22.10781,2011-01-06T08:41:58.627,-9999999,G2,184.C-0815(C),Desort,-9999999,HARPS_ech_obs_all,HARPS_ech_obs_objA,STAR_DARK_F6,1.06486669498988e-05,5.20918749466083e-06,1,1
149915,GJ3701,180.918203,-42.4348,2455567.8656316,58.448888,1.772484,39547.437655,1.106835,-22.482741,1.613897,39547.412358,0.512297,-22.439953,1.613925,33.05441,23.564775,39.646585,2.253914,0.390231,0.000217,0.545358,0.000371,0.678507,0.000457,0,20.2261,11.681513,-0.283102,-99999,357.6,2455567.86563,23.881847,23.881818,0,-9999999,0.317033,0.652323,0.732827,-0.34233,0.98114,0.51,165,33.764435,23.6162,2011-01-06T08:45:40.349,-9999999,G2,184.C-0815(C),Desort,-9999999,HARPS_ech_obs_all,HARPS_ech_obs_objA,STAR_DARK_F6,1.1005164877642e-05,4.46912137391903e-06,1,1
149916,GJ3701,180.918203,-42.4348,2455568.8527974,115.606116,1.867552,39596.230179,1.017906,34.260377,1.672575,39596.035086,0.535304,34.396806,1.67273,-14.893114,19.290678,45.406178,2.010066,0.389841,0.000224,0.545227,0.000387,0.6766,0.000474,0,20.784088,11.825257,-0.191853,-99999,343.6,2455568.85279,23.933164,23.933126,0,-9999999,0.317208,0.238213,0.830809,-0.512301,0.865784,0.5,209,-14.801831,19.208988,2011-01-07T08:26:43.896,-9999999,G2,184.C-0815(F),Desort,-9999999,HARPS_ech_obs_all,HARPS_ech_obs_objA,STAR_DARK_F6,1.18119488804021e-05,5.36667724928683e-06,1,1
149917,GJ3701,180.918203,-42.4348,2455568.8556288,113.854078,1.900099,39592.951381,1.024214,32.50745,1.708839,39592.750966,0.547202,32.627797,1.709254,5.874665,17.030131,45.956127,2.06716,0.390319,0.00023,0.545702,0.000396,0.676606,0.000486,0,20.830679,11.826098,-0.184591,-99999,335.2,2455568.85563,23.928154,23.928101,0,-9999999,0.317208,0.237323,0.83081,-0.517623,0.865785,0.51,209,6.048568,16.955374,2011-01-07T08:30:46.410,-9999999,G2,184.C-0815(F),Desort,-9999999,HARPS_ech_obs_all,HARPS_ech_obs_objA,STAR_DARK_F6,1.28715564460544e-05,9.36117421369458e-06,1,1
149918,GJ3701,180.918203,-42.4348,2455596.7409267,32.641401,1.994135,39498.196932,1.130029,-48.774345,1.800832,39498.687242,0.560714,-48.668388,1.800683,17.545261,21.917591,24.381138,3.189672,0.388849,0.000241,0.538883,0.000417,0.669177,0.000511,0,19.782911,11.72795,0.160583,-99999,317.3,2455596.74092,21.998855,21.998709,0,-9999999,0.322147,0.168205,0.856493,0.168163,0.981104,0.53,232,17.675198,21.808902,2011-02-04T05:42:12.575,-9999999,G2,184.C-0815(F),Desort,-9999999,HARPS_ech_obs_all,HARPS_ech_obs_objA,STAR_DARK_F6,1.21812430669709e-05,5.69550794533779e-06,1,1
149919,GJ3701,180.918203,-42.4348,2455596.7439357,38.663947,1.922595,39505.290309,1.114321,-42.752744,1.721276,39505.774964,0.528343,-42.620204,1.721288,29.636381,21.08738,22.840936,3.138192,0.38927,0.000226,0.538076,0.00039,0.669956,0.000479,0,19.778273,11.727701,0.165541,-99999,339.2,2455596.74393,21.993478,21.993326,0,-9999999,0.322148,0.16726,0.856493,0.162507,0.981104,0.51,232,30.490386,21.144269,2011-02-04T05:46:37.180,-9999999,G2,184.C-0815(F),Desort,-9999999,HARPS_ech_obs_all,HARPS_ech_obs_objA,STAR_DARK_F6,1.1682927273988e-05,4.1658029297252e-06,1,1
149920,GJ3701,180.918203,-42.4348,2455597.8342819,75.425703,1.676147,39559.001411,1.090255,-5.423952,1.52526,39559.516838,0.475443,-5.347598,1.525202,26.816964,19.016018,23.399396,1.967914,0.387518,0.000203,0.540445,0.000345,0.672944,0.000424,0,19.942924,11.714862,-0.215842,-99999,384.9,2455597.83427,21.634113,21.633955,0,-9999999,0.322341,0.734296,0.695019,0.193086,0.981127,0.5,233,26.859241,19.038778,2011-02-05T07:56:38.387,-9999999,G2,184.C-0815(F),Desort,-9999999,HARPS_ech_obs_all,HARPS_ech_obs_objA,STAR_DARK_F6,8.49168866825205e-06,4.77117137118919e-06,1,1
149921,GJ3701,180.918203,-42.4348,2455597.8373748,75.120905,1.647488,39560.634294,1.084358,-5.729722,1.493708,39561.143908,0.461757,-5.575046,1.493849,20.067917,18.22487,24.283491,2.107006,0.387234,0.000197,0.540985,0.000335,0.67341,0.000411,0,19.962946,11.707145,-0.205966,-99999,396.7,2455597.83736,21.627734,21.627574,0,-9999999,0.322341,0.733325,0.695021,0.187273,0.981128,0.51,233,20.039916,18.233866,2011-02-05T08:01:03.262,-9999999,G2,184.C-0815(F),Desort,-9999999,HARPS_ech_obs_all,HARPS_ech_obs_objA,STAR_DARK_F6,-9999999.0,-9999999.0,-9999999,-9999999
149922,GJ3701,180.918203,-42.4348,2455598.8512614,90.955855,1.757616,39579.474981,1.09015,9.621917,1.534793,39580.075018,0.47519,9.751469,1.534762,31.114532,20.256199,39.986717,1.842028,0.386366,0.000207,0.536681,0.00035,0.664813,0.000434,0,20.646984,11.821908,-0.187428,-99999,379.0,2455598.85126,21.411465,21.411286,0,-9999999,0.322521,0.250014,0.85652,0.277516,0.981133,0.5,232,31.162223,20.205999,2011-02-06T08:20:59.299,-9999999,G2,184.C-0815(C),Desort,-9999999,HARPS_ech_obs_all,HARPS_ech_obs_objA,STAR_DARK_F6,1.0266800314512e-05,4.56427969789098e-06,1,1
149923,GJ3701,180.918203,-42.4348,2455598.854381,89.269496,1.763247,39579.024243,1.090955,7.934578,1.541237,39579.618417,0.47703,8.044478,1.541169,35.508953,20.354062,39.383995,2.048774,0.386325,0.000208,0.536547,0.000352,0.664652,0.000437,0,20.624246,11.817126,-0.185205,-99999,376.3,2455598.85437,21.405099,21.404947,0,-9999999,0.322521,0.249034,0.856521,0.271653,0.981135,0.52,232,35.533202,20.317859,2011-02-06T08:25:24.164,-9999999,G2,184.C-0815(C),Desort,-9999999,HARPS_ech_obs_all,HARPS_ech_obs_objA,STAR_DARK_F6,1.14680981145152e-05,5.14025425823897e-06,1,1
149924,GJ3701,180.918203,-42.4348,2455723.4596931,24.163099,1.578024,39500.919376,1.09205,-57.083192,1.325314,39502.186787,0.479434,-57.069887,1.325497,8.839853,12.901758,-70.892791,1.973674,0.389513,0.000197,0.557829,0.000342,0.678972,0.000424,0,20.323892,11.63663,-0.057196,-99999,389.8,2455723.45969,-19.680966,-19.681081,0,-9999999,0.34459,0.337661,0.856564,0.922821,0.981181,0.51,232,8.851204,12.691842,2011-06-10T22:56:30.706,-9999999,G2,184.C-0815(F),Desort,-9999999,HARPS_ech_obs_all,HARPS_ech_obs_objA,STAR_DARK_F6,1.14105769782243e-05,6.71682795253254e-06,1,1
149925,GJ3701,180.918203,-42.4348,2455723.4627075,18.759351,1.611457,39494.864498,1.097209,-62.487887,1.364952,39496.126245,0.491075,-62.429615,1.365087,17.164421,14.226713,-71.258127,1.689518,0.389566,0.000202,0.55705,0.000351,0.678674,0.000434,0,20.337362,11.636715,-0.043557,-99999,380.0,2455723.4627,-19.687207,-19.687318,0,-9999999,0.344591,0.336714,0.856563,0.917156,0.981179,0.49,232,17.238382,13.971689,2011-06-10T23:00:55.812,-9999999,G2,184.C-0815(F),Desort,-9999999,HARPS_ech_obs_all,HARPS_ech_obs_objA,STAR_DARK_F6,1.20746659821982e-05,8.21557697912631e-06,1,1
149926,GJ3701,180.918203,-42.4348,2455723.4665921,19.313986,1.605467,39494.119414,1.096699,-61.934472,1.357877,39495.373859,0.48994,-61.935196,1.358002,6.972102,14.253316,-73.254412,1.693165,0.38992,0.000201,0.557145,0.000349,0.678322,0.000432,0,20.335052,11.642254,-0.055642,-99999,381.9,2455723.46659,-19.69527,-19.695391,0,-9999999,0.344591,0.335494,0.85656,0.909854,0.981177,0.5,232,7.056072,14.010713,2011-06-10T23:06:29.142,-9999999,G2,184.C-0815(F),Desort,-9999999,HARPS_ech_obs_all,HARPS_ech_obs_objA,STAR_DARK_F6,1.05773752780126e-05,5.35013632335268e-06,1,1
149927,GJ3701,180.918203,-42.4348,2455723.4696755,17.756482,1.618305,39496.160523,1.100897,-63.492945,1.373033,39497.409174,0.499269,-63.406394,1.373143,14.226628,11.587581,-75.338107,1.72112,0.389758,0.000204,0.558096,0.000355,0.679741,0.000439,0,20.323015,11.634035,-0.062218,-99999,375.8,2455723.46967,-19.701683,-19.7018,0,-9999999,0.344592,0.334525,0.856558,0.904059,0.981175,0.51,232,14.295366,11.306818,2011-06-10T23:10:53.238,-9999999,G2,184.C-0815(F),Desort,-9999999,HARPS_ech_obs_all,HARPS_ech_obs_objA,STAR_DARK_F6,1.19641912185291e-05,4.70782694245514e-06,1,1
149928,GJ3701,180.918203,-42.4348,2455723.4727374,15.546347,1.60787,39495.455762,1.098422,-65.704042,1.360719,39496.698659,0.493791,-65.694843,1.360814,24.856545,11.122439,-72.319473,1.813539,0.389683,0.000203,0.558381,0.000354,0.679561,0.000438,0,20.342285,11.644283,-0.053732,-99999,377.2,2455723.47273,-19.70806,-19.708172,0,-9999999,0.344593,0.333563,0.856557,0.898304,0.981173,0.51,232,24.870592,10.909081,2011-06-10T23:15:17.804,-9999999,G2,184.C-0815(F),Desort,-9999999,HARPS_ech_obs_all,HARPS_ech_obs_objA,STAR_DARK_F6,1.24296170415826e-05,5.7019607974854e-06,1,1
149929,GJ3701,180.918203,-42.4348,2455723.4757376,15.486934,1.634954,39496.564679,1.105053,-65.764397,1.392619,39497.801937,0.508376,-65.739144,1.392795,-5.671153,12.495633,-75.150378,1.84157,0.389901,0.00021,0.558819,0.000366,0.679157,0.000452,0,20.297365,11.640228,-0.048429,-99999,365.1,2455723.47573,-19.714315,-19.714428,0,-9999999,0.344593,0.332621,0.856555,0.892665,0.981171,0.49,232,-5.534849,12.296124,2011-06-10T23:19:41.690,-9999999,G2,184.C-0815(F),Desort,-9999999,HARPS_ech_obs_all,HARPS_ech_obs_objA,STAR_DARK_F6,1.17172143199038e-05,5.550287962228e-06,1,1
149930,GJ3701,180.918203,-42.4348,2455723.4788206,14.456494,1.608429,39493.547773,1.099053,-66.795805,1.361382,39494.779238,0.495201,-66.722637,1.361515,-1.408873,12.08975,-74.114969,1.608151,0.389976,0.000206,0.557914,0.000356,0.678168,0.00044,0,20.326312,11.637351,-0.04671,-99999,374.8,2455723.47881,-19.720748,-19.720857,0,-9999999,0.344594,0.331652,0.856553,0.886871,0.981169,0.5,232,-1.32758,11.895644,2011-06-10T23:24:05.756,-9999999,G2,184.C-0815(F),Desort,-9999999,HARPS_ech_obs_all,HARPS_ech_obs_objA,STAR_DARK_F6,1.06519206910416e-05,5.0150984981072e-06,1,1
149931,GJ3701,180.918203,-42.4348,2455723.4824324,12.278356,1.638834,39494.935368,1.106218,-68.975078,1.397175,39496.160044,0.510911,-68.982675,1.397273,5.246141,12.441446,-72.227197,1.94379,0.389832,0.000211,0.558537,0.000367,0.67755,0.000453,0,20.347739,11.636366,-0.04657,-99999,363.9,2455723.48242,-19.728286,-19.728397,0,-9999999,0.344594,0.330518,0.856551,0.880082,0.981167,0.5,232,5.345833,12.274266,2011-06-10T23:29:17.835,-9999999,G2,184.C-0815(F),Desort,-9999999,HARPS_ech_obs_all,HARPS_ech_obs_objA,STAR_DARK_F6,1.13047975840718e-05,5.46884341234766e-06,1,1
149932,GJ3701,180.918203,-42.4348,2455723.4854866,16.046456,1.604684,39498.974465,1.099166,-65.207937,1.356958,39500.193402,0.49546,-65.156423,1.356974,-27.984604,12.707166,-74.998353,1.817708,0.389776,0.000206,0.558309,0.000357,0.678421,0.000441,0,20.354245,11.646702,-0.050914,-99999,374.5,2455723.48548,-19.734661,-19.734759,0,-9999999,0.344595,0.329558,0.856549,0.874342,0.981165,0.5,232,-27.949198,12.601136,2011-06-10T23:33:41.731,-9999999,G2,184.C-0815(F),Desort,-9999999,HARPS_ech_obs_all,HARPS_ech_obs_objA,STAR_DARK_F6,1.21714027760086e-05,7.61886519948405e-06,1,1
149933,GJ3701,180.918203,-42.4348,2455723.4885424,15.383244,1.628088,39496.663075,1.103347,-65.872109,1.384556,39497.876269,0.50467,-65.840531,1.384575,-1.795089,10.239051,-74.082565,1.626953,0.389587,0.00021,0.55835,0.000364,0.67727,0.000449,0,20.31749,11.631157,-0.047276,-99999,367.0,2455723.48853,-19.741038,-19.741141,0,-9999999,0.344595,0.328599,0.856548,0.868599,0.981163,0.5,232,-1.761665,10.100995,2011-06-10T23:38:05.777,-9999999,G2,184.C-0815(F),Desort,-9999999,HARPS_ech_obs_all,HARPS_ech_obs_objA,STAR_DARK_F6,1.14524955667985e-05,4.37843345283807e-06,1,1
149934,GJ3701,180.918203,-42.4348,2455723.4915974,14.113414,1.643554,39498.560206,1.106616,-67.142899,1.402711,39499.767659,0.511782,-67.136353,1.402796,25.86188,13.449892,-74.904791,1.791779,0.389737,0.000213,0.559069,0.000369,0.677796,0.000455,0,20.322313,11.625981,-0.030653,-99999,362.6,2455723.49159,-19.747408,-19.747518,0,-9999999,0.344596,0.327639,0.856546,0.862857,0.981162,0.5,232,25.910961,13.312923,2011-06-10T23:42:29.743,-9999999,G2,184.C-0815(F),Desort,-9999999,HARPS_ech_obs_all,HARPS_ech_obs_objA,STAR_DARK_F6,1.28847831568191e-05,9.03874034966388e-06,1,1
149935,GJ3701,180.918203,-42.4348,2455723.4946561,14.726803,1.664809,39498.278187,1.111606,-66.530471,1.427557,39499.479891,0.522488,-66.546274,1.427656,-12.698931,11.773337,-70.315571,1.806109,0.389816,0.000219,0.558487,0.000378,0.677986,0.000467,0,20.322337,11.629204,-0.048555,-99999,353.4,2455723.49465,-19.75378,-19.753913,0,-9999999,0.344596,0.326678,0.856544,0.857108,0.98116,0.5,232,-12.672447,11.699555,2011-06-10T23:46:54.029,-9999999,G2,184.C-0815(F),Desort,-9999999,HARPS_ech_obs_all,HARPS_ech_obs_objA,STAR_DARK_F6,9.89066888798208e-06,4.58677807457878e-06,1,1
149936,GJ3701,180.918203,-42.4348,2455723.4977546,8.801475,1.636988,39494.958808,1.106644,-72.456772,1.395014,39496.154689,0.511849,-72.446459,1.394994,-19.700855,13.028893,-72.069999,1.920603,0.38948,0.000216,0.558311,0.000372,0.676997,0.000459,0,20.326958,11.635811,-0.042768,-99999,359.3,2455723.49774,-19.760225,-19.760325,0,-9999999,0.344597,0.325705,0.856543,0.851284,0.981158,0.51,232,-19.623143,12.965321,2011-06-10T23:51:19.435,-9999999,G2,184.C-0815(F),Desort,-9999999,HARPS_ech_obs_all,HARPS_ech_obs_objA,STAR_DARK_F6,1.23870004399404e-05,4.78072895735168e-06,1,1
149937,GJ3701,180.918203,-42.4348,2455723.5007824,12.806398,1.665785,39500.710631,1.113576,-68.4528,1.428697,39501.900822,0.526672,-68.377608,1.428773,-0.448079,13.879799,-75.799608,1.967792,0.389193,0.000227,0.557681,0.000388,0.677664,0.000479,0,20.339895,11.638967,-0.044466,-99999,344.7,2455723.50078,-19.766514,-19.766629,0,-9999999,0.344598,0.324754,0.856541,0.845593,0.981157,0.5,232,-0.389026,13.832827,2011-06-10T23:55:43.381,-9999999,G2,184.C-0815(F),Desort,-9999999,HARPS_ech_obs_all,HARPS_ech_obs_objA,STAR_DARK_F6,1.03182426568332e-05,4.77200092219513e-06,1,1
149938,GJ3701,180.918203,-42.4348,2455723.5045093,10.095481,1.597662,39500.19806,1.098502,-71.164888,1.348653,39501.381247,0.494007,-71.116166,1.348677,-14.708752,12.393612,-71.098551,2.142047,0.389338,0.000207,0.558622,0.000357,0.678303,0.000441,0,20.332069,11.634185,-0.053504,-99999,374.7,2455723.5045,-19.774236,-19.774353,0,-9999999,0.344598,0.323583,0.856539,0.838589,0.981154,0.51,232,-14.733194,12.357444,2011-06-11T00:01:03.080,-9999999,G2,184.C-0815(F),Desort,-9999999,HARPS_ech_obs_all,HARPS_ech_obs_objA,STAR_DARK_F6,1.0598928037887e-05,5.95143440928386e-06,1,1
149939,GJ3701,180.918203,-42.4348,2455723.5075137,9.460422,1.60999,39495.741234,1.101302,-71.800891,1.363235,39496.918775,0.500205,-71.786471,1.363142,-19.318794,12.765798,-73.614203,1.423373,0.388978,0.000212,0.557653,0.000363,0.677622,0.000449,0,20.324523,11.637786,-0.043836,-99999,367.8,2455723.50751,-19.780445,-19.780578,0,-9999999,0.344599,0.322639,0.856538,0.832942,0.981153,0.49,232,-19.358519,12.797408,2011-06-11T00:05:27.326,-9999999,G2,184.C-0815(F),Desort,-9999999,HARPS_ech_obs_all,HARPS_ech_obs_objA,STAR_DARK_F6,1.02199985633461e-05,4.88671901825851e-06,1,1
149940,GJ3701,180.918203,-42.4348,2455723.5105457,11.683513,1.701336,39497.611146,1.120427,-69.578752,1.469996,39498.782988,0.541017,-69.532082,1.469966,-15.293276,15.471661,-75.262124,2.043209,0.389257,0.000227,0.559079,0.000393,0.678727,0.000485,0,20.330299,11.63361,-0.03453,-99999,340.7,2455723.51054,-19.786694,-19.786812,0,-9999999,0.344599,0.321687,0.856536,0.827243,0.981151,0.48,232,-15.297634,15.462035,2011-06-11T00:09:51.632,-9999999,G2,184.C-0815(F),Desort,-9999999,HARPS_ech_obs_all,HARPS_ech_obs_objA,STAR_DARK_F6,1.04761902755442e-05,4.10165026596482e-06,1,1
149941,GJ3701,180.918203,-42.4348,2455723.5136548,9.013818,1.647094,39499.132433,1.108773,-72.249424,1.406864,39500.298433,0.516453,-72.219432,1.406854,-18.445578,11.276701,-72.216053,1.896094,0.389676,0.000219,0.558107,0.000376,0.677699,0.000464,0,20.32095,11.625243,-0.047554,-99999,355.7,2455723.51365,-19.793081,-19.79319,0,-9999999,0.3446,0.32071,0.856535,0.8214,0.98115,0.5,232,-18.516615,11.334622,2011-06-11T00:14:15.628,-9999999,G2,184.C-0815(F),Desort,-9999999,HARPS_ech_obs_all,HARPS_ech_obs_objA,STAR_DARK_F6,1.03978779262927e-05,4.30476058591044e-06,1,1
149942,GJ3701,180.918203,-42.4348,2455723.5167123,9.521199,1.677051,39497.084229,1.114469,-71.743003,1.441822,39498.244482,0.528573,-71.716636,1.442015,-18.802517,13.593331,-74.884685,1.881086,0.389694,0.000225,0.557632,0.000386,0.677203,0.000477,0,20.318833,11.63638,-0.044496,-99999,346.2,2455723.5167,-19.799341,-19.799451,0,-9999999,0.3446,0.31975,0.856534,0.815653,0.981148,0.5,232,-18.804932,13.638512,2011-06-11T00:18:39.814,-9999999,G2,184.C-0815(F),Desort,-9999999,HARPS_ech_obs_all,HARPS_ech_obs_objA,STAR_DARK_F6,1.18214873988365e-05,5.20847495367271e-06,1,1
149943,GJ3701,180.918203,-42.4348,2455723.5202015,7.604855,1.674389,39498.967736,1.114311,-73.660443,1.438726,39500.121432,0.528244,-73.649662,1.438929,-35.843196,16.734359,-69.834121,2.193056,0.389706,0.000225,0.558036,0.000386,0.678338,0.000476,0,20.294845,11.621234,-0.036043,-99999,346.9,2455723.5202,-19.806455,-19.806582,0,-9999999,0.344601,0.318654,0.856532,0.809095,0.981146,0.5,232,-35.960539,16.807626,2011-06-11T00:23:41.302,-9999999,G2,184.C-0815(F),Desort,-9999999,HARPS_ech_obs_all,HARPS_ech_obs_objA,STAR_DARK_F6,1.10371189219458e-05,6.07842939990277e-06,1,1
149944,GJ3701,180.918203,-42.4348,2455723.5232086,8.183777,1.769644,39493.392502,1.134344,-73.082466,1.548546,39494.540547,0.569289,-73.147957,1.548932,-23.567346,16.577216,-70.755107,2.172943,0.389618,0.000244,0.558356,0.00042,0.67901,0.000518,0,20.331486,11.629673,-0.033317,-99999,318.9,2455723.52321,-19.812559,-19.812675,0,-9999999,0.344602,0.317709,0.856531,0.803443,0.981145,0.48,232,-23.579855,16.616607,2011-06-11T00:28:05.778,-9999999,G2,184.C-0815(F),Desort,-9999999,HARPS_ech_obs_all,HARPS_ech_obs_objA,STAR_DARK_F6,1.16218128810862e-05,9.89037948635323e-06,1,1
149945,GJ3701,180.918203,-42.4348,2455723.526348,5.415411,1.723936,39491.323613,1.124077,-75.851818,1.496099,39492.465758,0.54855,-75.852917,1.496354,-17.048354,13.097808,-71.327142,2.037531,0.389794,0.000232,0.558259,0.000399,0.677442,0.000492,0,20.341551,11.620001,-0.037991,-99999,335.0,2455723.52634,-19.818903,-19.819017,0,-9999999,0.344602,0.316723,0.856529,0.797543,0.981143,0.51,232,-17.215839,13.210822,2011-06-11T00:32:30.064,-9999999,G2,184.C-0815(F),Desort,-9999999,HARPS_ech_obs_all,HARPS_ech_obs_objA,STAR_DARK_F6,-9999999.0,-9999999.0,-9999999,-9999999
149946,GJ3701,180.918203,-42.4348,2455723.5293473,6.705864,1.753924,39496.359081,1.130244,-74.562307,1.530559,39497.495589,0.561081,-74.619051,1.530706,-35.576243,13.963004,-70.847268,2.05954,0.388786,0.000237,0.558436,0.000409,0.678771,0.000505,0,20.3421,11.62833,-0.047456,-99999,326.9,2455723.52934,-19.824933,-19.82505,0,-9999999,0.344603,0.315781,0.856528,0.791905,0.981142,0.49,232,-35.89464,14.069592,2011-06-11T00:36:53.870,-9999999,G2,184.C-0815(F),Desort,-9999999,HARPS_ech_obs_all,HARPS_ech_obs_objA,STAR_DARK_F6,1.11834825698799e-05,4.27179022682176e-06,1,1
149947,GJ3701,180.918203,-42.4348,2455723.5324082,2.241446,1.715516,39491.264102,1.123204,-79.027686,1.486391,39492.394858,0.546763,-79.048313,1.48652,-40.399832,15.447464,-65.67871,1.980159,0.389394,0.000236,0.55808,0.000404,0.677076,0.000498,0,20.36762,11.633515,-0.038894,-99999,331.3,2455723.53241,-19.831055,-19.83117,0,-9999999,0.344603,0.314819,0.856526,0.786153,0.98114,0.49,232,-40.60921,15.587721,2011-06-11T00:41:18.346,-9999999,G2,184.C-0815(F),Desort,-9999999,HARPS_ech_obs_all,HARPS_ech_obs_objA,STAR_DARK_F6,1.19174646359372e-05,4.99565463085648e-06,1,1
149948,GJ3701,180.918203,-42.4348,2455723.5355448,6.203727,1.703633,39496.353752,1.120626,-75.066391,1.472661,39497.478613,0.541451,-75.046344,1.472794,-60.70757,16.170277,-69.240517,1.781015,0.389382,0.000235,0.558641,0.000402,0.677772,0.000495,0,20.321567,11.625281,-0.036883,-99999,333.5,2455723.53554,-19.837293,-19.837412,0,-9999999,0.344604,0.313834,0.856525,0.780257,0.981139,0.52,232,-60.990112,16.31386,2011-06-11T00:45:42.402,-9999999,G2,184.C-0815(F),Desort,-9999999,HARPS_ech_obs_all,HARPS_ech_obs_objA,STAR_DARK_F6,1.27288208970099e-05,1.03131344657071e-05,1,1
149949,GJ3701,180.918203,-42.4348,2455724.5189124,-2.39651,1.812206,39479.952412,1.115096,-83.649359,1.59701,39481.140638,0.529895,-83.494377,1.597024,28.968076,18.185019,43.599727,2.013631,0.39048,0.000219,0.556245,0.000378,0.679478,0.000469,0,20.470452,11.716116,-0.013505,-99999,352.1,2455724.5189,-20.006126,-20.006238,0,-9999999,0.344778,0.331103,0.856532,0.843448,0.981147,0.5,232,29.058138,18.169279,2011-06-12T00:21:55.632,-9999999,G2,184.C-0815(F),Desort,-9999999,HARPS_ech_obs_all,HARPS_ech_obs_objA,STAR_DARK_F6,1.30566810987169e-05,5.43561840135364e-06,1,1
149950,GJ3701,180.918203,-42.4348,2455724.5219694,0.991791,1.841315,39483.303217,1.120286,-80.262018,1.629968,39484.485697,0.540735,-80.188643,1.630141,6.640049,19.680587,46.193099,2.012025,0.390921,0.000223,0.557733,0.000386,0.679284,0.000477,0,20.489972,11.725384,-0.023623,-99999,345.9,2455724.52196,-20.0123,-20.012415,0,-9999999,0.344778,0.330143,0.856531,0.837702,0.981145,0.5,232,6.765733,19.653905,2011-06-12T00:26:19.768,-9999999,G2,184.C-0815(F),Desort,-9999999,HARPS_ech_obs_all,HARPS_ech_obs_objA,STAR_DARK_F6,1.18764685986531e-05,6.7935459261649e-06,1,1
149951,GJ3701,180.918203,-42.4348,2455725.5906295,21.921937,1.980378,39505.389953,1.15843,-59.631948,1.866099,39506.567181,0.615927,-59.491978,1.866197,-24.799945,19.004577,46.096353,2.417869,0.392021,0.000261,0.552741,0.000458,0.680367,0.000562,0,20.149919,11.593728,-0.020479,-99999,293.6,2455725.59063,-20.334721,-20.33483,0,-9999999,0.344968,0.030067,0.663001,0.83226,0.981118,0.49,233,-24.877487,19.006613,2011-06-13T02:05:20.304,-9999999,G2,184.C-0815(F),Desort,-9999999,HARPS_ech_obs_all,HARPS_ech_obs_objA,STAR_DARK_F6,1.11056113597537e-05,4.48377798238219e-06,1,1
149952,GJ3701,180.918203,-42.4348,2455725.5937226,22.235797,2.004622,39504.597599,1.161134,-59.31906,1.891809,39505.769014,0.621,-59.212516,1.892101,-40.135645,18.559014,50.807425,2.449936,0.392162,0.000264,0.55241,0.000462,0.679267,0.000567,0,20.153787,11.582624,-0.02379,-99999,290.7,2455725.59372,-20.339668,-20.339777,0,-9999999,0.344968,0.029095,0.663,0.826447,0.981117,0.5,233,-40.109422,18.508834,2011-06-13T02:09:45.240,-9999999,G2,184.C-0815(F),Desort,-9999999,HARPS_ech_obs_all,HARPS_ech_obs_objA,STAR_DARK_F6,1.19001711877576e-05,5.64565154954659e-06,1,1
149953,GJ3701,180.918203,-42.4348,2455726.542621,-29.151482,1.861479,39452.96207,1.121746,-110.657431,1.652717,39454.240297,0.543771,-110.61821,1.652819,-3.188016,17.26373,55.891601,1.88981,0.38905,0.000221,0.557204,0.000386,0.674959,0.000481,0,20.430717,11.60958,-0.044365,-99999,345.2,2455726.54261,-20.440275,-20.44038,0,-9999999,0.345136,0.078003,0.856522,0.933091,0.981136,0.5,232,-3.326065,17.24427,2011-06-14T00:56:15.790,-9999999,G2,184.C-0815(F),Desort,-9999999,HARPS_ech_obs_all,HARPS_ech_obs_objA,STAR_DARK_F6,1.06753528619492e-05,4.36307751214852e-06,1,1
149954,GJ3701,180.918203,-42.4348,2455726.5456444,-31.083206,1.827458,39449.776707,1.113426,-112.590105,1.614303,39451.049253,0.526396,-112.49295,1.614363,-19.693069,17.683173,55.266523,1.991426,0.389041,0.000214,0.556531,0.000372,0.675301,0.000465,0,20.419705,11.610665,-0.039042,-99999,357.2,2455726.54564,-20.445989,-20.446096,0,-9999999,0.345137,0.077053,0.856521,0.927409,0.981135,0.49,232,-19.991934,17.695919,2011-06-14T01:00:39.356,-9999999,G2,184.C-0815(F),Desort,-9999999,HARPS_ech_obs_all,HARPS_ech_obs_objA,STAR_DARK_F6,1.11441966835714e-05,6.48852782052615e-06,1,1
149955,GJ3701,180.918203,-42.4348,2455763.4879089,13.897701,1.877065,39497.224077,1.122225,-67.519392,1.670239,39497.896634,0.544708,-67.411438,1.670379,-18.208459,19.389667,58.525636,1.51699,0.389288,0.000231,0.558186,0.000398,0.681616,0.000493,0,20.433774,11.574588,0.104736,-99999,336.0,2455763.4879,-23.137463,-23.137392,0,-9999999,0.35168,0.166859,0.856548,0.320877,0.981164,0.53,232,-18.359932,19.42339,2011-07-20T23:41:19.688,-9999999,G2,184.C-0815(F),Desort,-9999999,HARPS_ech_obs_all,HARPS_ech_obs_objA,STAR_DARK_F6,1.25703338617442e-05,6.04122516922205e-06,1,1
149956,GJ3701,180.918203,-42.4348,2455763.4908611,13.213914,1.893167,39496.871879,1.12417,-68.204106,1.688316,39497.538888,0.548706,-68.076944,1.688492,28.817598,19.746014,59.572943,1.879494,0.388979,0.000231,0.558018,0.000399,0.680779,0.000495,0,20.451224,11.581983,0.114152,-99999,334.5,2455763.49085,-23.141404,-23.141336,0,-9999999,0.35168,0.165932,0.856546,0.315329,0.981162,0.49,232,29.07456,19.744309,2011-07-20T23:45:44.064,-9999999,G2,184.C-0815(F),Desort,-9999999,HARPS_ech_obs_all,HARPS_ech_obs_objA,STAR_DARK_F6,1.1771794739824e-05,4.64184372779289e-06,1,1
149957,GJ3701,180.918203,-42.4348,2455764.4693097,-18.796227,2.069437,39452.688235,1.162876,-100.326954,1.883846,39453.42064,0.624161,-100.211473,1.883768,-23.525881,19.192187,46.384436,2.339148,0.389692,0.000268,0.55749,0.000465,0.681308,0.000576,0,20.222692,11.632711,0.251558,-99999,287.0,2455764.46931,-23.066482,-23.066415,0,-9999999,0.351853,0.053225,0.856559,0.380552,0.981175,0.53,326,-23.903068,19.163548,2011-07-21T23:13:49.644,-9999999,G2,184.C-0815(F),Desort,-9999999,HARPS_ech_obs_all,HARPS_ech_obs_objA,STAR_DARK_F6,1.20585199344249e-05,5.7083170433094e-06,1,1
149958,GJ3701,180.918203,-42.4348,2455764.4733733,-15.354893,1.94573,39458.490041,1.132099,-96.886896,1.747048,39459.21481,0.564755,-96.742059,1.747014,-12.644935,22.307046,51.385924,2.318716,0.388741,0.000237,0.556875,0.000412,0.680863,0.000511,0,20.17146,11.624616,0.253736,-99999,323.3,2455764.47337,-23.072356,-23.072287,0,-9999999,0.351854,0.051948,0.856556,0.372915,0.981173,0.51,326,-13.259267,22.367345,2011-07-21T23:19:47.276,-9999999,G2,184.C-0815(F),Desort,-9999999,HARPS_ech_obs_all,HARPS_ech_obs_objA,STAR_DARK_F6,1.15385242118154e-05,6.55351715721559e-06,1,1
149959,GJ3701,180.918203,-42.4348,2455765.5025066,6.333973,2.310969,39489.98391,1.206512,-75.208608,2.146373,39490.655555,0.702143,-75.201006,2.146077,-5.913253,22.059792,48.52245,2.442305,0.389118,0.000303,0.557658,0.000528,0.681059,0.000655,0,20.095352,11.617226,0.019872,-99999,252.4,2455765.5025,-23.058611,-23.058537,0,-9999999,0.352036,0.041371,0.85654,0.319609,0.981156,0.48,232,-6.027913,22.059334,2011-07-23T00:02:45.828,-9999999,G2,184.C-0815(F),Desort,-9999999,HARPS_ech_obs_all,HARPS_ech_obs_objA,STAR_DARK_F6,1.11585883372272e-05,5.7534355010103e-06,1,1
149960,GJ3701,180.918203,-42.4348,2455765.5058579,8.75863,2.14208,39489.889042,1.171183,-72.785004,1.963377,39490.554389,0.639536,-72.682066,1.963299,-31.364722,20.25406,48.03819,2.840012,0.39065,0.000276,0.557455,0.000478,0.680669,0.000593,0,20.065894,11.612299,0.013548,-99999,278.8,2455765.50585,-23.06245,-23.062371,0,-9999999,0.352037,0.040318,0.856539,0.31331,0.981154,0.51,269,-31.662282,20.20671,2011-07-23T00:07:09.564,-9999999,G2,184.C-0815(F),Desort,-9999999,HARPS_ech_obs_all,HARPS_ech_obs_objA,STAR_DARK_F6,1.29740548978774e-05,5.44287962592909e-06,1,1
