,target,ra,dec,BJD,RV_mlc_nzp,e_RV_mlc_nzp,RV_drs_nzp,e_RV_drs_nzp,RV_mlc,e_RV_mlc,RV_drs,e_RV_drs,RV_mlc_j,e_RV_mlc_j,CRX,e_CRX,dLW,e_dLW,Halpha,e_Halpha,NaD1,e_NaD1,NaD2,e_NaD2,f_RV,FWHM_DRS,CONTRAST_DRS,BIS,RVGUESS,SNR_DRS,BJD_DRS,BERV,BERV_DRS,DRIFT,e_DRIFT,SA,NZP_mlc,dNZP_mlc,NZP_drs,dNZP_drs,TMMEAN,EXPTIME,MLCRX,E_MLCRX,TIMEID,DRIFT_LAMP,MASK,PROGID,PROGPI,AIRMASS,OBHAB,THAR_FP,DPR_TYPE,RHKp,dRHKp,vsinflag,metflag
59581,GJ432,173.618249,-32.82976,2453058.7815675,0.527963,0.93799,-21841.593003,1.059411,2.813843,0.382406,-21839.277808,0.399715,-34.458936,0.457169,-15.25417,6.571278,-27.425143,2.745622,0.48256,0.000507,0.244227,0.000585,0.325135,0.000734,0,5.819841,37.507857,0.001723,-23,152.4,2453058.78156,14.776157,14.776481,0,-9999999,0.0,2.088242,0.856499,2.315195,0.981111,0.45,240,-15.275776,6.433817,2004-02-23T06:37:58.640,-9999999,K5,072.C-0488(E),technical,-9999999,HARPS_ech_obs_all,HARPS_ech_obs_thosimult,STAR_WAVE_K0V,1.15099572945078e-05,4.37675198736055e-07,0,0
59582,GJ432,173.618249,-32.82976,2453061.8166901,1.149141,0.742167,-21840.990151,0.912679,2.606457,0.367807,-21839.161108,0.387771,-35.042807,0.443469,-19.013562,6.370785,-25.455926,2.933222,0.477024,0.000488,0.242993,0.000561,0.319535,0.000708,0,5.82031,37.505933,0.002913,-23,157.6,2453061.81668,13.560665,13.561,0,-9999999,0.002055,1.259678,0.644616,1.826988,0.826206,0.5,438,-18.994493,6.228426,2004-02-26T07:26:29.907,-9999999,K5,072.D-0707(A),technical,-9999999,HARPS_ech_obs_all,HARPS_ech_obs_thosimult,STAR_WAVE_K0V,1.09176952654965e-05,3.93490717738416e-07,0,0
59583,GJ432,173.618249,-32.82976,2453151.5836221,-0.882179,0.673477,-21842.405577,0.879238,-1.5898,0.369816,-21842.727266,0.387448,-38.982667,0.447015,0.598238,6.295559,-24.751089,2.746525,0.478074,0.000447,0.238078,0.00052,0.320586,0.000669,0,5.821674,37.441982,-0.000381,-23,167.2,2453151.58362,-20.69217,-20.691978,0,-9999999,0.06282,-0.90526,0.562857,-0.384509,0.789268,0.51,222,0.608408,6.155881,2004-05-26T01:54:35.992,-9999999,K5,072.C-0488(E),Mayor,-9999999,HARPS_ech_obs_all,HARPS_ech_obs_thosimult,STAR_WAVE_K0V,1.11361470598385e-05,3.77410295998037e-07,0,0
59584,GJ432,173.618249,-32.82976,2453156.5614676,-0.597985,0.898097,-21842.887867,0.681402,-0.212066,0.270112,-21840.313741,0.314217,-37.899165,0.363818,-4.553568,6.602452,-32.475711,2.307564,0.474515,0.00039,0.233727,0.000449,0.32531,0.000583,0,5.819748,37.615481,0.00195,-23,191.7,2453156.56146,-21.757338,-21.757172,0,-9999999,0.066189,0.188281,0.856515,2.507937,0.604629,0.52,252,-4.544967,6.465442,2004-05-31T01:22:54.057,-9999999,K5,072.D-0707(A),Mayor,-9999999,HARPS_ech_obs_all,HARPS_ech_obs_thosimult,STAR_WAVE_K0V,1.00501548878074e-05,3.39003557405614e-07,0,0
59585,GJ432,173.618249,-32.82976,2458262.6658754,1.0367,0.612599,-21799.310491,0.922314,-1.22625,0.421924,-21796.118953,0.37414,-1.361432,0.423647,0.281847,4.74378,10.790558,0.741742,0.48328,0.000448,0.238508,0.000496,0.324166,0.000633,0,5.867372,37.128156,0.021521,-99999,174.0,2458262.66587,-20.187462,-20.185956,0,-9999999,3.522611,-1.002172,0.444137,-0.331073,0.84302,0.5,120,0.292654,4.750772,2018-05-24T03:53:40.573,-9999999,K5,0100.C-0487(A),UNKNOWN,-9999999,HARPS_ech_obs_all,HARPS_ech_obs_thosimult,STAR_WAVE_K0,1.2082885269778e-05,4.43245672962593e-07,0,0
59586,GJ432,173.618249,-32.82976,2458262.6676137,0.567703,0.624619,-21799.824844,0.927122,-1.692044,0.439195,-21796.633256,0.385842,-1.727256,0.440785,-1.250497,5.714145,10.671744,0.722532,0.482902,0.000451,0.238621,0.000504,0.323201,0.000642,0,5.869699,37.1124,0.022012,-99999,171.0,2458262.6676,-20.189973,-20.188459,0,-9999999,3.522612,-0.998969,0.444136,-0.331024,0.843019,0.49,120,-1.235997,5.718753,2018-05-24T03:56:11.972,-9999999,K5,0100.C-0487(A),UNKNOWN,-9999999,HARPS_ech_obs_all,HARPS_ech_obs_thosimult,STAR_WAVE_K0,1.16091078529544e-05,4.39086793582366e-07,0,0
59587,GJ432,173.618249,-32.82976,2458262.6693762,1.420808,0.616201,-21799.602551,0.92361,-0.835691,0.427139,-21796.410912,0.377327,-0.897772,0.428688,4.218918,5.274765,10.83953,0.748502,0.483719,0.000453,0.238012,0.000501,0.323976,0.00064,0,5.867653,37.12375,0.020467,-99999,172.0,2458262.66938,-20.192485,-20.19099,0,-9999999,3.522613,-0.99572,0.444135,-0.330974,0.843018,0.5,120,4.236888,5.281825,2018-05-24T03:58:43.060,-9999999,K5,0100.C-0487(A),UNKNOWN,-9999999,HARPS_ech_obs_all,HARPS_ech_obs_thosimult,STAR_WAVE_K0,1.10374195563338e-05,4.17166277145951e-07,0,0
59588,GJ432,173.618249,-32.82976,2458262.6711508,1.154877,0.626001,-21799.15416,0.928316,-1.098352,0.44116,-21795.962469,0.388705,-1.147919,0.442617,-0.027831,5.619209,10.339671,0.767086,0.483257,0.000454,0.238856,0.000508,0.324477,0.000648,0,5.86714,37.131187,0.020577,-99999,169.7,2458262.67115,-20.194978,-20.193472,0,-9999999,3.522615,-0.99245,0.444134,-0.330924,0.843018,0.52,120,-0.01803,5.627548,2018-05-24T04:01:13.998,-9999999,K5,0100.C-0487(A),UNKNOWN,-9999999,HARPS_ech_obs_all,HARPS_ech_obs_thosimult,STAR_WAVE_K0,1.13211072076328e-05,4.76182847215397e-07,0,0
59589,GJ432,173.618249,-32.82976,2458264.6767686,1.239217,0.493043,-21799.020292,1.0254,-2.595994,0.298258,-21797.299412,0.2658,-2.66603,0.3006,-10.982413,3.291563,7.160677,0.732249,0.478777,0.000331,0.237131,0.000361,0.318075,0.000464,0,5.866687,37.149633,0.019604,-99999,237.8,2458264.67676,-20.690248,-20.68876,0,-9999999,3.523972,-2.574433,0.392598,-1.803092,0.990351,0.51,300,-10.977766,3.298801,2018-05-26T04:08:00.418,-9999999,K5,0100.C-0487(A),UNKNOWN,-9999999,HARPS_ech_obs_all,HARPS_ech_obs_thosimult,STAR_WAVE_K0,1.21631291292244e-05,4.03541812777719e-07,0,0
59590,GJ432,173.618249,-32.82976,2458264.6806059,0.664852,0.493427,-21799.880813,1.025441,-3.163288,0.298895,-21798.159822,0.265962,-3.230561,0.301356,-5.398973,3.902081,7.756768,0.727331,0.47943,0.000327,0.237377,0.000358,0.317913,0.00046,0,5.868096,37.142407,0.019092,-99999,239.7,2458264.68059,-20.694964,-20.69347,0,-9999999,3.523975,-2.567361,0.392596,-1.802984,0.99035,0.51,300,-5.396885,3.905199,2018-05-26T04:13:31.986,-9999999,K5,0100.C-0487(A),UNKNOWN,-9999999,HARPS_ech_obs_all,HARPS_ech_obs_thosimult,STAR_WAVE_K0,1.1878165460148e-05,3.49789752881702e-07,0,0
59591,GJ432,173.618249,-32.82976,2458264.6844365,1.126259,0.500107,-21799.124474,1.027845,-2.694821,0.3098,-21797.403373,0.275089,-2.732441,0.311921,-8.582972,3.615136,6.921923,0.542106,0.478827,0.000334,0.237294,0.000368,0.318287,0.000473,0,5.865841,37.148076,0.018627,-99999,233.1,2458264.68443,-20.699495,-20.698001,0,-9999999,3.523977,-2.560302,0.392595,-1.802876,0.990349,0.51,300,-8.57908,3.620659,2018-05-26T04:19:02.974,-9999999,K5,0100.C-0487(A),UNKNOWN,-9999999,HARPS_ech_obs_all,HARPS_ech_obs_thosimult,STAR_WAVE_K0,1.24246439809595e-05,3.53389223620041e-07,0,0
59592,GJ432,173.618249,-32.82976,2458266.6399195,-0.762746,0.747449,-21817.29121,1.096638,-3.386443,0.366125,-21814.420852,0.322551,-3.395108,0.367928,-8.695247,4.127545,7.959814,0.716069,0.482138,0.000393,0.237306,0.000436,0.324583,0.000559,0,6.449833,48.968773,-0.022292,-99999,197.3,2458266.63992,-21.10339,-21.101916,1,-9999999,3.525301,-1.362919,0.651639,-0.654943,1.048129,0.48,300,-8.706735,4.133566,2018-05-28T03:15:17.321,-9999999,G2,0100.C-0487(A),UNKNOWN,-9999999,HARPS_ech_obs_all,HARPS_ech_obs_thosimult,STAR_WAVE_K0,1.10644249603561e-05,4.35356987571015e-07,0,0
59593,GJ432,173.618249,-32.82976,2458266.643851,-0.612712,0.748221,-21817.050451,1.097254,-3.229164,0.367703,-21814.17998,0.324647,-3.282763,0.369308,0.146952,5.049177,8.02145,0.652557,0.481925,0.000401,0.237018,0.000442,0.32483,0.000567,0,6.450803,48.968352,-0.021604,-99999,194.5,2458266.64385,-21.109565,-21.108098,1,-9999999,3.525304,-1.355674,0.651636,-0.654833,1.048127,0.51,300,0.161725,5.054222,2018-05-28T03:20:48.029,-9999999,G2,0100.C-0487(A),UNKNOWN,-9999999,HARPS_ech_obs_all,HARPS_ech_obs_thosimult,STAR_WAVE_K0,1.14145380957661e-05,3.65130711330706e-07,0,0
59594,GJ432,173.618249,-32.82976,2458266.6477857,-0.219755,0.768358,-21817.028344,1.108079,-2.828956,0.407122,-21814.15776,0.359548,-2.924635,0.408456,-8.275272,4.680505,6.933012,0.721305,0.482523,0.000448,0.237922,0.000495,0.324763,0.000634,0,6.449857,48.982426,-0.023237,-99999,174.3,2458266.64779,-21.115581,-21.114114,1,-9999999,3.525306,-1.348422,0.651633,-0.654722,1.048125,0.54,300,-8.267898,4.687531,2018-05-28T03:26:19.008,-9999999,G2,0100.C-0487(A),UNKNOWN,-9999999,HARPS_ech_obs_all,HARPS_ech_obs_thosimult,STAR_WAVE_K0,1.2018226586429e-05,3.68417268702766e-07,0,0
59595,GJ432,173.618249,-32.82976,2458314.4849861,-0.85299,0.445163,-21816.824355,0.582857,-3.303785,0.283128,-21814.922405,0.252906,-3.320924,0.285962,10.906615,4.205722,0.792533,0.916332,0.482762,0.000297,0.238459,0.00033,0.323848,0.000422,0,6.446792,48.988892,-0.023227,-99999,260.1,2458314.48498,-24.305867,-24.305129,0,-9999999,3.557688,-1.190016,0.343524,-1.655738,0.525129,0.49,300,10.933645,4.205694,2018-07-14T23:37:35.633,-9999999,G2,0100.C-0487(A),UNKNOWN,-9999999,HARPS_ech_obs_all,HARPS_ech_obs_thosimult,STAR_WAVE_K0,1.05722386841524e-05,3.49088376609098e-07,0,0
59596,GJ432,173.618249,-32.82976,2458314.4888155,-0.32329,0.449717,-21816.343337,0.585004,-2.767028,0.290259,-21814.441276,0.257853,-2.787582,0.292958,6.134888,4.111789,0.788663,0.844827,0.48245,0.000304,0.238606,0.000338,0.323934,0.000432,0,6.447736,48.988387,-0.022249,-99999,254.1,2458314.48881,-24.311417,-24.310682,0,-9999999,3.557691,-1.182959,0.343504,-1.65563,0.525111,0.49,300,6.157232,4.1141,2018-07-14T23:43:06.521,-9999999,G2,0100.C-0487(A),UNKNOWN,-9999999,HARPS_ech_obs_all,HARPS_ech_obs_thosimult,STAR_WAVE_K0,1.05517199755859e-05,3.9687071658651e-07,0,0
59597,GJ432,173.618249,-32.82976,2458314.4926779,-1.189897,0.451886,-21816.96696,0.586586,-3.626517,0.293631,-21815.064787,0.261456,-3.718911,0.296433,11.466773,4.168651,1.752482,0.928294,0.482306,0.000307,0.238563,0.000343,0.324248,0.000439,0,6.448429,48.990681,-0.02222,-99999,250.6,2458314.49268,-24.316872,-24.316144,0,-9999999,3.557694,-1.175841,0.343485,-1.655521,0.525094,0.5,300,11.490156,4.166694,2018-07-14T23:48:37.259,-9999999,G2,0100.C-0487(A),UNKNOWN,-9999999,HARPS_ech_obs_all,HARPS_ech_obs_thosimult,STAR_WAVE_K0,1.1269478964958e-05,4.65138029594942e-07,0,0
59598,GJ432,173.618249,-32.82976,2458316.487429,-1.02122,0.510894,-21817.743327,0.665954,-3.539729,0.315811,-21815.568951,0.279376,-3.59236,0.318049,9.021179,4.652215,2.620809,0.692202,0.481395,0.000342,0.237464,0.000377,0.325992,0.000485,0,6.446283,48.99594,-0.022041,-99999,228.3,2458316.48742,-24.106173,-24.105484,0,-9999999,3.559044,-1.257731,0.401592,-1.384668,0.60452,0.51,300,9.037338,4.652807,2018-07-16T23:41:14.539,-9999999,G2,0100.C-0487(A),UNKNOWN,-9999999,HARPS_ech_obs_all,HARPS_ech_obs_thosimult,STAR_WAVE_K0,1.12951260515318e-05,3.92429168557407e-07,0,0
59599,GJ432,173.618249,-32.82976,2458316.4911875,-0.798371,0.519571,-21817.271482,0.671359,-3.309954,0.329683,-21815.096998,0.292058,-3.38293,0.331585,9.420054,4.320303,3.02413,0.71612,0.480641,0.00036,0.237003,0.000397,0.325366,0.00051,0,6.447484,48.993102,-0.022446,-99999,216.9,2458316.49118,-24.111275,-24.110592,0,-9999999,3.559046,-1.250804,0.401576,-1.384562,0.604504,0.49,300,9.452066,4.320908,2018-07-16T23:46:45.298,-9999999,G2,0100.C-0487(A),UNKNOWN,-9999999,HARPS_ech_obs_all,HARPS_ech_obs_thosimult,STAR_WAVE_K0,9.98506761757886e-06,3.37000235100085e-07,0,0
59600,GJ432,173.618249,-32.82976,2458316.4950952,-0.496796,0.524442,-21817.082213,0.674008,-3.001178,0.337328,-21814.907616,0.298126,-3.060227,0.339432,4.265651,4.372557,2.699732,0.622083,0.480927,0.000369,0.23798,0.000407,0.325473,0.000523,0,6.446555,49.00256,-0.022671,-99999,211.8,2458316.49508,-24.116431,-24.115739,0,-9999999,3.559049,-1.243603,0.401559,-1.384452,0.604489,0.51,300,4.289843,4.374692,2018-07-16T23:52:16.946,-9999999,G2,0100.C-0487(A),UNKNOWN,-9999999,HARPS_ech_obs_all,HARPS_ech_obs_thosimult,STAR_WAVE_K0,1.14643138272307e-05,4.07805874254592e-07,0,0
