,target,ra,dec,BJD,RV_mlc_nzp,e_RV_mlc_nzp,RV_drs_nzp,e_RV_drs_nzp,RV_mlc,e_RV_mlc,RV_drs,e_RV_drs,RV_mlc_j,e_RV_mlc_j,CRX,e_CRX,dLW,e_dLW,Halpha,e_Halpha,NaD1,e_NaD1,NaD2,e_NaD2,f_RV,FWHM_DRS,CONTRAST_DRS,BIS,RVGUESS,SNR_DRS,BJD_DRS,BERV,BERV_DRS,DRIFT,e_DRIFT,SA,NZP_mlc,dNZP_mlc,NZP_drs,dNZP_drs,TMMEAN,EXPTIME,MLCRX,E_MLCRX,TIMEID,DRIFT_LAMP,MASK,PROGID,PROGPI,AIRMASS,OBHAB,THAR_FP,DPR_TYPE,RHKp,dRHKp,vsinflag,metflag
77409,GJ1161,188.909525,-34.902305,2454566.699518,-1.767408,1.887792,-14433.528378,3.029867,25.029391,1.842873,-14432.88506,2.999766,20.531389,1.841972,-12.019314,16.418208,18.264039,1.666904,0.95567,0.0034,0.236967,0.006684,0.258077,0.007712,0,3.12947,21.268498,-0.010292,-99999,25.9,2454566.69963,1.480568,1.492907,0,-9999999,0.0,0.612288,0.409365,0.643318,0.426028,0.47,450,-14.446167,16.255745,2008-04-10T04:36:27.701,-9999999,M2,180.C-0886(A),Bonfils,-9999999,HARPS_ech_obs_all,HARPS_ech_obs_objA,STAR_DARK_M4,6.38029642834454e-05,1.72986374634019e-06,1,0
77410,GJ1161,188.909525,-34.902305,2454583.6271447,0.282519,1.338595,-14427.555017,1.96793,27.78228,1.25094,-14425.851154,1.901466,23.519015,1.250237,30.676744,8.982242,8.77846,1.302514,0.931852,0.002432,0.237417,0.004273,0.262868,0.004943,0,3.122058,21.463364,-0.008491,-99999,35.9,2454583.62725,-5.949614,-5.936772,0,-9999999,0.001615,1.31525,0.476429,1.702248,0.507123,0.46,900,30.661353,8.977081,2008-04-27T02:49:03.064,-9999999,M2,180.C-0886(A),Bonfils,-9999999,HARPS_ech_obs_all,HARPS_ech_obs_objA,STAR_DARK_M4,0.000124234575123,9.96768643661903e-06,1,0
77411,GJ1161,188.909525,-34.902305,2454588.6592833,10.753725,1.626932,-14422.288998,2.417351,36.562685,1.446914,-14423.297307,2.308006,32.428672,1.445432,-6.857008,11.826065,8.200721,1.169544,0.927992,0.002746,0.23884,0.005114,0.255388,0.005845,0,3.123905,21.426463,0.003181,-99999,31.7,2454588.6594,-8.194197,-8.18142,0,-9999999,0.002095,-0.375551,0.743872,-1.010404,0.718814,0.48,900,-7.525868,11.6834,2008-05-02T03:35:12.036,-9999999,M2,180.C-0886(A),Bonfils,-9999999,HARPS_ech_obs_all,HARPS_ech_obs_objA,STAR_DARK_M4,8.65813394251604e-05,3.29172172771373e-06,1,0
77412,GJ1161,188.909525,-34.902305,2454589.6126507,-2.592483,1.69008,-14431.028631,2.652663,23.446588,1.565688,-14431.515109,2.555688,21.292102,1.565275,-0.200628,12.767688,12.521856,1.393419,0.940014,0.002969,0.246234,0.00571,0.269175,0.006631,0,3.121517,21.393526,-0.014878,-99999,29.3,2454589.61276,-8.504875,-8.492135,0,-9999999,0.002185,-0.14544,0.636389,-0.488663,0.710691,0.49,900,-0.370199,12.81723,2008-05-03T02:27:56.254,-9999999,M2,180.C-0886(A),Bonfils,-9999999,HARPS_ech_obs_all,HARPS_ech_obs_objA,STAR_DARK_M4,5.79775230919214e-05,1.53231856687199e-06,1,0
77413,GJ1161,188.909525,-34.902305,2454590.6094428,-4.840193,1.833185,-14432.401761,2.912386,21.250921,1.735978,-14431.969412,2.863122,16.566916,1.734523,-0.412573,14.570155,14.867401,1.282482,0.954117,0.003215,0.250804,0.006284,0.256511,0.007175,0,3.122604,21.385294,-0.021592,-99999,27.1,2454590.60954,-8.921254,-8.908509,0,-9999999,0.002281,-0.093397,0.589022,0.430068,0.533411,0.43,900,-0.276174,14.604051,2008-05-04T02:24:15.593,-9999999,M2,180.C-0886(A),Bonfils,-9999999,HARPS_ech_obs_all,HARPS_ech_obs_objA,STAR_DARK_M4,1.24392917005199e-05,7.14689661396745e-06,1,0
77414,GJ1161,188.909525,-34.902305,2454591.6073071,-16.207781,1.631755,-14446.044221,2.382461,9.225423,1.435865,-14445.045449,2.31174,4.680765,1.434617,40.9683,10.392408,8.574917,1.267464,0.937669,0.002769,0.248747,0.005164,0.246976,0.005857,0,3.122198,21.572098,-0.003124,-99999,31.5,2454591.60743,-9.337525,-9.324861,0,-9999999,0.002376,-0.751307,0.775188,0.996396,0.576176,0.52,900,40.984486,10.371895,2008-05-05T02:19:52.696,-9999999,M2,180.C-0886(A),Bonfils,-9999999,HARPS_ech_obs_all,HARPS_ech_obs_objA,STAR_DARK_M4,0.022792872319255,0.162349250827536,1,0
77415,GJ1161,188.909525,-34.902305,2454592.632241,-25.070975,1.295326,-14458.949584,1.776516,0.901826,1.122727,-14458.135088,1.665971,-3.301244,1.12179,-8.613994,9.04245,-0.433393,1.45223,0.964302,0.002265,0.247648,0.003862,0.267528,0.004417,0,3.115612,21.578405,-0.005159,-99999,39.2,2454592.63236,-9.818236,-9.80557,0,-9999999,0.002473,-0.21171,0.646028,0.812023,0.616887,0.48,900,-8.636849,9.182829,2008-05-06T02:56:25.807,-9999999,M2,180.C-0886(A),Bonfils,-9999999,HARPS_ech_obs_all,HARPS_ech_obs_objA,STAR_DARK_M4,0.000182268260335,4.10443165761599e-05,1,0
77416,GJ1161,188.909525,-34.902305,2454593.5379743,5.983814,1.440676,-14425.055346,2.012134,32.151965,1.15841,-14424.464325,1.756716,28.004197,1.157624,43.647699,8.760317,2.988242,1.264539,0.959371,0.00235,0.247462,0.004056,0.255412,0.004627,0,3.121065,21.579133,-0.00379,-99999,37.7,2454593.53809,-10.000589,-9.98801,0,-9999999,0.00256,-0.01636,0.856524,0.588461,0.981138,0.49,900,43.672441,8.747117,2008-05-07T00:40:34.761,-9999999,M2,180.C-0886(A),Bonfils,-9999999,HARPS_ech_obs_all,HARPS_ech_obs_objA,STAR_DARK_M4,0.000105976441263,6.84291503739591e-06,1,0
77417,GJ1161,188.909525,-34.902305,2454620.5728075,27.632291,2.809351,-14424.195994,4.398288,55.495642,2.675601,-14422.08046,4.287462,38.491115,2.669051,-32.983163,21.227159,13.034878,1.971175,0.927178,0.004614,0.250904,0.010959,0.26632,0.012599,0,3.098326,21.510711,-0.008951,-99999,18.4,2454620.57292,-19.684921,-19.674599,0,-9999999,0.005138,1.67884,0.856511,2.110396,0.981124,0.48,900,-32.257398,21.159761,2008-06-03T01:32:51.205,-9999999,M2,180.C-0886(A),Bonfils,-9999999,HARPS_ech_obs_all,HARPS_ech_obs_objA,STAR_DARK_M4,8.58022762475206e-05,6.76654489519185e-06,1,0
77418,GJ1161,188.909525,-34.902305,2454639.5982912,-0.603385,1.732954,-14438.322259,2.586716,26.113997,1.557094,-14437.095394,2.484461,21.606482,1.556385,-25.585138,11.555681,-1.900659,1.415407,0.968609,0.002956,0.255623,0.005632,0.263657,0.006568,0,3.103927,21.786819,-0.012843,-99999,29.5,2454639.59841,-24.092605,-24.085176,0,-9999999,0.006953,0.532871,0.760649,1.219912,0.720108,0.49,900,-25.266759,11.569565,2008-06-22T02:11:24.154,-9999999,M2,180.C-0886(A),Bonfils,-9999999,HARPS_ech_obs_all,HARPS_ech_obs_objA,STAR_DARK_M4,7.98756855820003e-05,2.93209814832424e-06,1,0
77419,GJ1161,188.909525,-34.902305,2454642.5753099,4.656067,1.578828,-14429.724762,2.174185,31.075823,1.326306,-14429.162027,1.999697,26.603433,1.324488,-5.728091,12.383374,-7.026906,1.209635,0.97652,0.002623,0.244594,0.00463,0.257124,0.005272,0,3.094819,22.033886,-0.015161,-99999,34.1,2454642.57543,-24.532384,-24.525488,0,-9999999,0.007237,0.235245,0.85651,0.555498,0.853401,0.48,900,-5.527818,12.56437,2008-06-25T01:38:48.245,-9999999,M2,180.C-0886(A),Bonfils,-9999999,HARPS_ech_obs_all,HARPS_ech_obs_objA,STAR_DARK_M4,9.85904606901765e-05,4.91241884017437e-06,1,0
77420,GJ1161,188.909525,-34.902305,2454645.5333482,-0.960028,1.543513,-14438.034182,2.289552,25.266416,1.349238,-14437.269726,2.068674,20.889745,1.34866,-6.612412,9.934049,-7.49569,1.171504,0.940569,0.002601,0.242219,0.004644,0.226723,0.005318,0,3.100189,21.940074,-0.002511,-99999,33.4,2454645.53347,-24.876656,-24.870354,0,-9999999,0.007519,0.041933,0.749659,0.756937,0.98114,0.51,900,-6.653952,9.689326,2008-06-28T00:38:16.655,-9999999,M2,180.C-0886(A),Bonfils,-9999999,HARPS_ech_obs_all,HARPS_ech_obs_objA,STAR_DARK_M4,-9999999.0,-9999999.0,-9999999,-9999999
77421,GJ1161,188.909525,-34.902305,2454647.5328653,-7.321853,1.886309,-14442.382532,2.89908,19.093159,1.680632,-14441.595849,2.728008,14.783067,1.677744,24.68152,12.245537,-7.384144,1.554244,0.957381,0.003205,0.244696,0.006188,0.253368,0.007084,0,3.097167,22.023654,-4.2e-05,-99999,27.4,2454647.53299,-25.123889,-25.117972,0,-9999999,0.00771,0.230501,0.856526,0.778973,0.98114,0.51,900,24.759889,12.399003,2008-06-30T00:37:49.249,-9999999,M2,180.C-0886(A),Bonfils,-9999999,HARPS_ech_obs_all,HARPS_ech_obs_objA,STAR_DARK_M4,8.03869096497582e-05,2.64734376986508e-06,1,0
77422,GJ1161,188.909525,-34.902305,2454658.4896992,3.754809,1.670865,15476.326917,2.459583,30.787858,1.434614,15477.673417,2.255409,26.320027,1.433402,-15.095258,11.578826,-6.310445,1.15997,0.934471,0.002735,0.227503,0.005009,0.24778,0.00578,0,2.764503,0.506683,-0.008531,28,31.5,2454658.48982,-25.862937,-25.85923,0,-9999999,0.008755,0.848538,0.856547,1.337745,0.981163,0.47,900,-14.943406,11.478873,2008-07-10T23:37:35.958,-9999999,M2,180.C-0886(A),Bonfils,-9999999,HARPS_ech_obs_all,HARPS_ech_obs_objA,STAR_DARK_M2,6.86736787979134e-05,1.90519825137256e-06,1,0
77423,GJ1161,188.909525,-34.902305,2454660.4731399,49.267258,3.3718,-14425.140655,5.023819,75.984816,3.281534,-14424.22427,4.9932,43.137589,3.208291,4.468053,28.635132,-4.114703,2.880889,0.936321,0.005419,0.273858,0.014004,0.281959,0.016624,0,3.083736,21.975508,-0.017089,-14,15.5,2454660.47325,-25.884092,-25.880796,0,-9999999,0.008944,0.533047,0.774964,0.907441,0.553814,0.43,900,5.100711,29.641607,2008-07-12T23:14:35.951,-9999999,M2,180.C-0886(A),Bonfils,-9999999,HARPS_ech_obs_all,HARPS_ech_obs_objA,STAR_DARK_M2,0.000105007317501,9.02460720029707e-06,1,0
77424,GJ1161,188.909525,-34.902305,2454661.4764835,4.326091,1.736602,-14439.627338,2.626556,30.830425,1.564482,-14438.115776,2.513214,26.360331,1.562328,-3.422448,12.916028,-7.360365,1.615557,0.917431,0.002943,0.225227,0.005589,0.234935,0.006403,0,3.092758,21.979596,-0.003683,-14,29.2,2454661.4766,-25.906772,-25.903686,0,-9999999,0.00904,0.319823,0.753779,1.502522,0.763249,0.49,900,-3.55052,12.794979,2008-07-13T23:18:38.287,-9999999,M2,180.C-0886(A),Bonfils,-9999999,HARPS_ech_obs_all,HARPS_ech_obs_objA,STAR_DARK_M2,7.11051337756468e-05,2.67610509706004e-06,1,0
77425,GJ1161,188.909525,-34.902305,2454662.487109,1.099129,1.645942,-14441.362466,2.390245,27.952907,1.405507,-14437.714951,2.183907,23.405009,1.4039,-1.774565,11.050401,-7.07411,1.540633,0.930199,0.002683,0.23248,0.004943,0.243389,0.005621,0,3.094182,21.99748,-0.011596,-14,32.2,2454662.48723,-25.935806,-25.932929,0,-9999999,0.009136,0.669267,0.856549,3.638379,0.971505,0.49,900,-1.761353,11.070705,2008-07-14T23:34:03.844,-9999999,M2,180.C-0886(A),Bonfils,-9999999,HARPS_ech_obs_all,HARPS_ech_obs_objA,STAR_DARK_M2,-9999999.0,-9999999.0,-9999999,-9999999
77426,GJ1161,188.909525,-34.902305,2454664.4849529,15.306307,2.26036,-14432.051866,3.64676,42.000322,2.091782,-14431.055191,3.512289,37.388337,2.090906,-46.668417,13.249885,-1.360929,2.698373,0.922309,0.00375,0.265061,0.008249,0.245886,0.009378,0,3.089825,21.854274,-0.0067,-14,22.6,2454664.48508,-25.928968,-25.926532,0,-9999999,0.009327,0.509504,0.85655,0.987348,0.981166,0.52,900,-46.181809,13.262957,2008-07-16T23:30:45.393,-9999999,M2,180.C-0886(A),Bonfils,-9999999,HARPS_ech_obs_all,HARPS_ech_obs_objA,STAR_DARK_M2,0.000125031173726,4.09552171288259e-05,1,0
77427,GJ1161,188.909525,-34.902305,2454665.5018547,-0.515672,1.552102,-14440.436187,2.212126,26.380557,1.337458,-14439.327171,2.060933,23.181285,1.335856,-24.093034,10.964,-9.246127,1.361217,0.931894,0.002596,0.223457,0.004605,0.244747,0.005318,0,3.091384,22.01976,-0.00967,-14,33.4,2454665.50197,-25.946259,-25.943994,0,-9999999,0.009424,0.711718,0.787544,1.099592,0.803777,0.49,900,-24.272172,10.865205,2008-07-17T23:55:40.261,-9999999,M2,180.C-0886(A),Bonfils,-9999999,HARPS_ech_obs_all,HARPS_ech_obs_objA,STAR_DARK_M2,8.91185909979114e-05,3.54377766727888e-06,1,0
77428,GJ1161,188.909525,-34.902305,2454666.4915327,5.186383,1.456556,-14433.621364,2.054199,31.93707,1.298679,-14432.281284,1.975652,27.595139,1.297851,3.953451,8.153803,-9.290284,1.291121,0.946143,0.002544,0.234878,0.004517,0.248888,0.005164,0,3.094825,21.97826,-0.008948,-14,34.4,2454666.49165,-25.910108,-25.908068,0,-9999999,0.009518,0.566176,0.659537,1.330562,0.562614,0.5,900,3.980669,8.132051,2008-07-18T23:40:46.779,-9999999,M2,180.C-0886(A),Bonfils,-9999999,HARPS_ech_obs_all,HARPS_ech_obs_objA,STAR_DARK_M2,5.35874347020318e-05,9.11178428953213e-07,1,0
77429,GJ1161,188.909525,-34.902305,2454667.5965311,-0.979308,7.182183,-14438.762363,7.427701,25.729723,7.130929,-14438.053356,7.362619,18.8309,7.034237,-7886.242452,3329.263937,30.918515,8.464429,0.931981,0.010824,0.392307,0.039217,0.286848,0.044346,64,3.070453,21.9736,-0.011796,-14,7.2,2454667.59666,-26.006837,-26.004938,0,-9999999,0.009623,0.52452,0.856504,0.699384,0.981116,0.52,900,36.591613,110.459341,2008-07-20T02:11:48.830,-9999999,M2,180.C-0886(A),Bonfils,-9999999,HARPS_ech_obs_all,HARPS_ech_obs_objA,STAR_DARK_M2,5.28154556921387e-05,3.45923639950515e-06,1,0
77430,GJ1161,188.909525,-34.902305,2454702.4911977,15.617203,3.418493,-14432.451006,5.127511,42.393998,3.349602,-14431.734541,5.062797,37.532996,3.353575,-473.722064,368.190121,-3.793596,3.047605,0.969608,0.005729,0.242374,0.014783,0.312829,0.017599,0,3.079513,21.787891,-0.014667,-14,14.7,2454702.49132,-20.519122,-20.524648,0,-9999999,0.012952,0.592284,0.682832,0.703513,0.812067,0.52,900,45.020896,24.41081,2008-08-23T23:44:05.770,-9999999,M2,180.C-0886(A),Bonfils,-9999999,HARPS_ech_obs_all,HARPS_ech_obs_objA,STAR_DARK_M2,7.82578104055666e-05,1.89979049174572e-05,1,0
