,target,ra,dec,BJD,RV_mlc_nzp,e_RV_mlc_nzp,RV_drs_nzp,e_RV_drs_nzp,RV_mlc,e_RV_mlc,RV_drs,e_RV_drs,RV_mlc_j,e_RV_mlc_j,CRX,e_CRX,dLW,e_dLW,Halpha,e_Halpha,NaD1,e_NaD1,NaD2,e_NaD2,f_RV,FWHM_DRS,CONTRAST_DRS,BIS,RVGUESS,SNR_DRS,BJD_DRS,BERV,BERV_DRS,DRIFT,e_DRIFT,SA,NZP_mlc,dNZP_mlc,NZP_drs,dNZP_drs,TMMEAN,EXPTIME,MLCRX,E_MLCRX,TIMEID,DRIFT_LAMP,MASK,PROGID,PROGPI,AIRMASS,OBHAB,THAR_FP,DPR_TYPE,RHKp,dRHKp,vsinflag,metflag
170960,GJ508.3,200.933175,-14.04524,2453833.7416011,-5.50094,1.477723,-8199.732211,1.975756,-3.729421,1.204195,-8200.302739,1.714948,-3.525974,1.208585,-0.332676,8.944591,-10.274431,0.801252,0.803674,0.002115,0.22013,0.002986,0.262342,0.003502,0,3.98039,0.917051,0.235408,0,41.7,2453833.74172,3.725281,3.725275,0,-9999999,0.0,-0.193984,0.856493,-0.570528,0.981104,0.48,900,-0.293898,9.078516,2006-04-08T05:32:29.826,-9999999,K5,072.C-0488(E),Mayor,-9999999,HARPS_ech_obs_all,HARPS_ech_obs_objA,STAR_DARK_K7,6.14245073208439e-05,6.61545496811838e-06,0,0
170961,GJ508.3,200.933175,-14.04524,2453834.7290789,-5.022002,1.497898,-18899.331217,2.14797,-3.212047,1.362319,-18900.840365,1.98021,-2.933985,1.366871,-3.458211,10.276309,-8.486021,0.936507,0.806769,0.002351,0.218606,0.003372,0.270302,0.003957,0,4.079794,0.753287,-0.125635,0,37.8,2453834.7292,3.250597,3.250609,0,-9999999,0.001344,-0.155549,0.622725,-1.510492,0.832192,0.5,900,-3.536251,10.355647,2006-04-09T05:14:08.900,-9999999,K5,072.C-0488(E),Mayor,-9999999,HARPS_ech_obs_all,HARPS_ech_obs_objA,STAR_DARK_K7,5.51231040481596e-05,8.60017633106755e-06,0,0
170962,GJ508.3,200.933175,-14.04524,2454135.8715745,-2.494407,1.470156,-49388.241187,1.994802,-1.128166,1.194871,-49388.586146,1.736835,-0.772917,1.199414,-0.718882,8.361758,-3.922143,0.744573,0.792476,0.002104,0.235059,0.00299,0.284809,0.003475,0,5.542921,29.512583,0.048829,-49,42.4,2454135.8717,28.320957,28.320759,0,-9999999,0.41109,-0.599263,0.856528,-0.756049,0.981142,0.5,900,-0.698,8.498116,2007-02-04T08:44:44.481,-9999999,K5,072.C-0488(E),Mayor,-9999999,HARPS_ech_obs_all,HARPS_ech_obs_objA,STAR_DARK_K7,8.10962371326256e-05,1.10288075722283e-05,0,0
170963,GJ508.3,200.933175,-14.04524,2454565.7727267,-5.109736,2.06212,-48870.189963,3.058291,-2.338879,1.965725,-48868.64681,2.978961,-1.91493,1.969832,-9.020636,14.292631,2.951858,1.155474,0.801169,0.00315,0.230397,0.005075,0.274449,0.005968,0,3.197978,16.696935,-0.020612,-99999,28.4,2454565.77284,2.883292,2.883674,0,-9999999,0.99603,0.805354,0.623109,0.547123,0.692053,0.48,450,-9.113154,14.428506,2008-04-09T06:20:52.166,-9999999,M2,180.C-0886(A),Bonfils,-9999999,HARPS_ech_obs_all,HARPS_ech_obs_objA,STAR_DARK_M4,5.40789789049355e-05,5.04140039775105e-06,0,0
170964,GJ508.3,200.933175,-14.04524,2454583.6659906,-1.517872,1.545693,-48871.202416,2.183591,1.750679,1.470439,-48868.552802,2.123889,1.901079,1.474432,-15.699265,12.257472,-1.155437,1.036746,0.795463,0.002422,0.2258,0.003607,0.276603,0.004284,0,3.184886,16.750115,-0.015574,-99999,36.5,2454583.6661,-5.961243,-5.960894,0,-9999999,1.020377,1.303047,0.47642,1.629237,0.507112,0.47,900,-15.487877,12.357027,2008-04-27T03:43:50.834,-9999999,M2,180.C-0886(A),Bonfils,-9999999,HARPS_ech_obs_all,HARPS_ech_obs_objA,STAR_DARK_M4,0.000125520841146,2.87654699842642e-05,0,0
170965,GJ508.3,200.933175,-14.04524,2454587.7032529,-4.169111,4.397892,-48876.059609,5.606187,-1.877627,4.313685,-48874.503506,5.519671,-2.108814,4.318768,15.642039,37.810671,10.096584,3.338738,0.802703,0.006031,0.215771,0.012211,0.253267,0.01456,0,3.198145,16.406858,-0.011313,-99999,14.5,2454587.70336,-8.049367,-8.049028,0,-9999999,1.02587,0.325981,0.856491,0.530233,0.981102,0.47,900,13.168086,37.239927,2008-05-01T04:37:38.371,-9999999,M2,180.C-0886(A),Bonfils,-9999999,HARPS_ech_obs_all,HARPS_ech_obs_objA,STAR_DARK_M4,0.001071385641437,0.017851500774261,0,0
170966,GJ508.3,200.933175,-14.04524,2454588.6853272,-8.232212,2.288747,-48876.499355,3.359997,-6.650441,2.164491,-48876.531503,3.282208,-6.481262,2.171009,23.986453,18.161081,10.576079,1.467533,0.801238,0.00335,0.216867,0.005491,0.288161,0.006581,0,3.199202,16.476996,-0.006937,-99999,26.4,2454588.68544,-8.487756,-8.487467,0,-9999999,1.027206,-0.383732,0.74387,-1.059354,0.718812,0.51,900,22.255187,18.311263,2008-05-02T04:11:15.898,-9999999,M2,180.C-0886(A),Bonfils,-9999999,HARPS_ech_obs_all,HARPS_ech_obs_objA,STAR_DARK_M4,6.61390852236968e-05,9.95405708775768e-06,0,0
170967,GJ508.3,200.933175,-14.04524,2454589.6390874,-7.058184,2.068271,-48879.478761,3.069766,-5.246425,1.967934,-48878.988608,2.986368,-5.264584,1.971045,-12.913796,13.311267,7.278368,1.165869,0.795696,0.003088,0.224278,0.004976,0.276329,0.005891,0,3.202534,16.608916,-0.009111,-99999,28.6,2454589.63921,-8.839352,-8.839085,0,-9999999,1.028504,-0.153745,0.636382,-0.538351,0.710684,0.51,900,-12.787283,13.364597,2008-05-03T03:04:43.148,-9999999,M2,180.C-0886(A),Bonfils,-9999999,HARPS_ech_obs_all,HARPS_ech_obs_objA,STAR_DARK_M4,5.66489150822359e-05,7.05974065773618e-06,0,0
170968,GJ508.3,200.933175,-14.04524,2454590.6357677,-2.422655,1.643217,-48870.702501,2.303477,-0.558817,1.534022,-48869.292051,2.240868,-0.232808,1.538657,-11.675137,11.573628,1.673026,1.011679,0.794098,0.002523,0.228799,0.003758,0.276113,0.004421,0,3.202643,16.677487,-0.021734,-99999,35.3,2454590.63588,-9.31474,-9.314458,0,-9999999,1.02986,-0.101666,0.589014,0.38059,0.5334,0.51,900,-12.10184,11.667635,2008-05-04T02:59:58.942,-9999999,M2,180.C-0886(A),Bonfils,-9999999,HARPS_ech_obs_all,HARPS_ech_obs_objA,STAR_DARK_M4,6.50417776565407e-05,7.25136298862117e-06,0,0
170969,GJ508.3,200.933175,-14.04524,2454591.6326591,-3.245134,1.768563,-48873.398393,2.416726,-2.038901,1.589625,-48871.41843,2.34704,-1.685733,1.593715,5.143095,12.64899,0.369381,1.094524,0.793935,0.002611,0.227659,0.003889,0.268423,0.004639,0,3.186247,16.742899,-0.004114,-99999,34.1,2454591.63277,-9.787797,-9.787515,0,-9999999,1.031216,-0.759271,0.775182,0.948747,0.576166,0.49,900,5.180451,12.699761,2008-05-05T02:55:51.107,-9999999,M2,180.C-0886(A),Bonfils,-9999999,HARPS_ech_obs_all,HARPS_ech_obs_objA,STAR_DARK_M4,5.21042280602212e-05,5.6231784278971e-06,0,0
170970,GJ508.3,200.933175,-14.04524,2454592.6648519,-2.658312,1.46375,-48873.265786,1.936136,-0.914762,1.313476,-48871.482435,1.835234,-0.450095,1.317512,14.708301,7.854596,-1.32186,0.9595,0.802118,0.002209,0.220298,0.003134,0.259581,0.003697,0,3.18015,16.779313,-0.006403,-99999,40.2,2454592.66497,-10.361399,-10.361127,0,-9999999,1.032621,-0.221953,0.646022,0.75073,0.616879,0.5,900,14.593844,8.081256,2008-05-06T03:42:06.558,-9999999,M2,180.C-0886(A),Bonfils,-9999999,HARPS_ech_obs_all,HARPS_ech_obs_objA,STAR_DARK_M4,6.5818265839873e-05,8.74432208498721e-06,0,0
170971,GJ508.3,200.933175,-14.04524,2454922.8058483,46.456083,1.50416,-49349.531136,2.003128,48.434161,1.236486,-49348.383539,1.746405,48.797496,1.240904,3.347701,10.102391,-0.539457,0.982739,0.790319,0.002148,0.231485,0.003043,0.269414,0.003503,0,5.540129,29.690276,0.067257,-49,41.9,2454922.80595,6.996358,6.996416,0,-9999999,1.481824,0.012574,0.856505,-0.334227,0.981117,0.44,900,3.513417,9.82806,2009-04-01T07:05:44.876,-9999999,K5,072.C-0488(E),Mayor,-9999999,HARPS_ech_obs_all,HARPS_ech_obs_objA,STAR_DARK_K7,9.76668642709596e-05,1.68738912667521e-05,0,0
170972,GJ508.3,200.933175,-14.04524,2455232.8618925,-22.235693,3.273247,-48881.41772,4.703805,-20.630113,3.159195,-48879.676545,4.600342,-19.925488,3.163235,68.055115,23.92227,18.418621,2.228136,0.787529,0.004928,0.216834,0.008764,0.278744,0.010286,0,3.197243,16.443519,-0.018949,-49,19.0,2455232.86189,28.119642,28.120001,0,-9999999,1.903698,-0.359924,0.856524,-0.162523,0.981138,0.49,900,66.713226,24.177287,2010-02-05T08:30:44.037,-9999999,M2,183.C-0437(A),Bonfils,-9999999,HARPS_ech_obs_all,HARPS_ech_obs_objA,STAR_DARK_M0,-9999999.0,-9999999.0,-9999999,-9999999
170973,GJ508.3,200.933175,-14.04524,2455261.8282974,-9.600364,2.061597,-49401.858394,3.01147,-7.034817,1.875252,-49398.99495,2.847165,-6.714075,1.880268,-25.774309,11.760532,6.239169,1.283042,0.788896,0.002999,0.225829,0.004651,0.271595,0.005469,0,5.502623,29.486632,0.08776,-49,30.2,2455261.82829,19.158359,19.158699,0,-9999999,1.943111,0.600044,0.856512,0.920333,0.981124,0.51,900,-25.875861,11.881254,2010-03-06T07:38:41.865,-9999999,K5,072.C-0488(E),Mayor,-9999999,HARPS_ech_obs_all,HARPS_ech_obs_objA,STAR_DARK_K7,-9999999.0,-9999999.0,-9999999,-9999999
170974,GJ508.3,200.933175,-14.04524,2456755.7962188,0.725029,3.346267,-49370.086414,4.65134,4.46912,3.244139,-49366.101139,4.546689,4.784765,3.251821,-19.20333,34.409606,11.493188,2.239994,0.792045,0.004716,0.19718,0.008325,0.258016,0.009998,0,5.660654,29.342883,0.107232,-49,19.3,2456755.79621,3.584424,3.584621,0,-9999999,3.975862,1.778587,0.820405,0.009413,0.981114,0.53,900,-15.701932,34.608097,2014-04-08T06:50:21.887,-9999999,K5,093.C-0409(A),LoCurto,-9999999,HARPS_ech_obs_all,HARPS_ech_obs_objA,STAR_DARK_K7,4.74307002633647e-05,5.18075135106182e-06,0,0
170975,GJ508.3,200.933175,-14.04524,2456755.8064944,-0.800448,3.122555,-49380.60089,4.42033,2.940415,3.012853,-49376.634914,4.310073,3.522897,3.018391,2.562766,26.006462,8.940001,2.152298,0.782267,0.004396,0.228989,0.007876,0.27126,0.009207,0,5.657982,29.487637,0.057811,-49,20.6,2456755.80649,3.557377,3.557553,0,-9999999,3.975876,1.775359,0.820407,-0.0099,0.981117,0.48,900,6.147992,25.706088,2014-04-08T07:05:54.684,-9999999,K5,093.C-0409(A),LoCurto,-9999999,HARPS_ech_obs_all,HARPS_ech_obs_objA,STAR_DARK_K7,5.58653690249035e-05,6.43198084375253e-06,0,0
170976,GJ508.3,200.933175,-14.04524,2457059.8707773,-11.099456,3.218828,-49392.626666,4.445531,-9.430963,3.102775,-49388.878611,4.335909,-9.151843,3.107855,-1.746523,25.943818,12.872789,2.015569,0.802987,0.004774,0.259269,0.008416,0.263934,0.009526,0,5.580735,29.141244,0.117286,-49,20.0,2457059.87078,27.92196,27.922018,0,-9999999,4.389598,-0.29701,0.856528,-0.641543,0.981142,0.49,900,-1.478432,25.985723,2015-02-06T08:43:28.202,-9999999,K5,192.C-0852(M),Udry,-9999999,HARPS_ech_obs_all,HARPS_ech_obs_thosimult,STAR_WAVE_K7,-9999999.0,-9999999.0,-9999999,-9999999
170977,GJ508.3,200.933175,-14.04524,2457060.8620813,0.755342,2.626417,-49374.61079,3.735087,2.452077,2.482828,-49370.803526,3.603921,2.593236,2.486907,-11.751614,17.263823,7.126347,1.899662,0.792551,0.003921,0.245438,0.006443,0.277685,0.007439,0,5.537947,29.563567,0.087705,-49,24.2,2457060.86207,27.736176,27.736271,0,-9999999,4.390947,-0.268768,0.856524,-0.583683,0.981138,0.49,900,-11.401392,17.375432,2015-02-07T08:30:48.926,-9999999,K5,183.C-0972(A),Udry,-9999999,HARPS_ech_obs_all,HARPS_ech_obs_thosimult,STAR_WAVE_K7,0.000117826730696,5.24225266762711e-05,0,0
170978,GJ508.3,200.933175,-14.04524,2457086.8999533,-5.123464,2.442438,-49392.622338,3.407967,-2.555994,2.287321,-49387.581844,3.263674,-2.315697,2.29257,-23.454434,15.701984,12.358459,1.568784,0.799963,0.003595,0.263016,0.005778,0.282989,0.006599,0,5.609946,28.979439,0.098567,-49,26.5,2457086.89995,19.452972,19.4531,0,-9999999,4.426375,0.601966,0.856542,0.614119,0.981157,0.53,900,-23.827283,15.790853,2015-03-05T09:21:44.239,-9999999,K5,192.C-0852(M),Udry,-9999999,HARPS_ech_obs_all,HARPS_ech_obs_thosimult,STAR_WAVE_K7,-9999999.0,-9999999.0,-9999999,-9999999
170979,GJ508.3,200.933175,-14.04524,2458558.7141774,-76.222071,2.62518,-49379.577968,4.400523,15.708525,2.379437,-49373.185629,4.189643,-1.398953,2.781378,-21.003895,23.550825,19.334691,2.843521,0.80494,0.004873,0.23818,0.007787,0.282458,0.009068,0,5.633963,29.392262,0.070371,-49,20.7,2458558.71417,15.266583,15.266735,0,-9999999,6.428984,0.345007,1.108986,-0.036645,1.345919,0.5,900,-19.680783,23.793364,2019-03-16T04:53:45.570,-9999999,K5,0102.C-0558(A),LoCurto,-9999999,HARPS_ech_obs_all,HARPS_ech_obs_objA,STAR_DARK_K7,0.000101096470014,2.7174909008858e-05,0,0
170980,GJ508.3,200.933175,-14.04524,2458889.8573074,419.332962,8.597542,-49383.511356,3.671686,510.391781,8.561768,-49377.777511,3.560176,-3.166882,2.669637,-43.482944,30.505928,87.882156,2.848212,0.781998,0.003709,0.240245,0.005798,0.279764,0.006712,0,5.637966,29.13234,0.110285,-49,25.6,2458889.8573,27.152875,27.152938,0,-9999999,6.87955,-0.52677,0.783496,-1.145705,0.898011,0.52,900,-45.130494,30.93363,2020-02-10T08:23:06.412,-9999999,K5,0103.C-0432(A),LoCurto,-9999999,HARPS_ech_obs_all,HARPS_ech_obs_objA,STAR_DARK_K7,0.000115240705104,0.000129565577061,0,0
170981,GJ508.3,200.933175,-14.04524,2459271.8658962,324.98445,7.766922,-49386.076362,5.533087,416.149788,7.713595,-49377.498721,5.47745,0.703473,1.93427,-10.531883,33.156482,87.959986,2.268752,0.799352,0.002808,0.240871,0.003846,0.280551,0.004462,0,5.642943,28.912332,0.0711,-49,35.3,2459271.8659,22.061801,22.061919,0,-9999999,7.399326,-0.42025,0.908589,1.178315,0.782681,0.47,900,-4.820407,31.181316,2021-02-26T08:34:12.059,-9999999,K5,106.21R4.001,UNKNOWN,-9999999,HARPS_ech_obs_all,HARPS_ech_obs_objAB,STAR_SKY_K7,9.69881263771863e-05,1.51487686190231e-05,0,0
