,target,ra,dec,BJD,RV_mlc_nzp,e_RV_mlc_nzp,RV_drs_nzp,e_RV_drs_nzp,RV_mlc,e_RV_mlc,RV_drs,e_RV_drs,RV_mlc_j,e_RV_mlc_j,CRX,e_CRX,dLW,e_dLW,Halpha,e_Halpha,NaD1,e_NaD1,NaD2,e_NaD2,f_RV,FWHM_DRS,CONTRAST_DRS,BIS,RVGUESS,SNR_DRS,BJD_DRS,BERV,BERV_DRS,DRIFT,e_DRIFT,SA,NZP_mlc,dNZP_mlc,NZP_drs,dNZP_drs,TMMEAN,EXPTIME,MLCRX,E_MLCRX,TIMEID,DRIFT_LAMP,MASK,PROGID,PROGPI,AIRMASS,OBHAB,THAR_FP,DPR_TYPE,RHKp,dRHKp,vsinflag,metflag
55268,GJ653,256.260386,-5.07051,2453263.4879954,-0.377957,0.905214,34213.300579,1.007376,-4.891184,0.288181,34212.277487,0.223277,-4.751914,0.290843,21.651814,5.70845,-19.740931,1.67976,0.635284,0.000284,0.170306,0.000286,0.213822,0.000354,0,6.148096,39.615905,0.026063,34,283.3,2453263.48799,-28.146759,-28.146805,0,-9999999,0.0,-1.246799,0.858116,-1.023092,0.982321,0.51,900,21.644707,5.712682,2004-09-14T23:36:00.399,-9999999,K5,072.C-0488(E),Mayor,-9999999,HARPS_ech_obs_all,HARPS_ech_obs_thosimult,STAR_WAVE_K5,4.40647205056522e-05,6.10566027221364e-06,0,0
55269,GJ653,256.260386,-5.07051,2453267.4884841,1.116629,0.91061,34214.540648,1.018694,-3.602423,0.304709,34213.543267,0.269784,-3.513925,0.307871,-6.401367,4.874327,-17.112299,1.053806,0.63555,0.000368,0.167951,0.000366,0.214916,0.000453,0,6.005633,40.917667,0.035506,34,222.6,2453267.48848,-27.873046,-27.873088,0,-9999999,0.005627,-1.452624,0.858116,-1.003008,0.982321,0.52,900,-6.363677,4.879301,2004-09-18T23:37:05.734,-9999999,K5,072.C-0488(E),Mayor,-9999999,HARPS_ech_obs_all,HARPS_ech_obs_thosimult,STAR_WAVE_K5,3.59876576644006e-05,4.27502267993077e-06,0,0
55270,GJ653,256.260386,-5.07051,2453517.746002,-2.170228,0.760004,34212.105847,0.716358,-6.377133,0.364987,34211.007373,0.312158,-6.160011,0.367396,-5.439709,4.83148,-28.910317,1.273387,0.635928,0.000457,0.16711,0.000449,0.214865,0.000554,0,5.98408,41.08926,0.027627,34,181.4,2453517.746,4.939031,4.939381,0,-9999999,0.35762,-0.940476,0.666626,-1.456094,0.644768,0.51,900,-5.403293,4.838571,2005-05-27T05:38:41.547,-9999999,K5,072.C-0488(E),Mayor,-9999999,HARPS_ech_obs_all,HARPS_ech_obs_thosimult,STAR_WAVE_K5,2.83790148871179e-05,2.96438577261098e-06,0,0
55271,GJ653,256.260386,-5.07051,2453543.6727718,1.552852,0.7748,34216.089491,0.959206,-1.960508,0.391188,34215.248526,0.326952,-1.891531,0.395814,-6.861377,5.404433,-7.319949,1.369271,0.636978,0.000486,0.168922,0.000485,0.211316,0.000597,0,6.002278,40.887423,0.030525,34,169.5,2453543.67277,-7.233061,-7.232744,0,-9999999,0.394087,-0.246932,0.668796,-1.235052,0.901764,0.49,900,-6.798503,5.409327,2005-06-22T03:53:41.056,-9999999,K5,072.C-0488(E),Mayor,-9999999,HARPS_ech_obs_all,HARPS_ech_obs_thosimult,STAR_WAVE_K5,3.45432384870073e-05,4.23888426561483e-06,0,0
55272,GJ653,256.260386,-5.07051,2453951.5641069,-3.109026,0.696693,34208.61642,0.743241,-4.321355,0.345887,34211.608566,0.280298,-4.164695,0.348045,3.377868,5.203584,-31.425867,1.333297,0.637307,0.000426,0.170406,0.000413,0.20938,0.000514,0,5.977139,41.088556,0.0286,34,197.0,2453951.56422,-23.328189,-23.328328,0,-9999999,0.967796,2.054099,0.604767,2.02435,0.688361,0.48,792,3.451559,5.209251,2006-08-04T01:21:30.091,-9999999,K5,072.C-0488(E),Mayor,-9999999,HARPS_ech_obs_all,HARPS_ech_obs_thosimult,STAR_WAVE_K5,2.8167653813129e-05,3.28367032239716e-06,0,0
55273,GJ653,256.260386,-5.07051,2454229.8285076,4.07746,0.865579,34217.445202,0.863442,1.081073,0.344085,34218.477082,0.292831,1.289088,0.351162,-5.764514,5.138103,-3.087371,1.611428,0.639933,0.000453,0.17141,0.00043,0.216568,0.000533,0,6.007097,40.857962,0.032634,34,189.3,2454229.82862,13.171988,13.171987,0,-9999999,1.359182,0.270041,0.79425,-0.327302,0.812269,0.49,900,-5.754873,5.136528,2007-05-09T07:38:38.289,-9999999,K5,072.C-0488(E),Mayor,-9999999,HARPS_ech_obs_all,HARPS_ech_obs_thosimult,STAR_WAVE_K5,3.28040628950209e-05,3.73061498628496e-06,0,0
55274,GJ653,256.260386,-5.07051,2454526.903071,0.414438,0.902231,34212.348676,1.007569,-2.808686,0.278684,34213.639886,0.224169,-2.508555,0.285161,-0.030065,3.490183,-18.677716,1.383281,0.643611,0.000343,0.169352,0.000321,0.216128,0.000399,0,5.991381,41.0066,0.028703,34,250.4,2454526.90306,28.667309,28.667286,0,-9999999,1.777024,0.043304,0.858111,-0.485814,0.982316,0.5,900,0.011261,3.492954,2008-03-01T09:33:34.982,-9999999,K5,072.C-0488(E),Mayor,-9999999,HARPS_ech_obs_all,HARPS_ech_obs_thosimult,STAR_WAVE_K5,3.1520462137701e-05,3.06879499839295e-06,0,0
55275,GJ653,256.260386,-5.07051,2454550.8607621,1.590899,0.81515,34215.280771,0.691613,-0.74962,0.343889,34216.881879,0.289636,-0.516307,0.351065,-8.687944,5.765442,-6.366988,1.644227,0.643902,0.000454,0.169169,0.000421,0.214691,0.00053,0,6.005167,40.89556,0.031867,34,192.1,2454550.86088,27.096825,27.096605,0,-9999999,1.810721,0.925909,0.73906,-0.209613,0.628045,0.48,800,-8.660418,5.765659,2008-03-25T08:30:31.068,-9999999,K5,072.C-0488(E),Mayor,-9999999,HARPS_ech_obs_all,HARPS_ech_obs_thosimult,STAR_WAVE_K5,3.28252693866465e-05,3.92524186322842e-06,0,0
55276,GJ653,256.260386,-5.07051,2454562.8842114,-3.081904,0.528958,34208.325535,0.483524,-5.633397,0.316034,34210.726126,0.249803,-5.356751,0.322314,-6.067144,4.380263,-25.137205,1.457123,0.646132,0.000377,0.169597,0.000355,0.215389,0.000441,0,5.984984,41.058969,0.029095,34,227.5,2454562.88432,24.467782,24.46763,0,-9999999,1.827633,0.714935,0.424168,0.572958,0.413998,0.48,750,-5.968176,4.391015,2008-04-06T09:03:11.548,-9999999,K5,072.C-0488(E),Mayor,-9999999,HARPS_ech_obs_all,HARPS_ech_obs_thosimult,STAR_WAVE_K5,2.93733039973986e-05,3.55925707318139e-06,0,0
55277,GJ653,256.260386,-5.07051,2454564.8723719,-3.137376,0.629407,34208.430126,0.716391,-5.444247,0.30337,34210.844077,0.238647,-5.391073,0.310254,-0.9323,4.429322,-19.658174,1.550504,0.64303,0.00036,0.166993,0.000341,0.211653,0.000423,0,5.990309,41.009216,0.024992,34,237.6,2454564.87249,23.964352,23.964185,0,-9999999,1.830429,0.959557,0.551471,0.583522,0.675473,0.48,900,-0.828432,4.441695,2008-04-08T08:44:42.720,-9999999,K5,072.C-0488(E),Mayor,-9999999,HARPS_ech_obs_all,HARPS_ech_obs_thosimult,STAR_WAVE_K5,3.05898833352427e-05,3.24784762591015e-06,0,0
55278,GJ653,256.260386,-5.07051,2454566.9097136,-1.925513,0.502051,34210.114327,0.474323,-4.543578,0.28134,34212.351613,0.218562,-4.374408,0.289286,-10.011234,4.127854,-15.130465,1.41431,0.643494,0.000327,0.167847,0.00031,0.215044,0.000381,0,5.997535,40.970638,0.027369,34,261.6,2454566.90971,23.295509,23.295687,1,-9999999,1.833295,0.648363,0.415816,0.403991,0.420967,0.5,900,-9.929608,4.138792,2008-04-10T09:37:57.127,-9999999,K5,072.C-0488(E),Mayor,-9999999,HARPS_ech_obs_all,HARPS_ech_obs_thosimult,STAR_WAVE_K5,3.17576571885284e-05,4.14396593737363e-06,0,0
55279,GJ653,256.260386,-5.07051,2454568.8787105,1.275533,0.831561,34213.971773,0.704463,-1.129682,0.359092,34216.204205,0.292534,-0.891379,0.367002,2.11557,5.004093,-15.425743,1.875093,0.641866,0.000462,0.171253,0.000431,0.216294,0.000534,0,5.992743,40.949483,0.027139,34,189.2,2454568.87882,22.789756,22.789622,0,-9999999,1.836064,0.861213,0.750031,0.396368,0.640852,0.47,900,2.184361,5.00407,2008-04-12T08:53:32.330,-9999999,K5,072.C-0488(E),Mayor,-9999999,HARPS_ech_obs_all,HARPS_ech_obs_thosimult,STAR_WAVE_K5,3.30708100890536e-05,3.43784075289045e-06,0,0
55280,GJ653,256.260386,-5.07051,2455294.8961315,3.274216,0.903329,34218.119903,0.839428,-0.354432,0.282232,34219.262817,0.236766,-0.159824,0.292081,-10.954674,4.975448,12.575156,2.012514,0.637773,0.000364,0.169012,0.000339,0.21715,0.000418,0,6.021216,40.728594,0.033088,34,240.3,2455294.89613,24.049431,24.049622,0,-9999999,2.857225,-0.36222,0.858108,-1.714311,0.805345,0.48,900,-10.851514,4.97522,2010-04-08T09:18:57.383,-9999999,K5,183.C-0972(A),Udry,-9999999,HARPS_ech_obs_all,HARPS_ech_obs_thosimult,STAR_WAVE_K5,4.04344138335163e-05,3.87716005280357e-06,0,0
55281,GJ653,256.260386,-5.07051,2455308.866579,0.465863,0.80153,34215.077313,0.680833,-1.730754,0.285287,34218.475513,0.242757,-1.490791,0.295236,-12.642512,5.580115,17.926259,1.876866,0.640085,0.000341,0.171291,0.000319,0.216425,0.000396,0,6.032603,40.660507,0.03055,34,253.8,2455308.86658,19.710986,19.711229,1,-9999999,2.876875,1.069811,0.749041,0.521325,0.636084,0.51,900,-12.618276,5.579845,2010-04-22T08:34:28.182,-9999999,K5,183.C-0972(A),Udry,-9999999,HARPS_ech_obs_all,HARPS_ech_obs_thosimult,STAR_WAVE_K5,4.02124719764032e-05,4.76386282974551e-06,0,0
55282,GJ653,256.260386,-5.07051,2455326.6884287,6.005881,0.948634,34219.767282,1.035768,3.553695,0.404527,34223.711017,0.328608,3.718214,0.412533,-14.565728,5.318309,38.361823,2.494421,0.640638,0.000464,0.173144,0.000452,0.215991,0.000556,0,6.056722,40.437041,0.035288,34,182.7,2455326.68842,13.054611,13.054961,0,-9999999,2.901942,0.814242,0.858059,1.041793,0.982259,0.49,900,-14.56506,5.311796,2010-05-10T04:16:49.577,-9999999,K5,183.C-0972(A),Udry,-9999999,HARPS_ech_obs_all,HARPS_ech_obs_thosimult,STAR_WAVE_K5,4.80264410038963e-05,5.82625304265773e-06,0,0
55283,GJ653,256.260386,-5.07051,2456010.833486,3.814612,0.625793,34217.555581,0.753305,0.29237,0.321726,34221.203478,0.270792,0.524567,0.33143,-14.011965,4.464973,22.677534,2.228537,0.638703,0.000386,0.168732,0.000363,0.219654,0.00045,0,6.036342,40.627263,0.033044,34,224.3,2456010.83348,27.353351,27.353405,0,-9999999,3.864209,-0.255814,0.536758,-0.216312,0.702951,0.5,900,-14.018103,4.457989,2012-03-24T07:50:13.304,-9999999,K5,183.C-0972(A),Udry,-9999999,HARPS_ech_obs_all,HARPS_ech_obs_thosimult,STAR_WAVE_K5,4.22261854907153e-05,4.91459340281708e-06,0,0
55284,GJ653,256.260386,-5.07051,2456012.8552498,2.543345,0.722938,34215.4749,0.82681,-1.434987,0.339892,34218.308722,0.289634,-1.272529,0.348926,-4.911531,5.334411,17.180719,2.220263,0.636511,0.000423,0.171626,0.000393,0.215037,0.000491,0,6.029871,40.670583,0.032737,34,206.9,2456012.85524,26.957507,26.957591,0,-9999999,3.867052,-0.711904,0.638054,-1.03323,0.77442,0.5,900,-4.896181,5.330247,2012-03-26T08:21:17.949,-9999999,K5,183.C-0972(A),Udry,-9999999,HARPS_ech_obs_all,HARPS_ech_obs_thosimult,STAR_WAVE_K5,3.87320850374133e-05,4.58747992506649e-06,0,0
55285,GJ653,256.260386,-5.07051,2456013.7957959,1.619881,0.494697,34215.691436,0.500284,-1.538418,0.380192,34219.094572,0.326154,-1.389034,0.388782,-11.606501,5.896698,19.297812,2.35581,0.641626,0.000464,0.170608,0.000436,0.216144,0.000548,0,6.033772,40.650883,0.032278,34,185.8,2456013.79579,26.921411,26.92148,-1,-9999999,3.868375,0.108129,0.316512,-0.465239,0.379351,0.53,900,-11.613439,5.895079,2012-03-27T06:55:06.885,-9999999,K5,183.C-0972(A),Udry,-9999999,HARPS_ech_obs_all,HARPS_ech_obs_thosimult,STAR_WAVE_K5,4.20597467578365e-05,4.50440169169954e-06,0,0
55286,GJ653,256.260386,-5.07051,2456080.6650308,6.677906,0.585399,34220.788194,0.557188,3.408602,0.334627,34224.299977,0.28052,3.427053,0.342359,-1.355467,5.209719,21.654534,2.283224,0.634003,0.000402,0.174209,0.000382,0.212442,0.000471,0,6.035572,40.605811,0.028631,34,215.1,2456080.66503,2.210711,2.210922,0,-9999999,3.962429,-0.002875,0.48033,-0.450646,0.481422,0.51,900,-1.286807,5.195661,2012-06-02T03:41:57.349,-9999999,K5,183.C-0972(A),Udry,-9999999,HARPS_ech_obs_all,HARPS_ech_obs_thosimult,STAR_WAVE_K5,4.26049470013482e-05,4.48696082220614e-06,0,0
55287,GJ653,256.260386,-5.07051,2456167.5824459,3.112629,0.946923,34216.306798,1.048396,0.060848,0.423903,34221.206511,0.366421,-0.120105,0.428022,-7.857834,6.366186,15.028734,2.329317,0.640379,0.000525,0.171299,0.000507,0.213234,0.000627,0,6.029435,40.638217,0.031892,34,164.8,2456167.58244,-27.922576,-27.922534,0,-9999999,4.08468,0.214647,0.84674,0.815033,0.982278,0.5,900,-7.794319,6.362212,2012-08-28T01:49:43.569,-9999999,K5,183.C-0972(A),Udry,-9999999,HARPS_ech_obs_all,HARPS_ech_obs_thosimult,STAR_WAVE_K5,3.92408949768871e-05,4.21850462051762e-06,0,0
55288,GJ653,256.260386,-5.07051,2456171.5332854,4.716135,0.736885,34216.731438,0.749199,3.28092,0.357466,34223.5366,0.308021,3.108851,0.362354,-9.080928,5.928754,17.309495,2.410863,0.643492,0.00044,0.1737,0.00042,0.216459,0.000518,0,6.038156,40.619848,0.028933,34,197.5,2456171.53328,-28.122186,-28.122152,0,-9999999,4.090237,1.831213,0.644373,2.714925,0.682951,0.48,900,-9.030989,5.917673,2012-09-01T00:39:45.783,-9999999,K5,183.C-0972(A),Udry,-9999999,HARPS_ech_obs_all,HARPS_ech_obs_thosimult,STAR_WAVE_K5,4.13979069877866e-05,4.6183005946854e-06,0,0
55289,GJ653,256.260386,-5.07051,2456195.4927769,2.313358,0.885756,34214.401737,0.965505,-0.705548,0.370984,34219.663171,0.323089,-0.87492,0.375009,-20.129159,6.328264,8.183251,2.323801,0.643072,0.000482,0.171073,0.000447,0.217798,0.000561,0,6.022435,40.731376,0.030932,34,183.3,2456195.49277,-27.213872,-27.213935,0,-9999999,4.123937,0.247522,0.804322,1.137497,0.909842,0.5,900,-20.05108,6.329185,2012-09-24T23:44:20.296,-9999999,K5,183.C-0972(A),Udry,-9999999,HARPS_ech_obs_all,HARPS_ech_obs_thosimult,STAR_WAVE_K5,3.8410159747761e-05,4.8580414669523e-06,0,0
55290,GJ653,256.260386,-5.07051,2456757.8517276,-0.568823,0.592414,34212.43882,0.54729,-3.725766,0.370828,34216.990591,0.320985,-3.596088,0.376697,-11.588166,5.03621,2.405669,2.486429,0.639353,0.000468,0.167271,0.000435,0.214929,0.000536,0,6.011749,40.848446,0.03008,34,188.0,2456757.85172,23.591521,23.591596,1,-9999999,4.914908,0.109485,0.461996,-0.363137,0.443277,0.45,900,-11.496454,5.038102,2014-04-10T08:15:13.274,-9999999,K5,192.C-0852(A),Udry,-9999999,HARPS_ech_obs_all,HARPS_ech_obs_wavesimult,STAR_WAVE_K5,2.98442800209442e-05,3.6271978651986e-06,0,0
55291,GJ653,256.260386,-5.07051,2456758.9281876,-1.272649,0.900324,34212.636063,0.939653,-2.924052,0.568632,34218.442069,0.488964,-2.839186,0.57274,-13.759162,5.783659,3.26574,2.873691,0.63879,0.000703,0.169935,0.000668,0.212783,0.000834,0,6.016206,40.832533,0.031864,34,123.9,2456758.92819,23.093858,23.093922,0,-9999999,4.916422,1.615025,0.698027,0.889584,0.80241,0.49,600,-13.698516,5.784389,2014-04-11T10:07:03.152,-9999999,K5,192.C-0852(A),Udry,-9999999,HARPS_ech_obs_all,HARPS_ech_obs_wavesimult,STAR_WAVE_K5,3.19341821806953e-05,3.68064738687966e-06,0,0
55292,GJ653,256.260386,-5.07051,2456760.7993359,-1.697844,0.603595,34211.20469,0.608107,-5.049064,0.394767,34215.719294,0.342387,-4.939031,0.40062,0.401185,5.630441,5.086345,2.692496,0.637801,0.000487,0.170148,0.000456,0.215841,0.000566,0,6.014883,40.822876,0.028383,34,178.4,2456760.79932,22.859221,22.859338,1,-9999999,4.919054,-0.084791,0.456603,-0.40445,0.502558,0.5,900,0.462975,5.630592,2014-04-13T06:58:41.963,-9999999,K5,192.C-0852(A),Udry,-9999999,HARPS_ech_obs_all,HARPS_ech_obs_wavesimult,STAR_WAVE_K5,3.35204648168589e-05,3.7737721058473e-06,0,0
55293,GJ653,256.260386,-5.07051,2456765.7689616,-0.57538,0.645201,34212.653056,0.639861,-4.214231,0.306526,34216.969537,0.264719,-4.173975,0.314294,-5.524497,4.47583,10.126476,2.703429,0.638039,0.000375,0.169851,0.000349,0.215535,0.000433,0,6.020045,40.7694,0.031411,34,232.0,2456765.76896,21.363681,21.363783,1,-9999999,4.926044,-0.372422,0.567737,-0.609563,0.582534,0.51,900,-5.494026,4.475888,2014-04-18T06:14:17.159,-9999999,K5,192.C-0852(A),Udry,-9999999,HARPS_ech_obs_all,HARPS_ech_obs_wavesimult,STAR_WAVE_K5,3.35151157392009e-05,4.09466189372552e-06,0,0
55294,GJ653,256.260386,-5.07051,2456766.7979348,0.152463,0.687079,34213.043795,0.683218,-4.070631,0.299633,34216.720412,0.259378,-4.011055,0.308036,-5.562655,4.985366,10.638803,2.599429,0.637641,0.000372,0.167828,0.000346,0.215228,0.000427,0,6.021155,40.765646,0.031058,34,235.2,2456766.79793,20.952265,20.952381,1,-9999999,4.927491,-0.956666,0.618302,-1.250874,0.632068,0.5,900,-5.515905,4.984577,2014-04-19T06:56:03.211,-9999999,K5,192.C-0852(A),Udry,-9999999,HARPS_ech_obs_all,HARPS_ech_obs_wavesimult,STAR_WAVE_K5,3.27332734260096e-05,3.91071065815323e-06,0,0
55295,GJ653,256.260386,-5.07051,2456768.746158,2.837375,0.675411,34214.287256,0.667148,-1.252739,0.332976,34218.483869,0.287272,-1.257262,0.340694,-12.670331,5.48083,8.197152,2.619295,0.638353,0.000409,0.170119,0.000381,0.214026,0.000471,0,6.017178,40.794289,0.02982,34,212.5,2456768.74616,20.408988,20.409099,0,-9999999,4.930231,-0.823686,0.587628,-0.733618,0.60213,0.5,900,-12.618442,5.47743,2014-04-21T05:41:18.170,-9999999,K5,192.C-0852(A),Udry,-9999999,HARPS_ech_obs_all,HARPS_ech_obs_wavesimult,STAR_WAVE_K5,3.36936884064661e-05,4.48019816297495e-06,0,0
55296,GJ653,256.260386,-5.07051,2456788.8601537,-2.573384,0.820904,34210.644638,0.72346,-3.807141,0.513164,34216.553936,0.440798,-3.884462,0.51838,-8.507609,6.812042,12.903397,3.061234,0.6339,0.000626,0.168291,0.0006,0.215108,0.000737,0,6.027035,40.747738,0.032034,34,138.7,2456788.86015,12.098962,12.099115,1,-9999999,4.958522,2.032671,0.640739,0.950776,0.573665,0.49,900,-8.474525,6.81072,2014-05-11T08:24:01.308,-9999999,K5,192.C-0852(A),Udry,-9999999,HARPS_ech_obs_all,HARPS_ech_obs_wavesimult,STAR_WAVE_K5,3.52174468990508e-05,3.60558236243707e-06,0,0
55297,GJ653,256.260386,-5.07051,2456792.8497261,0.77672,0.540742,34213.816479,0.522904,-2.768535,0.324271,34218.346658,0.282193,-2.7465,0.331135,-18.177262,4.655877,9.503083,2.687308,0.635633,0.000407,0.167839,0.000379,0.216814,0.000469,0,6.023965,40.764928,0.028108,34,215.4,2456792.84972,10.354651,10.354798,0,-9999999,4.964134,-0.278827,0.432724,-0.433955,0.440222,0.48,900,-18.134036,4.654928,2014-05-15T08:08:56.218,-9999999,K5,192.C-0852(A),Udry,-9999999,HARPS_ech_obs_all,HARPS_ech_obs_wavesimult,STAR_WAVE_K5,3.29741834679136e-05,3.29795808538714e-06,0,0
55298,GJ653,256.260386,-5.07051,2456809.6976086,-0.4287,0.893997,34212.415279,0.787817,-3.195728,0.389488,34217.874145,0.336407,-3.389091,0.394385,0.625316,4.347892,4.295862,2.789927,0.635804,0.000488,0.171102,0.000457,0.214615,0.000566,0,6.018031,40.814663,0.028849,34,178.7,2456809.6976,2.830466,2.830645,1,-9999999,4.987831,0.4994,0.804692,0.471035,0.712381,0.49,900,0.677472,4.344405,2014-06-01T04:29:11.674,-9999999,K5,192.C-0852(A),Udry,-9999999,HARPS_ech_obs_all,HARPS_ech_obs_wavesimult,STAR_WAVE_K5,3.34422740329427e-05,4.00582442770167e-06,0,0
55299,GJ653,256.260386,-5.07051,2456810.718436,-2.360581,0.785066,34210.448284,0.707117,-4.623958,0.350825,34216.808165,0.302887,-4.673341,0.356505,-13.921711,4.882892,4.500468,2.664327,0.634895,0.00044,0.170744,0.00041,0.210908,0.00051,0,6.014004,40.820869,0.032582,34,198.5,2456810.71843,2.285692,2.28587,0,-9999999,4.989267,1.003051,0.702318,1.370614,0.638963,0.51,900,-13.864774,4.88624,2014-06-02T04:58:52.417,-9999999,K5,192.C-0852(A),Udry,-9999999,HARPS_ech_obs_all,HARPS_ech_obs_wavesimult,STAR_WAVE_K5,3.2042031054485e-05,3.53261271816748e-06,0,0
55300,GJ653,256.260386,-5.07051,2456811.8100014,-1.159582,0.936477,34212.394257,1.0348,-3.177812,0.375097,34218.563313,0.325493,-3.247205,0.380192,-13.411737,5.727679,2.013035,2.647871,0.634405,0.000461,0.171237,0.000434,0.213731,0.000536,0,6.010745,40.830365,0.027707,34,187.9,2456811.81,1.540617,1.540755,1,-9999999,4.990802,1.248199,0.858074,1.178254,0.982276,0.48,900,-13.3763,5.726516,2014-06-03T07:11:10.034,-9999999,K5,192.C-0852(A),Udry,-9999999,HARPS_ech_obs_all,HARPS_ech_obs_wavesimult,STAR_WAVE_K5,3.30231868430608e-05,3.6119963112617e-06,0,0
55301,GJ653,256.260386,-5.07051,2456816.744112,-2.2692,0.690531,34210.671438,0.692928,-3.874897,0.466266,34217.36317,0.401893,-3.875672,0.46971,-12.520519,5.472294,1.680915,2.859812,0.636574,0.000582,0.168425,0.000554,0.213745,0.000681,0,6.01795,40.824073,0.033216,34,149.3,2456816.74411,-0.678113,-0.677941,0,-9999999,4.997742,1.660731,0.509342,1.69399,0.564474,0.54,900,-12.501641,5.472395,2014-06-08T05:35:22.339,-9999999,K5,192.C-0852(A),Udry,-9999999,HARPS_ech_obs_all,HARPS_ech_obs_wavesimult,STAR_WAVE_K5,3.13072293369525e-05,3.20136706598799e-06,0,0
55302,GJ653,256.260386,-5.07051,2456857.6178139,-0.91461,0.879197,34211.523184,0.888135,-3.393971,0.577657,34217.92838,0.483486,-3.401236,0.579974,-13.058836,6.486987,-4.646388,2.952728,0.638742,0.000709,0.166641,0.000681,0.21448,0.000845,0,6.009038,40.861277,0.029827,34,122.3,2456857.61781,-18.310103,-18.309943,0,-9999999,5.055232,0.787067,0.662797,1.349964,0.745,0.52,900,-13.026435,6.485546,2014-07-19T02:35:43.573,-9999999,K5,Udry,Udry,-9999999,HARPS_ech_obs_all,HARPS_ech_obs_thosimult,STAR_WAVE_K5,3.48959318089017e-05,3.44185209781958e-06,0,0
55303,GJ653,256.260386,-5.07051,2456862.6688118,-2.020797,1.050188,34209.796668,1.109096,-3.667126,0.605498,34216.600605,0.515033,-3.906817,0.606429,-0.546976,5.76068,-7.479559,2.956922,0.639663,0.000718,0.170636,0.000705,0.212274,0.000883,0,6.008464,40.897532,0.031786,34,118.1,2456862.6688,-20.221774,-20.221635,0,-9999999,5.062336,1.620099,0.85806,1.741601,0.98226,0.48,900,-0.485572,5.760086,2014-07-24T03:50:13.636,-9999999,K5,192.C-0852(A),Udry,-9999999,HARPS_ech_obs_all,HARPS_ech_obs_wavesimult,STAR_WAVE_K5,2.76174803262024e-05,2.99984304716606e-06,0,0
55304,GJ653,256.260386,-5.07051,2456915.5353568,-3.217438,0.687353,34208.75279,0.67996,-4.618846,0.623239,34215.987572,0.532057,-4.698037,0.624565,4.588112,6.668254,-4.009692,2.84645,0.636506,0.000769,0.170769,0.000749,0.212617,0.000926,0,6.01586,40.846511,0.02849,34,112.4,2456915.53535,-28.257415,-28.257425,0,-9999999,5.136694,1.86502,0.289874,2.098088,0.423391,0.51,900,4.629142,6.667916,2014-09-15T00:44:07.941,-9999999,K5,192.C-0852(A),Udry,-9999999,HARPS_ech_obs_all,HARPS_ech_obs_thosimult,STAR_WAVE_K5,2.92395643261154e-05,3.5491429744502e-06,0,0
55305,GJ653,256.260386,-5.07051,2456919.5348477,1.879255,0.636155,34215.065286,0.629723,-0.047887,0.516636,34222.226544,0.446153,-0.4105,0.518716,-5.820029,5.163328,-1.284186,2.789339,0.639576,0.000628,0.169476,0.000606,0.215054,0.000758,0,6.021289,40.799267,0.027468,34,136.4,2456919.53485,-28.010441,-28.010487,0,-9999999,5.142319,1.339286,0.371188,2.018939,0.444408,0.45,900,-5.779382,5.15354,2014-09-19T00:44:50.093,-9999999,K5,192.C-0852(A),Udry,-9999999,HARPS_ech_obs_all,HARPS_ech_obs_thosimult,STAR_WAVE_K5,3.41540727091736e-05,3.44785468346076e-06,0,0
55306,GJ653,256.260386,-5.07051,2456920.5249851,2.31238,0.548444,34215.44218,0.580499,0.31212,0.455108,34221.975602,0.394491,0.174554,0.45682,-4.328324,5.551236,0.900079,2.657133,0.640191,0.000558,0.167447,0.000537,0.210999,0.000668,0,6.021716,40.800021,0.029352,34,154.4,2456920.52497,-27.910041,-27.910071,0,-9999999,5.143712,1.266169,0.306051,1.38971,0.425859,0.52,900,-4.285433,5.544086,2014-09-20T00:29:42.860,-9999999,K5,192.C-0852(A),Udry,-9999999,HARPS_ech_obs_all,HARPS_ech_obs_thosimult,STAR_WAVE_K5,3.03030079855157e-05,3.71970497475022e-06,0,0
55307,GJ653,256.260386,-5.07051,2456923.4944359,1.810527,0.945007,34213.998441,0.853997,-0.05326,0.62018,34220.460187,0.529526,-0.405184,0.622487,-10.667855,7.111372,1.64023,3.137391,0.634887,0.000752,0.170101,0.000731,0.213014,0.000906,0,6.018148,40.777571,0.026159,34,114.8,2456923.49442,-27.553362,-27.553403,0,-9999999,5.147889,1.402641,0.713033,1.313857,0.67001,0.53,900,-10.656216,7.104078,2014-09-22T23:45:57.946,-9999999,K5,192.C-0852(A),Udry,-9999999,HARPS_ech_obs_all,HARPS_ech_obs_thosimult,STAR_WAVE_K5,3.16221891258667e-05,3.53473611783711e-06,0,0
55308,GJ653,256.260386,-5.07051,2457135.7875978,-7.347498,0.919585,34205.176455,1.02228,-10.852449,0.330689,34210.134244,0.283201,-10.773541,0.335135,6.338933,5.081093,-8.088684,2.630391,0.641241,0.000416,0.169036,0.000381,0.212598,0.000471,0,6.005761,40.925463,0.03198,34,212.2,2457135.78759,19.667565,19.667683,0,-9999999,5.446484,-0.238523,0.858068,-0.488695,0.982269,0.51,900,6.366363,5.08807,2015-04-23T06:40:40.299,-9999999,K5,192.C-0852(A),Udry,-9999999,HARPS_ech_obs_all,HARPS_ech_obs_wavesimult,STAR_WAVE_K5,2.81812184846832e-05,2.94024788826792e-06,0,0
55309,GJ653,256.260386,-5.07051,2457140.8048457,-5.366048,0.715645,34206.699082,0.953695,-8.241406,0.343595,34212.583273,0.287182,-8.163344,0.347663,-4.95951,6.653092,-6.061031,2.762082,0.638904,0.000433,0.165022,0.000399,0.208984,0.000495,0,6.008077,40.92348,0.027215,34,203.3,2457140.80484,17.744476,17.744644,0,-9999999,5.453541,0.39107,0.627766,0.43065,0.909429,0.53,900,-4.925423,6.657176,2015-04-28T07:04:45.542,-9999999,K5,192.C-0852(A),Udry,-9999999,HARPS_ech_obs_all,HARPS_ech_obs_wavesimult,STAR_WAVE_K5,2.63499172936861e-05,3.17484502565134e-06,0,0
55310,GJ653,256.260386,-5.07051,2457143.8878147,-2.357618,0.71764,34210.036764,0.78444,-5.832497,0.327981,34214.78789,0.282132,-5.859673,0.332562,-5.528635,5.059645,-5.503515,2.735899,0.640087,0.00041,0.164398,0.000375,0.212478,0.000463,0,6.007762,40.930385,0.025967,34,215.9,2457143.8878,16.331957,16.332122,0,-9999999,5.457877,-0.208451,0.638307,-0.706751,0.731948,0.51,900,-5.458742,5.063315,2015-05-01T09:04:16.839,-9999999,K5,192.C-0852(A),Udry,-9999999,HARPS_ech_obs_all,HARPS_ech_obs_wavesimult,STAR_WAVE_K5,2.66455148773094e-05,2.60429014955735e-06,0,0
55311,GJ653,256.260386,-5.07051,2457146.7662214,-5.501271,0.718908,34207.334596,1.015005,-8.576558,0.299204,34212.448782,0.255717,-8.518007,0.30406,3.930995,5.652364,-5.060997,2.583302,0.639206,0.000367,0.165401,0.000339,0.2099,0.000422,0,6.005301,40.912904,0.028492,34,237.9,2457146.76621,15.466258,15.466429,0,-9999999,5.461926,0.191141,0.653686,-0.34774,0.982265,0.51,900,3.963927,5.654686,2015-05-04T06:08:57.941,-9999999,K5,192.C-0852(A),Udry,-9999999,HARPS_ech_obs_all,HARPS_ech_obs_wavesimult,STAR_WAVE_K5,2.60445858396771e-05,2.56210666873041e-06,0,0
55312,GJ653,256.260386,-5.07051,2457266.5329138,-0.32947,0.681309,34225.691052,0.666643,-11.76426,0.333481,34231.558077,0.303713,3.929302,0.344228,-6.226804,11.199265,3.01704,3.129863,0.637612,0.000437,0.167148,0.000405,0.208524,0.000498,0,6.021792,40.769533,0.051256,34,200.6,2457266.53291,-28.083521,-28.083483,0,-9999999,5.630381,-0.122865,0.594114,0.236644,0.59344,0.47,900,-6.157382,11.195485,2015-09-01T00:39:18.453,-9999999,K5,192.C-0852(A),Udry,-9999999,HARPS_ech_obs_all,HARPS_ech_obs_thosimult,STAR_WAVE_K5,2.83602606118499e-05,2.90796031600385e-06,0,0
55313,GJ653,256.260386,-5.07051,2457269.5827361,-2.30446,0.624705,34223.512925,0.543237,-12.21056,0.294763,34230.630283,0.268486,3.437394,0.309433,12.567653,9.631673,-2.796877,3.231897,0.64171,0.000371,0.169097,0.000344,0.211345,0.000424,0,6.017138,40.808568,0.051014,34,232.5,2457269.58273,-28.366192,-28.366136,0,-9999999,5.63467,1.405826,0.550792,1.482688,0.472251,0.51,900,12.604073,9.626934,2015-09-04T01:50:51.714,-9999999,K5,192.C-0852(A),Udry,-9999999,HARPS_ech_obs_all,HARPS_ech_obs_thosimult,STAR_WAVE_K5,2.6498452452191e-05,2.73981071614279e-06,0,0
55314,GJ653,256.260386,-5.07051,2457276.5164777,-3.283135,0.689059,34223.667184,0.704487,-11.288483,0.583703,34232.411075,0.511843,4.777572,0.589314,0.921943,10.900354,-8.117396,3.695433,0.644651,0.000766,0.170424,0.000723,0.210597,0.000883,0,6.014465,40.858668,0.052436,34,115.3,2457276.51647,-28.359056,-28.359059,0,-9999999,5.644423,3.306577,0.366187,3.099468,0.484064,0.49,900,0.99378,10.888353,2015-09-11T00:16:41.260,-9999999,K5,192.C-0852(A),Udry,-9999999,HARPS_ech_obs_all,HARPS_ech_obs_wavesimult,STAR_WAVE_K5,2.42720733748112e-05,2.55019555116435e-06,0,0
55315,GJ653,256.260386,-5.07051,2457512.7924934,-0.254585,0.461958,34225.254063,0.756368,-10.056877,0.310679,34232.529678,0.280899,5.141814,0.322641,14.35244,8.129806,6.957056,3.178308,0.640545,0.000408,0.163271,0.000365,0.206891,0.000451,0,6.028824,40.753583,0.051417,34,218.4,2457512.79249,15.09779,15.097965,2,-9999999,5.976751,1.509634,0.341882,1.298864,0.702273,0.46,900,14.359438,8.124173,2016-05-04T06:47:30.594,-9999999,K5,196.C-1006(A),Udry,-9999999,HARPS_ech_obs_all,HARPS_ech_obs_thosimult,STAR_WAVE_K5,2.60903530996137e-05,2.76454322377131e-06,0,0
55316,GJ653,256.260386,-5.07051,2457522.8044455,-2.813438,1.12421,34222.873642,1.398473,-11.732511,0.41144,34229.440982,0.367411,3.468955,0.420015,20.71712,8.521777,4.713725,3.307919,0.635992,0.000552,0.169812,0.000503,0.212057,0.000617,0,6.024278,40.776801,0.046642,34,161.1,2457522.80444,10.700923,10.701142,0,-9999999,5.990833,2.392852,1.046215,0.576507,1.349346,0.53,900,20.746189,8.514379,2016-05-14T07:03:02.840,-9999999,K5,196.C-1006(A),Udry,-9999999,HARPS_ech_obs_all,HARPS_ech_obs_wavesimult,STAR_WAVE_K5,2.89045163472733e-05,3.28976763194524e-06,0,0
55317,GJ653,256.260386,-5.07051,2457567.7164998,-0.678633,0.996524,34224.821392,0.995352,-10.090942,0.258249,34232.736234,0.241608,5.238831,0.277482,9.917667,7.977299,4.028141,3.094222,0.639457,0.000339,0.170088,0.00031,0.212085,0.000382,0,6.026109,40.751043,0.050599,34,257.8,2457567.7165,-10.169462,-10.169271,0,-9999999,6.054003,1.899617,0.96248,1.860839,0.965583,0.49,900,9.914566,7.979905,2016-06-28T04:56:55.304,-9999999,K5,196.C-1006(A),Udry,-9999999,HARPS_ech_obs_all,HARPS_ech_obs_wavesimult,STAR_WAVE_K5,3.0018998878439e-05,3.09181204406154e-06,0,0
55318,GJ653,256.260386,-5.07051,2457570.7149145,-1.156072,1.108102,34225.204864,1.160462,-11.386256,0.39324,34231.946048,0.360243,4.13063,0.408277,21.200419,8.988842,2.860685,3.328792,0.636234,0.000508,0.170617,0.000473,0.211118,0.000579,0,6.027146,40.765159,0.050894,34,171.7,2457570.71491,-11.49948,-11.499294,0,-9999999,6.05822,1.081741,1.035979,0.682964,1.10313,0.45,900,21.223782,8.976661,2016-07-01T04:55:23.544,-9999999,K5,196.C-1006(A),Udry,-9999999,HARPS_ech_obs_all,HARPS_ech_obs_wavesimult,STAR_WAVE_K5,2.91124668178292e-05,3.5107402547849e-06,0,0
55319,GJ653,256.260386,-5.07051,2457605.6347362,-1.405311,0.598661,34223.328392,0.6759,-11.400069,0.333007,34230.787406,0.304856,4.222416,0.346834,8.800727,9.268497,1.867532,3.10009,0.640459,0.000435,0.167093,0.000402,0.211153,0.000493,0,6.026905,40.76217,0.050353,34,200.7,2457605.63473,-23.912901,-23.91282,1,-9999999,6.107336,1.317168,0.497494,1.351678,0.603244,0.5,900,8.842513,9.260455,2016-08-05T03:02:12.364,-9999999,K5,196.C-1006(A),Udry,-9999999,HARPS_ech_obs_all,HARPS_ech_obs_wavesimult,STAR_WAVE_K5,2.82514787064061e-05,3.23020445240492e-06,0,0
55320,GJ653,256.260386,-5.07051,2457607.5598521,-1.637539,0.651765,34222.082834,0.576971,-12.246746,0.366268,34229.351936,0.332473,3.020155,0.379217,7.57439,9.711012,1.555867,3.111661,0.645519,0.000507,0.169913,0.000461,0.207902,0.00057,0,6.025229,40.774959,0.04839,34,176.0,2457607.55984,-24.230904,-24.230809,0,-9999999,6.110043,0.702718,0.539116,1.159059,0.471548,0.5,900,7.623066,9.704797,2016-08-07T01:14:35.657,-9999999,K5,196.C-1006(A),Udry,-9999999,HARPS_ech_obs_all,HARPS_ech_obs_wavesimult,STAR_WAVE_K5,2.77218826902012e-05,2.66426679145058e-06,0,0
55321,GJ653,256.260386,-5.07051,2457615.550272,0.34293,0.592637,34225.520788,0.707378,-11.115014,0.314145,34231.734702,0.286403,4.522718,0.327659,7.917094,5.173202,-0.360074,3.160769,0.644999,0.000413,0.17089,0.000381,0.210672,0.000466,0,6.025308,40.785513,0.050841,34,212.6,2457615.55026,-25.971286,-25.971234,0,-9999999,6.121282,-0.146019,0.502525,0.092632,0.646805,0.53,900,7.923655,5.167176,2016-08-15T01:01:18.646,-9999999,K5,196.C-1006(A),Udry,-9999999,HARPS_ech_obs_all,HARPS_ech_obs_wavesimult,STAR_WAVE_K5,2.7622395275929e-05,3.0515854616015e-06,0,0
55322,GJ653,256.260386,-5.07051,2457621.5953727,0.59971,0.552084,34225.966216,0.570479,-10.860102,0.393154,34232.094464,0.357761,5.021661,0.403312,6.632116,7.151851,1.00052,3.244264,0.642255,0.000517,0.16741,0.00048,0.212316,0.00059,0,6.026796,40.77759,0.049147,34,169.5,2457621.59537,-27.105802,-27.105774,0,-9999999,6.129785,-0.147886,0.387592,-0.001537,0.444357,0.43,900,6.654426,7.141869,2016-08-21T02:08:31.330,-9999999,K5,196.C-1006(A),Udry,-9999999,HARPS_ech_obs_all,HARPS_ech_obs_wavesimult,STAR_WAVE_K5,2.75185423177016e-05,2.78191953714696e-06,0,0
55323,GJ653,256.260386,-5.07051,2457622.6256819,1.538385,0.635193,34226.444634,0.687162,-10.131866,0.511635,34233.019175,0.455297,5.1255,0.517962,19.779562,13.075794,0.154227,3.503066,0.642423,0.00069,0.166981,0.00064,0.207919,0.000789,0,6.024326,40.770186,0.049125,34,128.8,2457622.62568,-27.312347,-27.312312,0,-9999999,6.131234,-0.358326,0.376431,0.443307,0.51468,0.5,900,19.801221,13.069134,2016-08-22T02:51:15.046,-9999999,K5,196.C-1006(A),Udry,-9999999,HARPS_ech_obs_all,HARPS_ech_obs_wavesimult,STAR_WAVE_K5,2.63181159489232e-05,2.53140558589215e-06,0,0
55324,GJ653,256.260386,-5.07051,2457623.5302833,1.950169,0.589057,34226.502402,0.698281,-10.121348,0.265164,34232.856413,0.246324,5.611252,0.281519,13.861941,8.881573,1.693116,3.146788,0.642949,0.000348,0.16715,0.00032,0.212168,0.000393,0,6.027391,40.767,0.05088,34,251.6,2457623.53028,-27.234689,-27.234634,0,-9999999,6.132506,-0.759592,0.526,0.221505,0.653392,0.5,900,13.92174,8.874881,2016-08-23T00:33:59.662,-9999999,K5,196.C-1006(A),Udry,-9999999,HARPS_ech_obs_all,HARPS_ech_obs_wavesimult,STAR_WAVE_K5,2.71430579435905e-05,2.94907174977153e-06,0,0
55325,GJ653,256.260386,-5.07051,2457624.5657544,-0.397777,0.593075,34223.543633,0.556153,-11.361268,0.316051,34230.572354,0.291582,4.116932,0.329328,16.28207,9.101535,-0.102168,3.019166,0.646684,0.000413,0.17056,0.000382,0.211935,0.00047,0,6.023899,40.782044,0.050166,34,211.2,2457624.56575,-27.455843,-27.455797,0,-9999999,6.133963,0.348434,0.501846,0.894758,0.473589,0.51,900,16.331299,9.094398,2016-08-24T01:25:03.478,-9999999,K5,196.C-1006(A),Udry,-9999999,HARPS_ech_obs_all,HARPS_ech_obs_wavesimult,STAR_WAVE_K5,2.77289141300184e-05,2.87773207669635e-06,0,0
55326,GJ653,256.260386,-5.07051,2457629.5273762,-3.645706,0.874796,34218.606998,0.823168,-15.765085,0.697076,34224.548486,0.607183,0.139189,0.699049,13.706111,7.786562,-5.870195,3.703472,0.642161,0.000938,0.168936,0.000898,0.210695,0.001091,0,6.024633,40.844669,0.045378,34,95.0,2457629.52736,-27.911675,-27.911637,1,-9999999,6.140941,-0.807454,0.528539,-0.199453,0.555819,0.53,900,13.764836,7.777888,2016-08-29T00:30:08.983,-9999999,K5,196.C-1006(A),Udry,-9999999,HARPS_ech_obs_all,HARPS_ech_obs_wavesimult,STAR_WAVE_K5,2.81802273515977e-05,3.57274795704759e-06,0,0
55327,GJ653,256.260386,-5.07051,2457630.4988128,-2.762277,0.591392,34220.066691,0.515064,-13.77015,0.291039,34227.206822,0.267736,1.514504,0.306848,9.086136,9.97895,-4.876879,3.122595,0.643918,0.000388,0.167156,0.000356,0.211264,0.000437,0,6.019005,40.829956,0.049881,34,227.0,2457630.4988,-27.925228,-27.925206,0,-9999999,6.142308,0.304052,0.514821,0.997823,0.44001,0.5,900,9.14989,9.973079,2016-08-29T23:49:35.892,-9999999,K5,196.C-1006(A),Udry,-9999999,HARPS_ech_obs_all,HARPS_ech_obs_wavesimult,STAR_WAVE_K5,2.45431657303526e-05,2.89430111076531e-06,0,0
55328,GJ653,256.260386,-5.07051,2457642.5320555,2.726239,0.503273,34227.078322,0.509498,-9.942879,0.285048,34232.275127,0.263927,5.653977,0.299687,1.175345,7.202365,0.876393,3.074023,0.642137,0.000366,0.169598,0.000338,0.212142,0.000418,0,6.02253,40.778137,0.048982,34,237.0,2457642.53205,-28.365882,-28.365912,0,-9999999,6.159233,-1.357193,0.414766,-0.962428,0.43581,0.5,900,1.186127,7.199849,2016-09-11T00:39:05.501,-9999999,K5,196.C-1006(A),Udry,-9999999,HARPS_ech_obs_all,HARPS_ech_obs_wavesimult,STAR_WAVE_K5,2.52415124100785e-05,2.82716308369568e-06,0,0
55329,GJ653,256.260386,-5.07051,2457644.513922,2.759484,0.586211,34227.220206,0.548343,-8.494569,0.341038,34233.346896,0.311783,7.127686,0.352269,17.332277,10.053547,1.876761,3.211359,0.638183,0.000455,0.170341,0.000417,0.21395,0.000517,0,6.024876,40.758407,0.049609,34,193.4,2457644.51391,-28.270642,-28.27068,1,-9999999,6.16202,0.057873,0.476798,-0.03533,0.451078,0.51,900,17.378776,10.041415,2016-09-13T00:13:05.821,-9999999,K5,196.C-1006(A),Udry,-9999999,HARPS_ech_obs_all,HARPS_ech_obs_wavesimult,STAR_WAVE_K5,2.79286175540046e-05,3.16973670761584e-06,0,0
55330,GJ653,256.260386,-5.07051,2457647.5441183,0.107533,0.553268,34225.817361,0.609986,-10.857906,0.343152,34232.404968,0.31288,4.940923,0.354233,13.274222,9.366737,2.631718,3.298674,0.637491,0.000456,0.170895,0.000423,0.211555,0.000518,0,6.024298,40.75527,0.05061,34,192.6,2457647.54412,-28.185427,-28.18549,0,-9999999,6.166282,0.346487,0.433996,0.421325,0.52363,0.51,900,13.324332,9.359437,2016-09-16T00:56:59.221,-9999999,K5,196.C-1006(A),Udry,-9999999,HARPS_ech_obs_all,HARPS_ech_obs_wavesimult,STAR_WAVE_K5,2.70317569802728e-05,2.91387004157451e-06,0,0
55331,GJ653,256.260386,-5.07051,2457648.5098806,0.268752,0.600985,34224.425698,0.635239,-12.187142,0.297934,34229.74798,0.274204,3.384558,0.311654,1.041084,6.460162,0.616426,3.150461,0.638687,0.000385,0.168212,0.000359,0.211742,0.000438,0,6.023825,40.763997,0.049462,34,226.3,2457648.50987,-28.056509,-28.056548,0,-9999999,6.167641,-1.143968,0.521937,-0.845359,0.573011,0.47,900,1.085306,6.456324,2016-09-17T00:08:24.846,-9999999,K5,196.C-1006(A),Udry,-9999999,HARPS_ech_obs_all,HARPS_ech_obs_wavesimult,STAR_WAVE_K5,2.7537869609172e-05,3.19965190328155e-06,0,0
55332,GJ653,256.260386,-5.07051,2457649.5295845,-1.856496,0.698183,34223.565984,0.662726,-13.090617,0.326033,34230.981138,0.297856,2.546514,0.337054,7.75656,7.85589,-1.409718,3.134142,0.64016,0.000437,0.168903,0.000404,0.210949,0.000491,0,6.022688,40.774221,0.049126,34,202.6,2457649.52958,-28.024595,-28.024639,0,-9999999,6.169075,0.077804,0.617384,1.246079,0.59202,0.49,900,7.807487,7.847205,2016-09-18T00:36:37.434,-9999999,K5,196.C-1006(A),Udry,-9999999,HARPS_ech_obs_all,HARPS_ech_obs_wavesimult,STAR_WAVE_K5,2.76076429516449e-05,2.74914014612112e-06,0,0
55333,GJ653,256.260386,-5.07051,2457651.5157117,-0.904518,0.637315,34222.916017,0.511927,-12.670139,0.287846,34229.127688,0.264533,2.880763,0.302876,3.201522,9.628786,-3.618905,3.222171,0.641256,0.000368,0.170116,0.00034,0.212195,0.00042,0,6.020823,40.796935,0.049672,34,235.9,2457651.5157,-27.834827,-27.834865,0,-9999999,6.171868,-0.453695,0.568608,0.039803,0.438282,0.48,900,3.246291,9.623867,2016-09-20T00:17:03.664,-9999999,K5,196.C-1006(A),Udry,-9999999,HARPS_ech_obs_all,HARPS_ech_obs_wavesimult,STAR_WAVE_K5,2.67516865694932e-05,3.28362430108582e-06,0,0
55334,GJ653,256.260386,-5.07051,2457655.4946764,1.051054,0.68916,34225.905012,0.642677,-8.954524,0.36947,34233.742518,0.33637,6.728509,0.380081,10.623777,13.33198,-0.895765,3.246187,0.642494,0.000489,0.167065,0.000452,0.211787,0.000555,0,6.023593,40.791043,0.050109,34,179.6,2457655.49467,-27.373867,-27.373913,2,-9999999,6.177465,1.306347,0.581751,1.660041,0.547621,0.51,900,10.680165,13.321519,2016-09-23T23:46:50.606,-9999999,K5,196.C-1006(A),Udry,-9999999,HARPS_ech_obs_all,HARPS_ech_obs_wavesimult,STAR_WAVE_K5,2.86883225660877e-05,3.07375989725774e-06,0,0
55335,GJ653,256.260386,-5.07051,2457657.4876012,1.008706,0.56842,34224.521565,0.524945,-10.936011,0.27429,34231.173293,0.254736,4.590395,0.289818,15.164841,8.269272,-0.078342,3.165885,0.641755,0.000356,0.167182,0.000329,0.212101,0.000404,0,6.023367,40.782399,0.047273,34,245.2,2457657.48759,-27.100688,-27.100751,0,-9999999,6.180268,-0.632792,0.497862,0.47146,0.458996,0.49,900,15.16593,8.270386,2016-09-25T23:37:12.828,-9999999,K5,196.C-1006(A),Udry,-9999999,HARPS_ech_obs_all,HARPS_ech_obs_wavesimult,STAR_WAVE_K5,2.80909484043529e-05,2.85823066424472e-06,0,0
55336,GJ653,256.260386,-5.07051,2457659.4794685,1.360957,0.625445,34225.462647,0.657257,-9.712181,0.290161,34232.260966,0.26835,5.865994,0.304416,17.992262,10.893083,1.913776,3.154878,0.646318,0.000387,0.169861,0.000353,0.211831,0.000435,0,6.025274,40.758786,0.04925,34,227.8,2457659.47946,-26.791565,-26.791638,0,-9999999,6.18307,0.238787,0.554065,0.615249,0.599979,0.49,900,17.99902,10.890069,2016-09-27T23:25:45.506,-9999999,K5,196.C-1006(A),Udry,-9999999,HARPS_ech_obs_all,HARPS_ech_obs_wavesimult,STAR_WAVE_K5,2.76068784822356e-05,3.1336455756179e-06,0,0
55337,GJ653,256.260386,-5.07051,2457661.4996347,1.669504,0.572288,34227.123533,1.024262,-11.389072,0.320218,34230.658521,0.294017,4.38275,0.332048,6.376201,6.964371,1.456864,3.095652,0.64184,0.000416,0.168065,0.000387,0.211586,0.000474,0,6.022759,40.769865,0.046737,34,209.1,2457661.49963,-26.500729,-26.500817,0,-9999999,6.185911,-1.746651,0.474315,-2.650923,0.981156,0.52,900,6.378693,6.960579,2016-09-29T23:54:36.236,-9999999,K5,196.C-1006(A),Udry,-9999999,HARPS_ech_obs_all,HARPS_ech_obs_wavesimult,STAR_WAVE_K5,2.74556697214487e-05,3.28815037290759e-06,0,0
