,target,ra,dec,BJD,RV_mlc_nzp,e_RV_mlc_nzp,RV_drs_nzp,e_RV_drs_nzp,RV_mlc,e_RV_mlc,RV_drs,e_RV_drs,RV_mlc_j,e_RV_mlc_j,CRX,e_CRX,dLW,e_dLW,Halpha,e_Halpha,NaD1,e_NaD1,NaD2,e_NaD2,f_RV,FWHM_DRS,CONTRAST_DRS,BIS,RVGUESS,SNR_DRS,BJD_DRS,BERV,BERV_DRS,DRIFT,e_DRIFT,SA,NZP_mlc,dNZP_mlc,NZP_drs,dNZP_drs,TMMEAN,EXPTIME,MLCRX,E_MLCRX,TIMEID,DRIFT_LAMP,MASK,PROGID,PROGPI,AIRMASS,OBHAB,THAR_FP,DPR_TYPE,RHKp,dRHKp,vsinflag,metflag
4998,GJ9396,183.1207685,-3.08237,2453037.8616007,3.472894,0.942324,14647.876509,1.040497,-4.200815,0.392768,14648.565917,0.345134,-3.947532,0.393559,-4.993924,4.500443,-27.814563,1.138644,0.430219,0.000407,0.290507,0.000528,0.398609,0.00069,0,7.095505,51.009418,-0.030536,14,182.7,2453037.86159,23.665328,23.666196,1,-9999999,0.0,0.934605,0.856567,0.689408,0.981589,0.49,530,-4.977635,4.484503,2004-02-02T08:31:17.228,-9999999,G2,072.C-0488(E),Mayor,-9999999,HARPS_ech_obs_all,HARPS_ech_obs_thosimult,STAR_WAVE_G4,5.09369215436733e-06,4.1519895138906e-07,0,0
4999,GJ9396,183.1207685,-3.08237,2453054.7955918,0.986073,0.955461,14645.289741,1.000746,-4.981191,0.5123,14648.334601,0.45465,-4.767507,0.512765,-15.890017,4.786304,-23.771021,1.267757,0.430974,0.000515,0.283227,0.000667,0.409588,0.000884,0,7.089599,50.982143,-0.032273,14,143.5,2453054.79558,17.224211,17.225342,0,-9999999,0.019934,2.64105,0.806507,3.024926,0.891508,0.48,512,-15.877979,4.765644,2004-02-19T06:54:47.339,-9999999,G2,072.C-0488(E),Mayor,-9999999,HARPS_ech_obs_all,HARPS_ech_obs_thosimult,STAR_WAVE_G4,5.82951644141794e-06,6.7155643381899e-07,0,0
5000,GJ9396,183.1207685,-3.08237,2453401.8656527,1.106743,1.099161,14645.28714,1.13878,-7.869899,0.688799,14645.400425,0.57732,-7.602463,0.689211,-3.864999,6.814375,-12.88311,1.506346,0.431544,0.000672,0.29921,0.000885,0.405576,0.001147,0,7.095671,50.909736,-0.028745,15,109.9,2453401.86564,24.090427,24.090645,0,-9999999,0.428488,-0.368328,0.856569,-0.315203,0.981591,0.53,900,-3.851285,6.793154,2005-01-31T08:33:38.869,-9999999,G2,072.C-0488(E),Mayor,-9999999,HARPS_ech_obs_all,HARPS_ech_obs_thosimult,STAR_WAVE_G4,7.48158540163507e-06,5.844525550935e-07,0,0
5001,GJ9396,183.1207685,-3.08237,2453402.7493741,0.758676,0.933256,14644.131077,1.027916,-8.128329,0.370555,14644.46436,0.30522,-7.835904,0.371174,-5.150146,3.911983,-13.824137,0.741892,0.430855,0.000349,0.299291,0.000458,0.40662,0.000596,0,7.093947,50.900075,-0.030144,15,209.9,2453402.74937,24.083165,24.083379,0,-9999999,0.429528,-0.278691,0.856537,-0.096245,0.981556,0.49,750,-5.139573,3.867506,2005-02-01T05:47:55.788,-9999999,G2,072.C-0488(E),Mayor,-9999999,HARPS_ech_obs_all,HARPS_ech_obs_thosimult,STAR_WAVE_G4,8.03051981448762e-06,3.58482759284876e-07,0,0
5002,GJ9396,183.1207685,-3.08237,2453403.7783627,-0.609249,0.911417,14643.245729,1.012579,-9.548265,0.311476,14643.375737,0.248704,-9.254154,0.312275,2.558953,3.863346,-17.002288,0.742765,0.431106,0.000289,0.292635,0.000376,0.399619,0.000491,0,7.093029,50.920568,-0.031551,15,255.5,2453403.77835,23.674223,23.674474,1,-9999999,0.430739,-0.330703,0.856542,-0.300731,0.981562,0.5,800,2.560868,3.812431,2005-02-02T06:29:00.877,-9999999,G2,072.C-0488(E),Mayor,-9999999,HARPS_ech_obs_all,HARPS_ech_obs_thosimult,STAR_WAVE_G4,8.01825602192331e-06,3.109193511711e-07,0,0
5003,GJ9396,183.1207685,-3.08237,2453405.8020322,3.114055,0.935921,14646.929627,1.029415,-5.831558,0.377193,14647.016977,0.310196,-5.556197,0.378066,4.430176,4.073675,-20.16902,0.937965,0.432178,0.000371,0.290355,0.000476,0.400205,0.000624,0,7.087106,50.946952,-0.031647,15,202.0,2453405.80203,22.916158,22.916406,0,-9999999,0.433122,-0.337299,0.856547,-0.345772,0.981567,0.5,750,4.445945,4.04445,2005-02-04T07:03:17.402,-9999999,G2,072.C-0488(E),Mayor,-9999999,HARPS_ech_obs_all,HARPS_ech_obs_thosimult,STAR_WAVE_G4,6.83275923028442e-06,4.12832404828019e-07,0,0
5004,GJ9396,183.1207685,-3.08237,2453406.7641408,1.784842,0.888735,14644.887311,0.873587,-7.788951,0.328384,14645.649178,0.264227,-7.473822,0.329204,1.135482,3.857049,-15.721556,0.858105,0.4323,0.000305,0.291979,0.000393,0.410018,0.000521,0,7.091073,50.915056,-0.030167,15,242.2,2453406.76414,22.663795,22.664063,0,-9999999,0.434254,-0.96548,0.825841,0.327613,0.832669,0.5,722,1.150162,3.816429,2005-02-05T06:08:51.453,-9999999,G2,072.C-0488(E),Mayor,-9999999,HARPS_ech_obs_all,HARPS_ech_obs_thosimult,STAR_WAVE_G4,7.60909652999574e-06,3.5920870273154e-07,0,0
5005,GJ9396,183.1207685,-3.08237,2453408.8753385,1.702802,0.927757,14646.813057,0.977414,-7.266679,0.356391,14646.35457,0.303735,-7.004997,0.35749,-8.443574,3.719179,-29.210753,1.291734,0.43133,0.000351,0.277845,0.000445,0.409923,0.000597,0,7.093506,51.01069,-0.028446,15,212.2,2453408.87533,21.607935,21.608178,0,-9999999,0.436739,-0.361168,0.856573,-0.895226,0.929022,0.51,625,-8.410349,3.687319,2005-02-07T08:49:27.377,-9999999,G2,072.C-0488(E),Mayor,-9999999,HARPS_ech_obs_all,HARPS_ech_obs_thosimult,STAR_WAVE_G4,7.80307884267166e-06,3.66757291679229e-07,0,0
5006,GJ9396,183.1207685,-3.08237,2453409.777155,0.460662,0.900293,14643.945052,0.931349,-7.152417,0.444638,14645.21927,0.373626,-6.915966,0.445131,-0.732151,4.540582,-17.230717,1.052136,0.427228,0.000435,0.286811,0.000564,0.408202,0.000741,0,7.091099,50.926809,-0.032096,15,169.8,2453409.77715,21.511437,21.511707,0,-9999999,0.437801,0.995234,0.782831,0.836417,0.85312,0.5,722,-0.693828,4.51184,2005-02-08T06:27:16.824,-9999999,G2,072.C-0488(E),Mayor,-9999999,HARPS_ech_obs_all,HARPS_ech_obs_thosimult,STAR_WAVE_G4,6.3207707475989e-06,4.37400496568402e-07,0,0
5007,GJ9396,183.1207685,-3.08237,2453410.7388175,0.535505,0.94965,14644.812062,1.039277,-8.367754,0.410099,14645.124508,0.341534,-8.171487,0.410767,2.740318,4.654676,-17.262855,0.933575,0.430653,0.000397,0.285749,0.000514,0.400964,0.00068,0,7.090285,50.925732,-0.031668,15,186.1,2453410.73881,21.229181,21.229463,0,-9999999,0.438933,-0.294946,0.856536,-0.126487,0.981555,0.5,700,2.767522,4.622248,2005-02-09T05:32:09.439,-9999999,G2,072.C-0488(E),Mayor,-9999999,HARPS_ech_obs_all,HARPS_ech_obs_thosimult,STAR_WAVE_G4,-9999999.0,-9999999.0,-9999999,-9999999
5008,GJ9396,183.1207685,-3.08237,2453411.8465959,2.938431,0.958919,14646.632354,1.045025,-6.121959,0.431077,14646.673161,0.358569,-5.87609,0.431631,-4.186636,5.00165,-15.964258,0.945598,0.430724,0.000409,0.284952,0.00053,0.400712,0.000702,0,7.09228,50.916691,-0.032892,15,179.8,2453411.84659,20.527904,20.528204,1,-9999999,0.440237,-0.452077,0.856561,-0.39943,0.981583,0.54,718,-4.151718,4.983195,2005-02-10T08:06:37.232,-9999999,G2,072.C-0488(E),Mayor,-9999999,HARPS_ech_obs_all,HARPS_ech_obs_thosimult,STAR_WAVE_G4,7.9218422304872e-06,3.89142592283704e-07,0,0
5009,GJ9396,183.1207685,-3.08237,2453412.8682269,2.782581,0.828569,14646.975365,0.841611,-6.470651,0.47641,14646.147697,0.398944,-6.251056,0.476968,3.89411,3.985405,-14.891103,1.02121,0.43092,0.000465,0.289753,0.000596,0.409829,0.000792,0,7.095207,50.919833,-0.030931,15,159.9,2453412.86822,20.065224,20.065515,0,-9999999,0.441439,-0.644919,0.677909,-1.269107,0.741048,0.53,820,3.909725,3.958675,2005-02-11T08:36:53.165,-9999999,G2,072.C-0488(E),Mayor,-9999999,HARPS_ech_obs_all,HARPS_ech_obs_thosimult,STAR_WAVE_G4,6.83158049368486e-06,4.99779645292319e-07,0,0
5010,GJ9396,183.1207685,-3.08237,2453428.7982662,2.227401,0.920941,14646.138469,1.018428,-7.426258,0.33832,14645.887866,0.27152,-7.208609,0.339104,-0.697116,3.200597,-12.70329,0.838404,0.432239,0.000327,0.29044,0.000422,0.408874,0.000554,0,7.090055,50.890598,-0.029314,15,228.2,2453428.79826,13.18743,13.187776,0,-9999999,0.460192,-1.045346,0.856546,-0.710795,0.981566,0.49,900,-0.681152,3.151374,2005-02-27T06:54:44.956,-9999999,G2,072.C-0488(E),Mayor,-9999999,HARPS_ech_obs_all,HARPS_ech_obs_thosimult,STAR_WAVE_G4,8.15650048049733e-06,3.30787964208562e-07,0,0
5011,GJ9396,183.1207685,-3.08237,2454168.7620493,2.606807,0.915167,14646.776523,1.014761,-6.450976,0.322292,14647.489256,0.257457,-6.212836,0.323341,-2.434223,3.042984,-9.705245,0.750485,0.42953,0.000317,0.292999,0.000402,0.406878,0.000524,0,7.098549,50.853126,-0.031349,15,241.2,2454168.76217,8.628327,8.628291,0,-9999999,1.331241,-0.449469,0.856539,-0.618508,0.981558,0.5,900,-2.434058,3.010001,2007-03-09T06:01:55.948,-9999999,G2,072.C-0488(E),Mayor,-9999999,HARPS_ech_obs_all,HARPS_ech_obs_thosimult,STAR_WAVE_G4,8.56489012643453e-06,3.29273901293527e-07,0,0
5012,GJ9396,183.1207685,-3.08237,2454172.7844263,7.743172,0.901046,14651.889954,1.005229,-1.360916,0.279676,14652.57204,0.21684,-1.118994,0.280948,-2.830162,3.167257,-5.35282,0.728931,0.430751,0.000255,0.299074,0.000327,0.399095,0.000429,0,7.100474,50.820848,-0.030306,15,295.2,2454172.78454,6.522899,6.522924,0,-9999999,1.335976,-0.495775,0.856543,-0.65389,0.981563,0.48,900,-2.833353,3.169397,2007-03-13T06:34:18.445,-9999999,G2,072.C-0488(E),Mayor,-9999999,HARPS_ech_obs_all,HARPS_ech_obs_thosimult,STAR_WAVE_G4,8.17901593417976e-06,3.18338474103702e-07,0,0
5013,GJ9396,183.1207685,-3.08237,2454174.7460706,3.631312,0.836828,14647.913091,0.832601,-3.74,0.341613,14650.243577,0.273483,-3.525474,0.342644,-5.629728,3.446409,-3.256677,0.804477,0.430979,0.000329,0.298781,0.00042,0.408142,0.00055,0,7.101753,50.810117,-0.030419,15,230.6,2454174.7462,5.605787,5.605762,0,-9999999,1.338285,1.237001,0.763925,0.992201,0.786404,0.51,900,-5.607825,3.437321,2007-03-15T05:38:34.040,-9999999,G2,072.C-0488(E),Mayor,-9999999,HARPS_ech_obs_all,HARPS_ech_obs_thosimult,STAR_WAVE_G4,8.29748236850863e-06,3.23683374069138e-07,0,0
5014,GJ9396,183.1207685,-3.08237,2454198.7498746,0.373253,0.664032,14644.824105,0.655495,-7.893834,0.498809,14646.395729,0.408217,-7.815094,0.499836,2.210099,4.282603,-8.384896,1.125747,0.428835,0.000495,0.289436,0.000632,0.403147,0.000826,0,7.10037,50.841887,-0.028618,15,154.0,2454198.74999,-6.815335,-6.815293,1,-9999999,1.366541,0.341227,0.438324,0.205083,0.512867,0.47,481,2.21909,4.252619,2007-04-08T05:47:59.223,-9999999,G2,072.C-0488(E),Mayor,-9999999,HARPS_ech_obs_all,HARPS_ech_obs_thosimult,STAR_WAVE_G4,7.97085818536161e-06,5.61891263048787e-07,0,0
5015,GJ9396,183.1207685,-3.08237,2454198.7558559,-0.03395,0.647523,14644.021035,0.644242,-8.302984,0.47661,14645.581285,0.389889,-8.19238,0.477607,5.019353,5.25473,-7.931966,1.012634,0.42815,0.000475,0.290923,0.000606,0.403017,0.000789,0,7.099223,50.843145,-0.031034,15,161.0,2454198.75597,-6.831375,-6.831348,0,-9999999,1.366548,0.339279,0.438326,0.193702,0.512869,0.48,481,5.030927,5.22679,2007-04-08T05:56:31.210,-9999999,G2,072.C-0488(E),Mayor,-9999999,HARPS_ech_obs_all,HARPS_ech_obs_thosimult,STAR_WAVE_G4,7.23478015545307e-06,4.62086394848343e-07,0,0
5016,GJ9396,183.1207685,-3.08237,2454199.6844949,1.165545,0.727444,14646.010949,1.033021,-7.487225,0.397604,14646.982056,0.322002,-7.33589,0.398923,3.521868,4.23048,-6.768655,0.909193,0.428924,0.000395,0.296062,0.000502,0.404173,0.000657,0,7.099049,50.833442,-0.032769,15,193.3,2454199.68461,-7.127032,-7.127018,1,-9999999,1.367641,-0.044456,0.609168,-0.396534,0.981553,0.48,900,3.542495,4.203092,2007-04-09T04:10:26.378,-9999999,G2,072.C-0488(E),Mayor,-9999999,HARPS_ech_obs_all,HARPS_ech_obs_thosimult,STAR_WAVE_G4,7.65728205829306e-06,2.91136052537547e-07,0,0
5017,GJ9396,183.1207685,-3.08237,2454201.8109339,4.461375,1.005522,14648.75185,1.069143,-4.234747,0.526686,14649.48486,0.423778,-4.13526,0.527712,-0.871284,5.672532,-6.277619,1.14079,0.428234,0.000471,0.291824,0.000631,0.403676,0.000821,0,7.101379,50.824654,-0.031221,15,154.5,2454201.81105,-8.452159,-8.452019,0,-9999999,1.370144,-0.087809,0.85655,-0.637134,0.98157,0.49,900,-0.847761,5.662065,2007-04-11T07:12:26.364,-9999999,G2,072.C-0488(E),Mayor,-9999999,HARPS_ech_obs_all,HARPS_ech_obs_thosimult,STAR_WAVE_G4,8.53608381785741e-06,5.25069628041139e-07,0,0
5018,GJ9396,183.1207685,-3.08237,2454202.6523258,5.999453,0.922895,14650.642568,1.021117,-2.713332,0.343627,14651.678383,0.281472,-2.508658,0.344925,2.208458,4.072989,-7.110066,0.761912,0.429066,0.000338,0.299681,0.000435,0.405271,0.000567,0,7.100366,50.82309,-0.029838,15,223.5,2454202.65245,-8.522307,-8.522309,0,-9999999,1.371135,-0.104471,0.856537,-0.33532,0.981556,0.49,900,2.23787,4.067601,2007-04-12T03:24:04.645,-9999999,G2,072.C-0488(E),Mayor,-9999999,HARPS_ech_obs_all,HARPS_ech_obs_thosimult,STAR_WAVE_G4,9.06940623507095e-06,4.23342862930494e-07,0,0
5019,GJ9396,183.1207685,-3.08237,2454229.6676533,0.605636,0.949627,14645.441064,0.928248,-7.53957,0.502997,14646.934965,0.418002,-7.469922,0.504165,3.1874,4.964308,-5.879924,1.076153,0.427796,0.000492,0.293367,0.000642,0.400208,0.000832,0,7.102245,50.830619,-0.031987,15,152.2,2454229.66777,-20.380276,-20.380305,0,-9999999,1.402936,0.463107,0.805472,0.090965,0.828805,0.5,900,3.215932,4.939006,2007-05-09T03:47:53.931,-9999999,G2,072.C-0488(E),Mayor,-9999999,HARPS_ech_obs_all,HARPS_ech_obs_thosimult,STAR_WAVE_G4,5.29607521531935e-06,4.83812095876648e-07,0,0
5020,GJ9396,183.1207685,-3.08237,2454230.7085692,-0.017921,0.900968,14646.684256,0.940227,-8.47543,0.279453,14646.432141,0.220229,-8.35663,0.281637,5.33049,3.270538,-9.201028,0.745703,0.42744,0.000257,0.300637,0.000333,0.398506,0.000431,0,7.099262,50.835645,-0.031125,15,291.5,2454230.70868,-20.841428,-20.841418,1,-9999999,1.404161,0.150804,0.856534,-1.656276,0.914071,0.47,900,5.352497,3.223819,2007-05-10T04:47:22.171,-9999999,G2,072.C-0488(E),Mayor,-9999999,HARPS_ech_obs_all,HARPS_ech_obs_thosimult,STAR_WAVE_G4,7.53931462185846e-06,3.11405323337489e-07,0,0
5021,GJ9396,183.1207685,-3.08237,2454849.8556461,1.646664,0.594579,14645.372186,0.630511,-6.397869,0.391042,14647.553621,0.311833,-6.170855,0.391501,-11.628016,4.847764,-2.974467,1.051796,0.433169,0.000367,0.292732,0.000467,0.401859,0.000611,0,7.101823,50.83128,-0.031971,15,207.4,2454849.85576,27.736766,27.736587,0,-9999999,2.132991,0.56378,0.447896,0.048444,0.548,0.49,900,-11.616917,4.827922,2009-01-18T08:21:24.953,-9999999,G2,072.C-0488(E),Mayor,-9999999,HARPS_ech_obs_all,HARPS_ech_obs_thosimult,STAR_WAVE_G4,7.40381752846507e-06,3.53657030530656e-07,0,0
5022,GJ9396,183.1207685,-3.08237,2454880.8545545,-0.250328,0.911143,14644.185824,1.01002,-9.387915,0.31061,14645.219941,0.237969,-9.157635,0.311395,-3.862355,3.800024,-7.66213,0.743448,0.43171,0.000292,0.275415,0.000354,0.413827,0.000481,0,7.097245,50.85334,-0.033566,15,266.9,2454880.85466,17.192707,17.192709,0,-9999999,2.169481,-0.529273,0.856564,-1.135364,0.981586,0.48,900,-3.854911,3.754249,2009-02-18T08:16:33.661,-9999999,G2,072.C-0488(E),Mayor,-9999999,HARPS_ech_obs_all,HARPS_ech_obs_thosimult,STAR_WAVE_G4,6.64807861701085e-06,3.39554573793408e-07,0,0
5023,GJ9396,183.1207685,-3.08237,2454882.7978814,-0.246787,0.781653,14643.012123,0.898462,-9.094849,0.38921,14644.528664,0.308246,-8.876298,0.389486,0.957762,4.006254,-6.087931,1.045741,0.433454,0.000355,0.283317,0.000447,0.410953,0.000596,0,7.098247,50.844441,-0.033813,15,213.6,2454882.798,16.471503,16.471449,0,-9999999,2.171769,-0.239748,0.677862,-0.655228,0.84393,0.52,900,0.975293,3.964269,2009-02-20T06:54:11.635,-9999999,G2,072.C-0488(E),Mayor,-9999999,HARPS_ech_obs_all,HARPS_ech_obs_thosimult,STAR_WAVE_G4,6.39945303847212e-06,3.47576055254133e-07,0,0
5024,GJ9396,183.1207685,-3.08237,2454883.8059779,-0.713271,0.631373,14643.492058,0.586761,-9.312224,0.336227,14644.371142,0.266296,-9.102334,0.336482,3.667912,3.485943,-5.714461,0.907872,0.432342,0.000341,0.286867,0.000414,0.400974,0.000548,0,7.101172,50.842345,-0.032633,15,232.9,2454883.8061,15.995533,15.995487,0,-9999999,2.172956,0.00936,0.5344,-1.293872,0.522852,0.52,900,3.681614,3.436356,2009-02-21T07:05:46.446,-9999999,G2,072.C-0488(E),Mayor,-9999999,HARPS_ech_obs_all,HARPS_ech_obs_thosimult,STAR_WAVE_G4,6.58756353422183e-06,3.26205167164928e-07,0,0
5025,GJ9396,183.1207685,-3.08237,2454885.8041151,2.134458,0.887557,14645.829482,0.924288,-6.363729,0.409795,14647.466504,0.330537,-6.147545,0.410037,-8.687782,4.477034,-3.864504,0.996253,0.432265,0.000388,0.292489,0.000493,0.399153,0.000644,0,7.102673,50.820321,-0.033213,15,196.3,2454885.80422,15.082464,15.082449,0,-9999999,2.175308,0.110126,0.78729,-0.538286,0.863165,0.46,900,-8.672009,4.456591,2009-02-23T07:03:50.527,-9999999,G2,072.C-0488(E),Mayor,-9999999,HARPS_ech_obs_all,HARPS_ech_obs_thosimult,STAR_WAVE_G4,7.11261037554079e-06,3.7692511190934e-07,0,0
5026,GJ9396,183.1207685,-3.08237,2454913.6764396,0.549101,0.878199,14644.838154,0.936937,-7.716923,0.324465,14647.042211,0.261954,-7.549045,0.325505,0.855772,3.836797,-6.242075,0.863765,0.431913,0.000314,0.290295,0.000396,0.40479,0.000517,0,7.103904,50.843465,-0.031145,15,244.9,2454913.67656,1.39707,1.397041,0,-9999999,2.208118,0.342289,0.816062,-0.004061,0.899573,0.52,900,0.855882,3.802615,2009-03-23T03:57:58.257,-9999999,G2,072.C-0488(E),Mayor,-9999999,HARPS_ech_obs_all,HARPS_ech_obs_thosimult,STAR_WAVE_G4,6.5376379560982e-06,3.01847070366167e-07,0,0
5027,GJ9396,183.1207685,-3.08237,2454915.7882528,-0.297143,0.693223,14644.029028,0.732945,-8.647286,0.368809,14646.295954,0.298722,-8.496876,0.370251,3.529884,4.294471,-7.632917,1.215214,0.432834,0.000358,0.295219,0.000449,0.40099,0.000586,0,7.1045,50.838167,-0.031002,15,215.8,2454915.78836,0.015124,0.015163,0,-9999999,2.210604,0.25817,0.586974,0.056322,0.669309,0.49,900,3.542162,4.260325,2009-03-25T06:39:25.449,-9999999,G2,072.C-0488(E),Mayor,-9999999,HARPS_ech_obs_all,HARPS_ech_obs_thosimult,STAR_WAVE_G4,6.27865074963501e-06,3.08177113680984e-07,0,0
5028,GJ9396,183.1207685,-3.08237,2454916.7058637,3.306446,0.739066,14647.495412,0.642324,-5.217532,0.296855,14649.257524,0.229759,-4.992461,0.298355,-3.98137,4.320455,-8.809362,0.833885,0.431738,0.000275,0.286429,0.000345,0.390246,0.000451,0,7.103569,50.851246,-0.032936,15,279.8,2454916.70598,-0.266284,-0.266299,0,-9999999,2.211684,0.084336,0.676828,-0.449572,0.599826,0.5,900,-3.97082,4.303822,2009-03-26T04:40:38.036,-9999999,G2,072.C-0488(E),Mayor,-9999999,HARPS_ech_obs_all,HARPS_ech_obs_thosimult,STAR_WAVE_G4,7.15569649899812e-06,2.79261657163494e-07,0,0
5029,GJ9396,183.1207685,-3.08237,2454917.7764187,2.272251,0.907137,14645.581126,1.000161,-6.533289,0.298722,14647.742135,0.234448,-6.382109,0.300253,-3.8708,3.619633,-6.960165,0.848163,0.433187,0.000275,0.288921,0.000347,0.400905,0.000452,0,7.102458,50.839691,-0.033459,15,279.2,2454917.77653,-0.999093,-0.999067,0,-9999999,2.212944,-0.197227,0.856541,-0.051935,0.972294,0.48,900,-3.848044,3.596093,2009-03-27T06:22:32.151,-9999999,G2,072.C-0488(E),Mayor,-9999999,HARPS_ech_obs_all,HARPS_ech_obs_thosimult,STAR_WAVE_G4,7.52008723777785e-06,2.86092929018494e-07,0,0
5030,GJ9396,183.1207685,-3.08237,2454918.7401454,-0.00944,0.91084,14645.118387,1.007682,-8.770764,0.309799,14645.855701,0.245813,-8.569073,0.311479,-2.273671,3.938222,-5.98237,0.873002,0.432262,0.000297,0.297661,0.000372,0.404283,0.000487,0,7.102217,50.837536,-0.032914,15,260.3,2454918.74026,-1.417482,-1.417475,0,-9999999,2.214078,-0.153011,0.856536,-1.476764,0.97724,0.48,900,-2.236209,3.903738,2009-03-28T05:30:18.433,-9999999,G2,072.C-0488(E),Mayor,-9999999,HARPS_ech_obs_all,HARPS_ech_obs_thosimult,STAR_WAVE_G4,7.53937237229701e-06,2.62307945485865e-07,0,0
5031,GJ9396,183.1207685,-3.08237,2454919.6832324,1.690005,0.916574,14645.8028,1.015484,-6.850419,0.326279,14648.063325,0.260308,-6.642451,0.327709,3.601002,3.166383,-5.21978,0.983905,0.432113,0.00031,0.289212,0.000391,0.401713,0.00051,0,7.105807,50.828659,-0.031681,15,247.8,2454919.68334,-1.766524,-1.766521,1,-9999999,2.215189,0.067889,0.856534,0.045336,0.981553,0.48,900,3.637224,3.140379,2009-03-29T04:08:21.567,-9999999,G2,072.C-0488(E),Mayor,-9999999,HARPS_ech_obs_all,HARPS_ech_obs_thosimult,STAR_WAVE_G4,7.8052055707389e-06,3.09590113502324e-07,0,0
5032,GJ9396,183.1207685,-3.08237,2454920.7636955,3.154189,0.827439,14647.728886,0.910866,-5.641768,0.306475,14649.374535,0.241244,-5.480394,0.308041,-2.344972,3.223227,-4.834789,0.735752,0.431421,0.000287,0.290523,0.000362,0.403806,0.000472,0,7.104674,50.822328,-0.031215,15,268.2,2454920.76381,-2.527657,-2.527621,0,-9999999,2.21646,-0.187644,0.768589,-0.570811,0.878338,0.5,900,-2.315014,3.202143,2009-03-30T06:03:56.228,-9999999,G2,072.C-0488(E),Mayor,-9999999,HARPS_ech_obs_all,HARPS_ech_obs_thosimult,STAR_WAVE_G4,8.00463472355694e-06,3.15735820018647e-07,0,0
5033,GJ9396,183.1207685,-3.08237,2454933.6653278,2.167895,0.91554,14646.080187,1.014875,-7.313655,0.32336,14647.752168,0.257918,-7.143508,0.325257,-1.99662,3.627234,-7.606983,0.70997,0.427743,0.000306,0.299522,0.000391,0.395352,0.00051,0,7.102893,50.835494,-0.032199,15,249.4,2454933.66533,-8.802771,-8.802415,0,-9999999,2.231648,-0.873237,0.856535,-0.559667,0.981555,0.51,900,-1.982814,3.596067,2009-04-12T03:42:29.058,-9999999,G2,183.C-0972(A),Udry,-9999999,HARPS_ech_obs_all,HARPS_ech_obs_thosimult,STAR_WAVE_G4,7.7102454602018e-06,3.14741952935985e-07,0,0
5034,GJ9396,183.1207685,-3.08237,2454937.6374339,3.428229,0.948016,14647.472967,0.793379,-6.000589,0.406296,14649.425706,0.330624,-5.907443,0.40788,-7.994714,4.623141,-6.173475,1.061515,0.427629,0.000395,0.292556,0.000503,0.405137,0.000656,0,7.103409,50.822739,-0.032213,15,194.0,2454937.63743,-10.655478,-10.655128,0,-9999999,2.236323,-0.820505,0.856539,-0.283584,0.721206,0.5,900,-7.964247,4.606037,2009-04-16T03:02:39.157,-9999999,G2,183.C-0972(A),Udry,-9999999,HARPS_ech_obs_all,HARPS_ech_obs_thosimult,STAR_WAVE_G4,7.68615595775829e-06,3.52105168107806e-07,0,0
5035,GJ9396,183.1207685,-3.08237,2454938.7100351,3.120395,0.910969,14647.4511,0.914596,-6.318416,0.310184,14649.048745,0.248464,-6.160366,0.311885,-10.417274,3.257764,-3.650172,0.951489,0.43257,0.000298,0.293909,0.000378,0.404246,0.000491,0,7.104631,50.815735,-0.031986,15,258.0,2454938.71003,-11.346569,-11.346229,0,-9999999,2.237586,-0.830497,0.856534,-0.639941,0.880199,0.51,900,-10.382507,3.234039,2009-04-17T04:47:06.280,-9999999,G2,183.C-0972(A),Udry,-9999999,HARPS_ech_obs_all,HARPS_ech_obs_thosimult,STAR_WAVE_G4,7.96805373259938e-06,3.13679646780717e-07,0,0
5036,GJ9396,183.1207685,-3.08237,2454950.6994856,1.716804,0.939435,14646.038734,0.700786,-7.507614,0.38586,14647.597466,0.310941,-7.498596,0.387385,-0.872515,4.296079,-7.572441,1.27796,0.429679,0.00037,0.300698,0.000471,0.402596,0.000613,0,7.103357,50.831541,-0.0326,15,206.9,2454950.69948,-16.727315,-16.727,0,-9999999,2.251699,-0.616105,0.856534,-0.692967,0.628026,0.46,900,-0.861712,4.267029,2009-04-29T04:33:27.806,-9999999,G2,183.C-0972(A),Udry,-9999999,HARPS_ech_obs_all,HARPS_ech_obs_thosimult,STAR_WAVE_G4,6.95785000922264e-06,3.52652484262381e-07,0,0
5037,GJ9396,183.1207685,-3.08237,2454952.6637793,1.925681,0.781399,14646.003622,0.729607,-7.755624,0.376321,14647.524522,0.303032,-7.62115,0.377842,-6.408958,3.88323,-5.995191,1.016545,0.432176,0.000367,0.301334,0.000466,0.392063,0.000605,0,7.102825,50.816593,-0.032661,15,209.5,2454952.66378,-17.462633,-17.462343,0,-9999999,2.254012,-1.072991,0.684812,-0.733112,0.6637,0.5,900,-6.393853,3.850631,2009-05-01T03:41:36.356,-9999999,G2,183.C-0972(A),Udry,-9999999,HARPS_ech_obs_all,HARPS_ech_obs_thosimult,STAR_WAVE_G4,7.8882432455343e-06,3.56108250160012e-07,0,0
5038,GJ9396,183.1207685,-3.08237,2454953.6362057,5.628858,0.924995,14649.692102,1.016359,-3.550981,0.349223,14652.054788,0.279718,-3.494393,0.35091,-17.328741,4.344096,-5.62846,0.952272,0.427913,0.000331,0.295134,0.000425,0.399903,0.000548,0,7.101338,50.807093,-0.030424,15,230.2,2454953.6362,-17.7916,-17.791295,1,-9999999,2.255156,-0.571526,0.856539,0.10753,0.97711,0.57,900,-17.300198,4.343116,2009-05-02T03:00:55.898,-9999999,G2,183.C-0972(A),Udry,-9999999,HARPS_ech_obs_all,HARPS_ech_obs_thosimult,STAR_WAVE_G4,7.82419000940462e-06,3.76853299357959e-07,0,0
5039,GJ9396,183.1207685,-3.08237,2454954.6642016,3.910233,0.802762,14648.407615,0.797043,-5.389192,0.317288,14650.147629,0.24947,-5.309047,0.31877,-4.333174,4.060298,-1.05435,0.930824,0.427066,0.000296,0.300962,0.000378,0.400152,0.000489,0,7.105663,50.77657,-0.031004,15,258.2,2454954.6642,-18.271093,-18.270819,0,-9999999,2.256366,-0.691112,0.737397,-0.516352,0.756996,0.5,900,-4.31328,4.043549,2009-05-03T03:42:23.049,-9999999,G2,183.C-0972(A),Udry,-9999999,HARPS_ech_obs_all,HARPS_ech_obs_thosimult,STAR_WAVE_G4,7.8522555065402e-06,3.55902439873704e-07,0,0
5040,GJ9396,183.1207685,-3.08237,2454955.7086367,2.214136,0.920825,14645.51243,0.99714,-6.962351,0.370478,14648.361948,0.296217,-6.871129,0.371808,-13.764424,3.624222,-0.723726,1.194039,0.425152,0.000352,0.296789,0.000454,0.391868,0.000577,0,7.104061,50.776894,-0.030282,15,217.3,2454955.70863,-18.777096,-18.776809,0,-9999999,2.257596,-0.568173,0.843009,0.591922,0.952125,0.52,900,-13.733672,3.605368,2009-05-04T04:46:09.750,-9999999,G2,183.C-0972(A),Udry,-9999999,HARPS_ech_obs_all,HARPS_ech_obs_thosimult,STAR_WAVE_G4,7.92755031679786e-06,3.15105081433213e-07,0,0
5041,GJ9396,183.1207685,-3.08237,2454956.6842701,1.473749,0.910989,14645.819696,1.036246,-7.810646,0.41312,14647.925463,0.332202,-7.725939,0.414245,-9.458333,4.330205,0.029682,1.211752,0.426378,0.000383,0.301939,0.000499,0.394605,0.000639,0,7.102743,50.769814,-0.031311,15,196.7,2454956.68426,-19.106525,-19.106246,0,-9999999,2.258744,-0.676081,0.811931,-0.152977,0.981553,0.5,900,-9.431126,4.309973,2009-05-05T04:11:27.737,-9999999,G2,183.C-0972(A),Udry,-9999999,HARPS_ech_obs_all,HARPS_ech_obs_thosimult,STAR_WAVE_G4,7.40037157999617e-06,3.94201471847079e-07,0,0
5042,GJ9396,183.1207685,-3.08237,2454988.5634151,2.314831,0.966416,14647.574088,1.036828,-6.020294,0.447514,14649.97953,0.33394,-5.909833,0.449626,-0.824813,4.800554,-10.384559,1.032587,0.430829,0.000405,0.301374,0.000515,0.405448,0.000673,0,7.101484,50.840799,-0.030181,15,189.9,2454988.56341,-27.849974,-27.849879,0,-9999999,2.296271,0.273189,0.856558,0.109171,0.981579,0.52,900,-0.82394,4.783185,2009-06-06T01:20:47.311,-9999999,G2,183.C-0972(A),Udry,-9999999,HARPS_ech_obs_all,HARPS_ech_obs_thosimult,STAR_WAVE_G4,8.04593863343326e-06,3.86890542391421e-07,0,0
5043,GJ9396,183.1207685,-3.08237,2454989.5601503,0.025223,0.837188,14644.655224,0.985347,-8.613688,0.405445,14647.560189,0.295542,-8.498474,0.407538,-6.772421,4.714972,-9.199269,0.757259,0.430564,0.000356,0.299876,0.00045,0.404186,0.000589,0,7.102382,50.834383,-0.029995,15,216.1,2454989.56015,-28.002755,-28.002674,0,-9999999,2.297444,-0.030598,0.73246,0.607521,0.939981,0.54,900,-6.776662,4.677139,2009-06-07T01:15:55.215,-9999999,G2,183.C-0972(A),Udry,-9999999,HARPS_ech_obs_all,HARPS_ech_obs_thosimult,STAR_WAVE_G4,7.56825492275675e-06,3.47337360925336e-07,0,0
5044,GJ9396,183.1207685,-3.08237,2454990.5703702,-11.14725,0.979772,14645.502516,1.045139,-19.484639,0.475674,14647.897086,0.358921,-19.425562,0.477612,0.531574,5.635409,-6.818609,1.072396,0.434401,0.000424,0.295239,0.000546,0.395509,0.000711,0,7.106093,50.812276,-0.030869,15,179.6,2454990.56599,-28.181339,-28.17063,1,-9999999,2.298633,0.270924,0.856555,0.095937,0.981576,0.92,900,0.520493,5.556134,2009-06-08T01:25:04.347,-9999999,G2,183.C-0972(A),Udry,-9999999,HARPS_ech_obs_all,HARPS_ech_obs_thosimult,STAR_WAVE_G4,6.65245018109376e-06,5.2786429953297e-07,0,0
5045,GJ9396,183.1207685,-3.08237,2454991.6145894,1.068055,0.710242,14646.068762,0.780864,-7.269501,0.399891,14648.670233,0.286497,-7.176801,0.402029,-4.248704,4.689633,-6.386946,0.892804,0.429773,0.000332,0.295616,0.00043,0.403786,0.000558,0,7.106768,50.812505,-0.029648,15,227.9,2454991.61459,-28.423866,-28.423786,0,-9999999,2.299863,0.270758,0.586968,0.301608,0.726407,0.48,900,-4.253969,4.658444,2009-06-09T02:35:29.326,-9999999,G2,183.C-0972(A),Udry,-9999999,HARPS_ech_obs_all,HARPS_ech_obs_thosimult,STAR_WAVE_G4,6.9216561485958e-06,3.53315773138623e-07,0,0
5046,GJ9396,183.1207685,-3.08237,2455021.5538546,1.702371,0.937288,14645.362936,1.028915,-6.995508,0.380542,14648.140721,0.308484,-6.907611,0.38169,-4.777781,4.380059,-4.143626,0.851747,0.430134,0.000352,0.300263,0.000455,0.403916,0.000594,0,7.104872,50.803475,-0.030482,15,214.0,2455021.55385,-28.855081,-28.855173,0,-9999999,2.335106,-0.089565,0.856561,0.442679,0.981583,0.48,800,-4.78862,4.350881,2009-07-09T01:12:59.739,-9999999,G2,183.C-0972(A),Udry,-9999999,HARPS_ech_obs_all,HARPS_ech_obs_thosimult,STAR_WAVE_G4,7.35977913059856e-06,3.9917695421917e-07,0,0
5047,GJ9396,183.1207685,-3.08237,2455022.4956427,1.800282,0.912053,14645.566617,1.013042,-6.878643,0.313207,14648.456281,0.250389,-6.84547,0.314969,-4.948223,4.350685,-5.720702,1.012721,0.429061,0.000293,0.299509,0.000375,0.40484,0.000492,0,7.103094,50.814944,-0.030964,15,258.7,2455022.49563,-28.646778,-28.64685,0,-9999999,2.336214,-0.070611,0.856587,0.55345,0.981611,0.49,800,-4.951949,4.323788,2009-07-09T23:49:09.959,-9999999,G2,183.C-0972(A),Udry,-9999999,HARPS_ech_obs_all,HARPS_ech_obs_thosimult,STAR_WAVE_G4,7.04447404422543e-06,2.91777645488161e-07,0,0
5048,GJ9396,183.1207685,-3.08237,2455024.4950778,-0.138713,1.007672,14643.238787,1.073933,-8.871206,0.530716,14646.180538,0.435627,-8.857216,0.531658,2.652122,5.06542,-4.629626,1.348397,0.428934,0.000507,0.294217,0.000658,0.406022,0.00086,0,7.106835,50.808844,-0.030872,15,149.0,2455024.49507,-28.411635,-28.411729,1,-9999999,2.338568,-0.124179,0.856588,0.603183,0.981611,0.5,800,2.656164,5.040535,2009-07-11T23:48:29.464,-9999999,G2,183.C-0972(A),Udry,-9999999,HARPS_ech_obs_all,HARPS_ech_obs_thosimult,STAR_WAVE_G4,7.43953200633252e-06,4.21274382888302e-07,0,0
5049,GJ9396,183.1207685,-3.08237,2455037.4681649,-0.734154,0.924365,14643.116287,1.022619,-9.73546,0.347394,14645.87709,0.28663,-9.702306,0.348742,-6.928369,3.234692,-3.079226,0.968617,0.429838,0.000335,0.300183,0.00043,0.40451,0.000562,0,7.105008,50.800378,-0.030968,15,226.4,2455037.46816,-26.060375,-26.060576,0,-9999999,2.353839,-0.392992,0.856603,0.406964,0.981628,0.53,900,-6.930437,3.188336,2009-07-24T23:10:08.558,-9999999,G2,183.C-0972(A),Udry,-9999999,HARPS_ech_obs_all,HARPS_ech_obs_thosimult,STAR_WAVE_G4,6.37501148516944e-06,3.61433948348852e-07,0,0
5050,GJ9396,183.1207685,-3.08237,2455045.4800495,0.725052,0.966216,14644.053935,1.049579,-8.22475,0.447009,14646.89695,0.371534,-8.16806,0.448066,8.318928,3.836263,1.074321,1.28207,0.427296,0.000425,0.303582,0.000558,0.39462,0.000714,0,7.109356,50.763669,-0.031965,15,176.3,2455045.48004,-24.010474,-24.010701,0,-9999999,2.36327,-0.341488,0.856596,0.479745,0.98162,0.56,900,8.324653,3.806733,2009-08-01T23:27:45.628,-9999999,G2,183.C-0972(A),Udry,-9999999,HARPS_ech_obs_all,HARPS_ech_obs_thosimult,STAR_WAVE_G4,8.68972886636502e-06,4.09351277345986e-07,0,0
5051,GJ9396,183.1207685,-3.08237,2455046.4750787,-0.374793,0.946696,14643.067535,1.037276,-9.353878,0.403079,14645.806996,0.335197,-9.331216,0.404351,-4.564789,4.129328,-2.845063,0.999684,0.43204,0.000392,0.301166,0.000504,0.399892,0.000653,0,7.10461,50.80082,-0.032311,15,194.0,2455046.47507,-23.715275,-23.715496,0,-9999999,2.364442,-0.370772,0.856599,0.375019,0.981623,0.48,900,-4.552055,4.09623,2009-08-02T23:21:54.908,-9999999,G2,183.C-0972(A),Udry,-9999999,HARPS_ech_obs_all,HARPS_ech_obs_thosimult,STAR_WAVE_G4,7.76405288944735e-06,4.40345742157768e-07,0,0
5052,GJ9396,183.1207685,-3.08237,2455047.4687913,2.919124,1.011793,14646.248768,1.078464,-6.042509,0.538477,14648.970563,0.446646,-5.988183,0.539566,3.30882,5.05015,-3.789994,1.328834,0.427257,0.000508,0.294564,0.000668,0.399561,0.000863,0,7.104701,50.795265,-0.030838,15,146.9,2455047.46879,-23.412044,-23.412279,0,-9999999,2.365611,-0.35332,0.856602,0.356184,0.981627,0.48,900,3.322119,5.036676,2009-08-03T23:12:58.338,-9999999,G2,183.C-0972(A),Udry,-9999999,HARPS_ech_obs_all,HARPS_ech_obs_thosimult,STAR_WAVE_G4,5.54267769070142e-06,5.12362922591467e-07,0,0
5053,GJ9396,183.1207685,-3.08237,2455048.4673584,-0.256728,0.716211,14643.611731,0.746946,-8.535508,0.461671,14646.525119,0.384843,-8.478398,0.462722,-0.096336,3.913047,-1.00271,1.061751,0.426824,0.000441,0.300222,0.000574,0.39924,0.000743,0,7.103906,50.787799,-0.033254,15,170.3,2455048.46736,-23.109324,-23.109584,0,-9999999,2.366787,0.329534,0.547556,0.546601,0.640175,0.54,900,-0.067078,3.88275,2009-08-04T23:10:07.139,-9999999,G2,183.C-0972(A),Udry,-9999999,HARPS_ech_obs_all,HARPS_ech_obs_thosimult,STAR_WAVE_G4,8.50649618725048e-06,3.47765356483691e-07,0,0
5054,GJ9396,183.1207685,-3.08237,2455049.4734901,0.56678,0.907571,14643.100394,0.710687,-8.632315,0.518064,14646.22711,0.430378,-8.57056,0.519207,1.322623,4.789494,0.047836,1.283225,0.432324,0.00049,0.294026,0.000642,0.392233,0.000833,0,7.102882,50.789568,-0.028246,15,152.5,2455049.47348,-22.81024,-22.810499,1,-9999999,2.367971,-0.590781,0.745181,0.758745,0.565554,0.52,900,1.347859,4.76682,2009-08-05T23:19:21.487,-9999999,G2,183.C-0972(A),Udry,-9999999,HARPS_ech_obs_all,HARPS_ech_obs_thosimult,STAR_WAVE_G4,7.6237396143071e-06,4.66930260775217e-07,0,0
5055,GJ9396,183.1207685,-3.08237,2455219.8394185,-0.886573,0.906834,14642.75473,1.010038,-10.699292,0.29775,14643.791795,0.238071,-10.47112,0.298251,-6.501489,3.826987,-5.888698,1.034401,0.436508,0.000294,0.297486,0.000362,0.411874,0.000477,0,7.102586,50.836223,-0.033753,15,267.1,2455219.83942,26.611319,26.611507,0,-9999999,2.568518,-1.204405,0.856559,-1.531453,0.98158,0.51,900,-6.460137,3.780793,2010-01-23T07:57:07.080,-9999999,G2,183.C-0972(A),Udry,-9999999,HARPS_ech_obs_all,HARPS_ech_obs_thosimult,STAR_WAVE_G4,7.6390913215211e-06,2.56590539614171e-07,0,0
5056,GJ9396,183.1207685,-3.08237,2455222.8430774,1.784669,1.002076,14647.672634,0.870975,-7.7165,0.520058,14647.818955,0.427895,-7.44712,0.52042,-6.807535,5.832112,-4.177026,1.088217,0.437684,0.000539,0.291539,0.000658,0.416859,0.000884,0,7.103039,50.821898,-0.034921,15,147.1,2455222.84307,25.77051,25.770697,0,-9999999,2.572053,-0.892856,0.85656,-2.425732,0.758619,0.51,440,-6.773336,5.817006,2010-01-26T08:05:55.186,-9999999,G2,183.C-0972(A),Udry,-9999999,HARPS_ech_obs_all,HARPS_ech_obs_thosimult,STAR_WAVE_G4,7.59324830006117e-06,4.36853001400741e-07,0,0
5057,GJ9396,183.1207685,-3.08237,2455222.8483795,1.339043,0.996343,14645.763775,0.866863,-8.163853,0.508921,14645.900014,0.419458,-7.927448,0.509343,-1.058508,5.272124,-3.786286,1.192857,0.437809,0.000531,0.292973,0.000649,0.417335,0.000869,0,7.105049,50.809085,-0.033766,15,149.7,2455222.84837,25.755523,25.755719,0,-9999999,2.57206,-0.894582,0.856562,-2.435821,0.758622,0.48,440,-1.02236,5.252206,2010-01-26T08:13:46.442,-9999999,G2,183.C-0972(A),Udry,-9999999,HARPS_ech_obs_all,HARPS_ech_obs_thosimult,STAR_WAVE_G4,4.91955778597251e-06,5.02190879995552e-07,0,0
5058,GJ9396,183.1207685,-3.08237,2455224.8136548,-2.576399,0.818595,14640.550217,0.879966,-11.952523,0.368658,14642.443001,0.29987,-11.717627,0.36895,-0.614863,2.992307,-6.649903,1.039452,0.436747,0.000369,0.285954,0.000454,0.40649,0.000608,0,7.101187,50.837677,-0.033174,15,212.5,2455224.81365,25.262883,25.263078,-1,-9999999,2.574373,-0.767811,0.730882,-0.681589,0.827296,0.48,900,-0.603315,2.918304,2010-01-28T07:19:51.023,-9999999,G2,183.C-0972(A),Udry,-9999999,HARPS_ech_obs_all,HARPS_ech_obs_thosimult,STAR_WAVE_G4,6.77109916279868e-06,2.86649399445388e-07,0,0
5059,GJ9396,183.1207685,-3.08237,2455226.8236688,-0.170398,0.786211,14643.283051,0.809967,-10.67981,0.466342,14644.355797,0.383106,-10.43222,0.466709,1.504239,4.953353,-3.491567,1.048503,0.437895,0.000477,0.28344,0.000583,0.407328,0.000783,0,7.100051,50.81811,-0.031686,15,165.6,2455226.82366,24.617591,24.617846,1,-9999999,2.576739,-1.901098,0.632971,-1.503993,0.713636,0.42,900,1.519258,4.92098,2010-01-30T07:34:55.826,-9999999,G2,183.C-0972(A),Udry,-9999999,HARPS_ech_obs_all,HARPS_ech_obs_thosimult,STAR_WAVE_G4,9.36765288117076e-06,5.12122861215754e-07,0,0
5060,GJ9396,183.1207685,-3.08237,2455232.8156544,0.071968,0.941061,14643.707148,1.033274,-8.876176,0.389765,14646.258609,0.322757,-8.673497,0.390103,-2.834563,4.189573,-5.668371,1.229437,0.434769,0.000395,0.292608,0.000484,0.410069,0.000643,0,7.101148,50.843569,-0.033957,15,197.9,2455232.81565,22.622007,22.622307,-1,-9999999,2.583793,-0.339831,0.856551,-0.032332,0.981572,0.5,900,-2.813921,4.154715,2010-02-05T07:21:30.661,-9999999,G2,183.C-0972(A),Udry,-9999999,HARPS_ech_obs_all,HARPS_ech_obs_thosimult,STAR_WAVE_G4,7.43754327901269e-06,4.06002563412235e-07,0,0
5061,GJ9396,183.1207685,-3.08237,2455237.8197124,1.230625,0.712539,14644.392834,1.071983,-7.701427,0.517255,14647.086185,0.430885,-7.536198,0.517698,-8.070874,4.949717,-2.39041,1.459518,0.429407,0.000518,0.288422,0.000646,0.39918,0.000849,0,7.105496,50.822119,-0.035312,15,149.6,2455237.81971,20.731424,20.731701,0,-9999999,2.589683,-0.323738,0.49006,0.103668,0.981573,0.48,400,-8.051163,4.930349,2010-02-10T07:31:08.028,-9999999,G2,183.C-0972(A),Udry,-9999999,HARPS_ech_obs_all,HARPS_ech_obs_thosimult,STAR_WAVE_G4,8.01424008255037e-06,5.2233030243452e-07,0,0
5062,GJ9396,183.1207685,-3.08237,2455237.8247564,0.979492,0.720678,14643.444455,1.075006,-7.954202,0.528409,14646.128214,0.438348,-7.835602,0.528869,-3.226099,4.857961,-5.357155,1.546029,0.427313,0.000529,0.288417,0.00066,0.398162,0.000867,0,7.102331,50.837382,-0.034287,15,146.3,2455237.82475,20.716587,20.716897,0,-9999999,2.589689,-0.325381,0.490063,0.09407,0.981575,0.49,400,-3.197728,4.837061,2010-02-10T07:38:19.792,-9999999,G2,183.C-0972(A),Udry,-9999999,HARPS_ech_obs_all,HARPS_ech_obs_thosimult,STAR_WAVE_G4,7.04790088817803e-06,5.38899964115641e-07,0,0
5063,GJ9396,183.1207685,-3.08237,2455277.7968846,-0.73889,0.607634,14642.864177,0.784547,-10.164719,0.334215,14644.871339,0.275989,-9.985019,0.335229,-1.115188,3.76181,-7.621381,1.109969,0.431582,0.000326,0.298387,0.00041,0.404134,0.000535,0,7.100321,50.854211,-0.033928,15,236.7,2455277.79688,1.669914,1.670276,1,-9999999,2.636742,-0.817515,0.507464,-0.62958,0.734401,0.51,900,-1.11423,3.717544,2010-03-22T06:51:33.488,-9999999,G2,183.C-0972(A),Udry,-9999999,HARPS_ech_obs_all,HARPS_ech_obs_thosimult,STAR_WAVE_G4,6.65034925392321e-06,3.03541566524425e-07,0,0
5064,GJ9396,183.1207685,-3.08237,2455278.780732,-1.059774,0.765429,14643.067857,0.808668,-8.779149,0.49093,14646.738937,0.40704,-8.607863,0.491969,-4.117311,4.136047,-10.982732,1.412942,0.432537,0.000476,0.291438,0.000605,0.394859,0.000789,0,7.100118,50.862959,-0.03478,15,160.9,2455278.78073,1.192584,1.192963,1,-9999999,2.637901,0.888938,0.587256,1.033179,0.698758,0.5,900,-4.115331,4.106051,2010-03-23T06:28:26.442,-9999999,G2,183.C-0972(A),Udry,-9999999,HARPS_ech_obs_all,HARPS_ech_obs_thosimult,STAR_WAVE_G4,7.06819747948621e-06,5.19316614920421e-07,0,0
5065,GJ9396,183.1207685,-3.08237,2455281.6647685,-0.713296,0.750869,14642.887008,0.723091,-11.09107,0.371487,14644.485288,0.308546,-10.961793,0.372639,8.585024,3.544294,-10.369368,1.29698,0.431776,0.000374,0.290358,0.000467,0.403382,0.000611,0,7.099516,50.860507,-0.031597,15,207.7,2455281.66476,-0.022077,-0.021696,0,-9999999,2.641295,-1.769461,0.652535,-1.043015,0.653957,0.5,900,8.591248,3.489401,2010-03-26T03:41:26.679,-9999999,G2,183.C-0972(A),Udry,-9999999,HARPS_ech_obs_all,HARPS_ech_obs_thosimult,STAR_WAVE_G4,6.49836805591612e-06,3.73292076467637e-07,0,0
5066,GJ9396,183.1207685,-3.08237,2455283.7171705,-0.327766,0.732463,14643.399056,0.762575,-10.447564,0.341739,14644.991818,0.282869,-10.320417,0.342865,-1.573411,3.554875,-8.716628,1.087877,0.432778,0.00035,0.292275,0.000434,0.396569,0.000567,0,7.100088,50.847952,-0.031829,15,223.9,2455283.71716,-1.218997,-1.218599,0,-9999999,2.643711,-1.511485,0.647856,-1.050949,0.708171,0.49,900,-1.530681,3.51599,2010-03-28T04:57:03.586,-9999999,G2,183.C-0972(A),Udry,-9999999,HARPS_ech_obs_all,HARPS_ech_obs_thosimult,STAR_WAVE_G4,7.08750195780233e-06,2.74280359995033e-07,0,0
5067,GJ9396,183.1207685,-3.08237,2455305.6652767,0.716791,0.648377,14644.677663,0.500171,-8.488306,0.352079,14647.567858,0.292159,-8.443649,0.353327,-7.118792,4.102007,-3.362387,1.190457,0.429339,0.000322,0.293054,0.000413,0.396115,0.000539,0,7.106002,50.800294,-0.030125,15,235.8,2455305.66528,-12.066985,-12.066666,0,-9999999,2.669548,-0.596783,0.544456,0.220647,0.405973,0.5,900,-7.08718,4.075651,2010-04-19T03:42:53.103,-9999999,G2,183.C-0972(A),Udry,-9999999,HARPS_ech_obs_all,HARPS_ech_obs_thosimult,STAR_WAVE_G4,7.45839319866212e-06,4.36224370472891e-07,0,0
5068,GJ9396,183.1207685,-3.08237,2455352.5242082,-1.488979,1.010989,14641.847614,1.077737,-10.912213,0.537011,14644.804574,0.444957,-10.891428,0.538148,-3.87144,5.096043,-6.292718,1.444804,0.429773,0.000517,0.292817,0.000666,0.405261,0.000871,0,7.103917,50.826067,-0.035333,15,146.9,2455352.5242,-27.542526,-27.542399,0,-9999999,2.724708,-0.814921,0.856573,0.232252,0.981596,0.5,900,-3.862299,5.060275,2010-06-05T00:24:26.859,-9999999,G2,183.C-0972(A),Udry,-9999999,HARPS_ech_obs_all,HARPS_ech_obs_thosimult,STAR_WAVE_G4,7.65604965743139e-06,5.10730209012657e-07,0,0
5069,GJ9396,183.1207685,-3.08237,2455353.546651,-3.114735,0.937311,14641.117476,1.0305,-12.545277,0.380592,14644.032933,0.313719,-12.528776,0.381855,-4.583716,4.135453,-7.44269,1.111958,0.430421,0.000364,0.299797,0.000462,0.405028,0.000605,0,7.104268,50.829434,-0.030739,15,210.9,2455353.54665,-27.777835,-27.777718,2,-9999999,2.725911,-0.822228,0.856564,0.189546,0.981586,0.47,900,-4.57688,4.089559,2010-06-06T00:57:21.048,-9999999,G2,183.C-0972(A),Udry,-9999999,HARPS_ech_obs_all,HARPS_ech_obs_thosimult,STAR_WAVE_G4,8.59340495999919e-06,3.36993442834898e-07,0,0
5070,GJ9396,183.1207685,-3.08237,2455354.5272092,-1.221051,0.918908,14642.510456,1.018706,-10.645262,0.33268,14645.464064,0.272459,-10.635925,0.334144,-8.488699,4.089075,-7.30201,0.947305,0.430058,0.00031,0.300369,0.000396,0.403521,0.000517,0,7.104704,50.823055,-0.032224,15,246.0,2455354.52721,-27.894016,-27.893904,0,-9999999,2.727066,-0.815898,0.856572,0.226542,0.981594,0.51,900,-8.477168,4.045302,2010-06-07T00:28:53.115,-9999999,G2,183.C-0972(A),Udry,-9999999,HARPS_ech_obs_all,HARPS_ech_obs_thosimult,STAR_WAVE_G4,7.93479284911908e-06,3.57516810646996e-07,0,0
5071,GJ9396,183.1207685,-3.08237,2455359.5203399,2.121923,0.869215,14645.730451,0.953317,-7.857231,0.424979,14647.856808,0.35175,-7.833285,0.425985,6.017346,4.513321,0.683447,1.427482,0.430756,0.0004,0.300137,0.000513,0.404207,0.000671,0,7.109307,50.782971,-0.033751,15,190.2,2455359.52034,-28.592322,-28.592273,-1,-9999999,2.732943,-1.370841,0.758239,-0.606586,0.886051,0.49,900,6.020817,4.486738,2010-06-12T00:19:58.165,-9999999,G2,183.C-0972(A),Udry,-9999999,HARPS_ech_obs_all,HARPS_ech_obs_thosimult,STAR_WAVE_G4,8.07513591127046e-06,3.99752015466886e-07,0,0
5072,GJ9396,183.1207685,-3.08237,2455546.8667535,-0.304772,0.746609,14643.338178,0.769365,-9.392059,0.410894,14645.640444,0.33473,-9.230237,0.411104,-9.101399,3.62217,1.974969,1.162396,0.435368,0.000378,0.296003,0.000482,0.402169,0.000627,0,7.102838,50.793196,-0.032595,15,201.7,2455546.86675,30.057313,30.057245,0,-9999999,2.953478,-0.478973,0.62337,-0.651212,0.692732,0.49,900,-9.072157,3.589107,2010-12-16T08:42:09.305,-9999999,G2,183.C-0972(A),Udry,-9999999,HARPS_ech_obs_all,HARPS_ech_obs_thosimult,STAR_WAVE_G4,8.07705751604145e-06,3.9449183429593e-07,0,0
5073,GJ9396,183.1207685,-3.08237,2455548.86029,-1.925517,0.691147,14641.385856,0.727018,-12.198416,0.334598,14642.384673,0.268419,-12.005486,0.3348,1.815061,3.277432,-2.424591,1.076003,0.434949,0.000303,0.294586,0.000383,0.409971,0.000499,0,7.104438,50.831829,-0.032236,15,252.8,2455548.86028,30.21906,30.219007,0,-9999999,2.955825,-1.664586,0.604755,-1.957008,0.675652,0.51,900,1.831515,3.216829,2010-12-18T08:32:15.691,-9999999,G2,183.C-0972(A),Udry,-9999999,HARPS_ech_obs_all,HARPS_ech_obs_thosimult,STAR_WAVE_G4,6.71643048873217e-06,3.66044332262135e-07,0,0
5074,GJ9396,183.1207685,-3.08237,2455550.8426675,0.216353,0.657588,14643.45147,0.657399,-8.52001,0.498241,14646.59039,0.407865,-8.280596,0.498426,-0.959145,4.657176,-2.785239,1.355866,0.43578,0.00047,0.295036,0.000596,0.41028,0.000776,0,7.104515,50.835113,-0.034764,15,163.5,2455550.84266,30.366817,30.366775,0,-9999999,2.958159,-0.12805,0.42916,0.180761,0.515577,0.53,900,-0.926464,4.636579,2010-12-20T08:06:17.950,-9999999,G2,183.C-0972(A),Udry,-9999999,HARPS_ech_obs_all,HARPS_ech_obs_thosimult,STAR_WAVE_G4,7.73968221238683e-06,4.6724793131789e-07,0,0
5075,GJ9396,183.1207685,-3.08237,2455576.8433974,-2.539878,0.701048,14639.949206,1.059552,-10.829698,0.481687,14643.502736,0.398933,-10.633077,0.482032,-1.667188,3.938679,-7.466553,1.441397,0.433667,0.000477,0.295295,0.000596,0.397796,0.000773,0,7.102025,50.861488,-0.034441,15,163.4,2455576.8434,28.473356,28.473388,0,-9999999,2.988765,0.318494,0.509359,0.564765,0.981582,0.49,900,-1.651427,3.896481,2011-01-15T08:04:14.008,-9999999,G2,183.C-0972(A),Udry,-9999999,HARPS_ech_obs_all,HARPS_ech_obs_thosimult,STAR_WAVE_G4,7.52347496439127e-06,4.22328815177436e-07,0,0
5076,GJ9396,183.1207685,-3.08237,2455580.7929389,-2.004615,0.814386,14639.266073,1.044059,-11.751957,0.435865,14642.797903,0.355794,-11.498233,0.436105,-5.97435,4.368981,-0.777109,1.315138,0.430815,0.0004,0.293719,0.000508,0.401078,0.000663,0,7.104175,50.822605,-0.032727,15,190.9,2455580.79293,27.761593,27.761655,0,-9999999,2.993415,-1.139028,0.687929,0.538415,0.981565,0.47,800,-5.952906,4.329235,2011-01-19T06:52:07.566,-9999999,G2,183.C-0972(A),Udry,-9999999,HARPS_ech_obs_all,HARPS_ech_obs_thosimult,STAR_WAVE_G4,7.58858940400674e-06,4.59706337630347e-07,0,0
5077,GJ9396,183.1207685,-3.08237,2455584.8092167,-0.735309,0.95977,14640.015643,0.905535,-9.019521,0.432992,14645.428169,0.348889,-8.8676,0.433478,0.380514,4.262966,-3.272472,1.349876,0.437005,0.000403,0.294125,0.000501,0.404386,0.000666,0,7.104074,50.82765,-0.032809,15,192.2,2455584.80921,26.756626,26.756704,0,-9999999,2.998142,0.324102,0.856549,2.414384,0.835626,0.5,800,0.419906,4.235014,2011-01-23T07:14:38.623,-9999999,G2,183.C-0972(A),Udry,-9999999,HARPS_ech_obs_all,HARPS_ech_obs_thosimult,STAR_WAVE_G4,8.03022362513844e-06,4.28682749028588e-07,0,0
5078,GJ9396,183.1207685,-3.08237,2455590.8081941,-1.783793,0.564297,14642.320273,0.6872,-10.936359,0.36115,14644.089455,0.294552,-10.773469,0.361242,1.065875,4.388977,-0.62242,1.254426,0.435026,0.000335,0.295108,0.000418,0.409612,0.000551,0,7.105879,50.815167,-0.030667,15,230.1,2455590.80819,25.069214,25.069312,0,-9999999,3.005204,-0.544252,0.433592,-1.236022,0.620873,0.51,900,1.08701,4.353539,2011-01-29T07:11:26.650,-9999999,G2,183.C-0972(A),Udry,-9999999,HARPS_ech_obs_all,HARPS_ech_obs_thosimult,STAR_WAVE_G4,7.35378670245514e-06,3.20927840894561e-07,0,0
5079,GJ9396,183.1207685,-3.08237,2455611.7471676,-1.889752,0.722125,14641.285434,0.816174,-9.368797,0.369638,14645.5392,0.302613,-9.183545,0.370034,-3.645646,4.002875,0.378438,1.104426,0.432947,0.000341,0.282467,0.000424,0.411448,0.000567,0,7.106459,50.81329,-0.033127,15,224.5,2455611.74716,17.266901,17.267056,0,-9999999,3.029852,1.129269,0.620348,1.223914,0.758001,0.5,900,-3.635849,3.970269,2011-02-19T05:41:34.560,-9999999,G2,183.C-0972(A),Udry,-9999999,HARPS_ech_obs_all,HARPS_ech_obs_thosimult,STAR_WAVE_G4,7.61622523419571e-06,3.90029013077411e-07,0,0
5080,GJ9396,183.1207685,-3.08237,2455613.7651256,-1.614012,0.686481,14642.083377,0.623864,-8.965156,0.434094,14646.321882,0.359347,-8.807215,0.434346,0.370203,3.917993,-2.169939,1.465743,0.432146,0.000414,0.287017,0.000511,0.410477,0.000686,0,7.102368,50.818549,-0.030741,15,186.1,2455613.76512,16.328824,16.328978,0,-9999999,3.032228,1.25717,0.531807,1.206277,0.509977,0.52,900,0.384893,3.884837,2011-02-21T06:06:58.418,-9999999,G2,183.C-0972(A),Udry,-9999999,HARPS_ech_obs_all,HARPS_ech_obs_thosimult,STAR_WAVE_G4,7.01669979969892e-06,3.93040886142304e-07,0,0
5081,GJ9396,183.1207685,-3.08237,2455616.7152827,-1.981398,0.547784,14641.677692,0.549543,-10.184858,0.349314,14644.905887,0.285513,-9.972021,0.349581,-4.642614,3.687929,-1.688978,1.141978,0.432503,0.00032,0.285408,0.0004,0.402525,0.000533,0,7.105312,50.818848,-0.03307,15,239.3,2455616.71527,15.108144,15.108315,0,-9999999,3.035701,0.404854,0.421957,0.192494,0.469553,0.5,900,-4.623427,3.647163,2011-02-24T04:55:16.729,-9999999,G2,183.C-0972(A),Udry,-9999999,HARPS_ech_obs_all,HARPS_ech_obs_thosimult,STAR_WAVE_G4,7.61415093751855e-06,3.68473634082766e-07,0,0
5082,GJ9396,183.1207685,-3.08237,2455619.7462089,-0.965123,0.671614,14642.490989,0.825815,-9.37986,0.392269,14645.810457,0.322451,-9.214362,0.392637,-7.144308,3.660297,-1.480621,1.231595,0.429123,0.00037,0.285845,0.000462,0.404452,0.000617,0,7.106371,50.812487,-0.031172,15,208.4,2455619.74621,13.611016,13.611165,0,-9999999,3.039268,0.193577,0.545152,0.2802,0.76026,0.49,900,-7.125051,3.623203,2011-02-27T05:39:45.308,-9999999,G2,183.C-0972(A),Udry,-9999999,HARPS_ech_obs_all,HARPS_ech_obs_thosimult,STAR_WAVE_G4,5.87915730815636e-06,4.51565238778731e-07,0,0
5083,GJ9396,183.1207685,-3.08237,2455621.8240097,-1.85137,0.971147,14641.925871,1.051371,-9.79278,0.45765,14645.613744,0.376688,-9.612275,0.457938,-2.170446,4.320191,-2.726,1.340334,0.433577,0.000457,0.283956,0.000559,0.417871,0.000754,0,7.105236,50.819848,-0.032122,15,173.0,2455621.824,12.416566,12.416737,0,-9999999,3.041714,0.666904,0.856554,0.646159,0.981574,0.52,900,-2.146763,4.287705,2011-03-01T07:31:12.490,-9999999,G2,183.C-0972(A),Udry,-9999999,HARPS_ech_obs_all,HARPS_ech_obs_thosimult,STAR_WAVE_G4,6.083509942353e-06,5.60058965994117e-07,0,0
5084,GJ9396,183.1207685,-3.08237,2455624.7969344,-0.936049,0.927931,14642.758235,1.024137,-8.949655,0.35691,14646.342926,0.292208,-8.828919,0.357414,-11.671202,3.679648,-2.429286,1.218851,0.432518,0.000339,0.287875,0.000421,0.414166,0.000561,0,7.104906,50.815095,-0.034522,15,229.9,2455624.79693,11.024778,11.024954,0,-9999999,3.045214,0.594708,0.856546,0.539477,0.981566,0.5,900,-11.650479,3.643686,2011-03-04T06:52:21.038,-9999999,G2,183.C-0972(A),Udry,-9999999,HARPS_ech_obs_all,HARPS_ech_obs_thosimult,STAR_WAVE_G4,8.24533830925808e-06,3.52834997979548e-07,0,0
5085,GJ9396,183.1207685,-3.08237,2455626.8305699,-1.067865,0.666318,14642.58813,0.631953,-8.39041,0.460555,14646.784462,0.381507,-8.227437,0.460996,-6.49375,4.909441,-3.277437,1.490483,0.432698,0.000444,0.298069,0.000555,0.410691,0.000731,0,7.103733,50.829756,-0.03301,15,175.0,2455626.83056,9.930311,9.930517,0,-9999999,3.047608,1.285769,0.481527,1.148724,0.503802,0.5,900,-6.468149,4.889239,2011-03-06T07:40:40.927,-9999999,G2,183.C-0972(A),Udry,-9999999,HARPS_ech_obs_all,HARPS_ech_obs_thosimult,STAR_WAVE_G4,6.67414485070008e-06,5.30382545644053e-07,0,0
5086,GJ9396,183.1207685,-3.08237,2455628.7552729,0.419817,0.567029,14643.359556,0.604829,-8.139125,0.394581,14646.95301,0.328366,-8.042309,0.39523,-2.550088,3.772557,-1.162185,1.385706,0.428961,0.000379,0.299334,0.000475,0.409452,0.000623,0,7.107669,50.813971,-0.03402,15,204.0,2455628.75526,9.144547,9.144736,0,-9999999,3.049873,0.049372,0.407219,0.543581,0.507931,0.48,900,-2.539506,3.747679,2011-03-08T05:52:27.919,-9999999,G2,183.C-0972(A),Udry,-9999999,HARPS_ech_obs_all,HARPS_ech_obs_thosimult,STAR_WAVE_G4,7.16787494547538e-06,3.89159144292482e-07,0,0
5087,GJ9396,183.1207685,-3.08237,2455629.7471498,1.873913,0.755729,14646.189537,0.670038,-5.85149,0.342438,14649.717386,0.281879,-5.725185,0.342899,-3.738461,3.482839,-0.419966,1.220973,0.43342,0.000322,0.292223,0.000405,0.408768,0.000531,0,7.106955,50.804261,-0.032703,15,239.4,2455629.74714,8.66158,8.661774,-2,-9999999,3.051041,0.88291,0.673694,0.476808,0.607861,0.51,900,-3.747772,3.455632,2011-03-09T05:40:16.540,-9999999,G2,183.C-0972(A),Udry,-9999999,HARPS_ech_obs_all,HARPS_ech_obs_thosimult,STAR_WAVE_G4,7.500491994184e-06,3.76804693356393e-07,0,0
5088,GJ9396,183.1207685,-3.08237,2455634.7581673,-2.755732,0.77981,14641.177781,0.907643,-10.631713,0.323777,14645.065931,0.267962,-10.505016,0.324692,-0.30427,3.442114,-4.164288,0.988626,0.432432,0.000319,0.292485,0.000394,0.408147,0.000516,0,7.104963,50.819804,-0.032295,15,246.7,2455634.75816,6.064412,6.064588,0,-9999999,3.05694,0.732333,0.709417,0.83121,0.867186,0.52,900,-0.305798,3.393565,2011-03-14T05:55:48.775,-9999999,G2,183.C-0972(A),Udry,-9999999,HARPS_ech_obs_all,HARPS_ech_obs_thosimult,STAR_WAVE_G4,8.04774793642671e-06,3.07198806217797e-07,0,0
5089,GJ9396,183.1207685,-3.08237,2455635.7280392,-0.874544,0.825213,14643.62368,0.809573,-7.963961,0.512815,14647.918346,0.424991,-7.81195,0.513619,2.203714,4.695962,-3.706323,1.351008,0.432457,0.000489,0.300335,0.00062,0.406312,0.000808,0,7.103126,50.831448,-0.034583,15,157.0,2455635.72804,5.640581,5.640746,0,-9999999,3.058081,1.518897,0.646527,1.236585,0.689051,0.46,900,2.220397,4.676305,2011-03-15T05:13:18.060,-9999999,G2,183.C-0972(A),Udry,-9999999,HARPS_ech_obs_all,HARPS_ech_obs_thosimult,STAR_WAVE_G4,8.39199184597634e-06,4.88229983179228e-07,0,0
5090,GJ9396,183.1207685,-3.08237,2455652.6643089,-2.619804,0.711041,14641.026061,0.651332,-11.241573,0.391787,14644.507462,0.324812,-11.143456,0.392735,1.232169,3.941237,-4.100678,1.30196,0.430973,0.000373,0.299826,0.000471,0.403596,0.000613,0,7.10343,50.828518,-0.031111,15,206.6,2455652.6643,-2.996841,-2.996641,0,-9999999,3.078018,-0.013455,0.593365,0.403383,0.564562,0.51,900,1.269332,3.900843,2011-04-01T03:40:40.443,-9999999,G2,183.C-0972(A),Udry,-9999999,HARPS_ech_obs_all,HARPS_ech_obs_thosimult,STAR_WAVE_G4,6.68618523684432e-06,4.31716763882459e-07,0,0
5091,GJ9396,183.1207685,-3.08237,2455656.6326259,-2.530668,0.918507,14641.37308,1.018233,-10.688115,0.331655,14644.982958,0.270813,-10.57218,0.332602,-0.631646,3.584111,-3.007374,1.138567,0.430836,0.000305,0.28961,0.000385,0.394045,0.000503,0,7.105214,50.823379,-0.032549,15,251.4,2455656.63262,-4.964342,-4.964149,0,-9999999,3.082689,0.450866,0.85654,0.527189,0.981559,0.51,900,-0.616256,3.536986,2011-04-05T02:55:07.673,-9999999,G2,183.C-0972(A),Udry,-9999999,HARPS_ech_obs_all,HARPS_ech_obs_thosimult,STAR_WAVE_G4,7.40953356913636e-06,3.23160291620108e-07,0,0
5092,GJ9396,183.1207685,-3.08237,2455662.6810651,0.322154,0.94408,14644.741595,1.035214,-7.365093,0.397035,14648.368338,0.32897,-7.230113,0.397973,-4.254812,3.076982,-1.10409,1.450877,0.430826,0.000383,0.292517,0.000481,0.396565,0.000629,0,7.107113,50.796882,-0.032029,15,202.5,2455662.68106,-8.136707,-8.136547,0,-9999999,3.089809,0.921066,0.856534,0.536934,0.981553,0.48,900,-4.23693,3.051723,2011-04-11T04:05:31.302,-9999999,G2,183.C-0972(A),Udry,-9999999,HARPS_ech_obs_all,HARPS_ech_obs_thosimult,STAR_WAVE_G4,6.40218352460045e-06,3.82083557629741e-07,0,0
5093,GJ9396,183.1207685,-3.08237,2455672.6410211,2.27693,0.690828,14646.180671,0.873057,-7.003764,0.371814,14648.408092,0.310398,-6.964028,0.373037,2.290055,4.040394,-3.495588,1.151905,0.42935,0.000372,0.300851,0.000465,0.397406,0.000608,0,7.107481,50.815216,-0.030124,15,210.1,2455672.64102,-12.788287,-12.788134,1,-9999999,3.101534,-0.672381,0.582235,-0.874113,0.816016,0.49,900,2.329835,4.025858,2011-04-21T03:08:12.491,-9999999,G2,183.C-0972(A),Udry,-9999999,HARPS_ech_obs_all,HARPS_ech_obs_thosimult,STAR_WAVE_G4,6.43487058062363e-06,4.1357018637538e-07,0,0
5094,GJ9396,183.1207685,-3.08237,2455674.6165075,-0.290848,0.525477,14643.874301,0.517569,-9.103557,0.325234,14646.696232,0.267155,-9.011744,0.326522,-1.585484,3.35706,-5.706663,1.17017,0.429458,0.000305,0.299549,0.000386,0.40479,0.000505,0,7.10282,50.829308,-0.033152,15,251.7,2455674.61651,-13.628242,-13.628123,0,-9999999,3.103859,-0.204395,0.412733,-0.281928,0.44329,0.5,900,-1.56011,3.320669,2011-04-23T02:32:53.039,-9999999,G2,183.C-0972(A),Udry,-9999999,HARPS_ech_obs_all,HARPS_ech_obs_thosimult,STAR_WAVE_G4,7.91820675514253e-06,3.34200694518548e-07,0,0
5095,GJ9396,183.1207685,-3.08237,2455675.6822444,-1.32484,0.744182,14642.703443,0.66865,-10.327035,0.384382,14645.64709,0.320172,-10.181581,0.385395,-6.525524,3.823789,-6.372075,1.150478,0.429796,0.000381,0.300316,0.000476,0.395202,0.000621,0,7.10453,50.819179,-0.033525,15,205.1,2455675.68223,-14.2731,-14.272948,0,-9999999,3.105114,-0.393882,0.637226,-0.161467,0.587011,0.51,900,-6.505126,3.78313,2011-04-24T04:07:27.971,-9999999,G2,183.C-0972(A),Udry,-9999999,HARPS_ech_obs_all,HARPS_ech_obs_thosimult,STAR_WAVE_G4,6.0988990754197e-06,3.60906100591723e-07,0,0
5096,GJ9396,183.1207685,-3.08237,2455678.5757399,-4.733237,0.829028,14638.492597,0.764039,-14.110765,0.596075,14640.996397,0.495451,-14.057183,0.597091,20.868188,5.887331,-6.462438,1.758984,0.431169,0.000579,0.293863,0.000734,0.403154,0.000954,0,7.10482,50.839969,-0.034896,15,133.8,2455678.57574,-15.288853,-15.288695,0,-9999999,3.10852,-0.769214,0.576178,-0.60472,0.581622,0.38,900,20.884764,5.845024,2011-04-27T01:36:15.293,-9999999,G2,183.C-0972(A),Udry,-9999999,HARPS_ech_obs_all,HARPS_ech_obs_thosimult,STAR_WAVE_G4,5.14241334956353e-06,6.47891854960552e-07,0,0
5097,GJ9396,183.1207685,-3.08237,2455684.572747,-3.648194,0.92482,14639.885253,0.821434,-12.469778,0.34872,14643.158668,0.28725,-12.384338,0.349956,2.842967,3.714026,-3.230791,1.106128,0.430864,0.000329,0.293523,0.000416,0.403284,0.000542,0,7.107317,50.803282,-0.033741,15,233.8,2455684.57274,-17.812816,-17.812683,0,-9999999,3.115579,-0.21327,0.856555,0.157836,0.769572,0.49,900,2.877513,3.665102,2011-05-03T01:30:46.481,-9999999,G2,183.C-0972(A),Udry,-9999999,HARPS_ech_obs_all,HARPS_ech_obs_thosimult,STAR_WAVE_G4,5.34704422905204e-06,3.36066093766202e-07,0,0
5098,GJ9396,183.1207685,-3.08237,2455689.586499,-4.484399,0.976356,14639.71629,0.813817,-11.737814,0.679138,14643.251559,0.560162,-11.655946,0.680025,0.894998,6.223417,-9.752398,2.040833,0.42984,0.000674,0.301458,0.000853,0.399241,0.001103,0,7.105201,50.85309,-0.034093,15,115.8,2455689.58649,-19.808043,-19.807908,0,-9999999,3.121481,1.354898,0.701457,0.413788,0.590353,0.48,900,0.91295,6.197931,2011-05-08T01:51:10.892,-9999999,G2,183.C-0972(A),Udry,-9999999,HARPS_ech_obs_all,HARPS_ech_obs_thosimult,STAR_WAVE_G4,3.34495237996733e-06,8.29648773802334e-07,0,0
5099,GJ9396,183.1207685,-3.08237,2455694.5448983,-0.438809,0.922267,14643.815827,1.021046,-9.027584,0.341868,14647.310372,0.28111,-8.94465,0.343366,1.678663,3.360928,-2.761481,1.180834,0.428737,0.000317,0.301332,0.000407,0.396733,0.000524,0,7.107768,50.793888,-0.033711,15,240.1,2455694.5449,-21.479524,-21.479412,0,-9999999,3.127318,0.019538,0.856565,0.367227,0.981586,0.52,900,1.705453,3.325317,2011-05-13T00:51:10.150,-9999999,G2,183.C-0972(A),Udry,-9999999,HARPS_ech_obs_all,HARPS_ech_obs_thosimult,STAR_WAVE_G4,8.24241990229446e-06,3.67874069476696e-07,0,0
5100,GJ9396,183.1207685,-3.08237,2455695.5885164,0.456298,0.80826,14645.798147,0.690627,-7.926271,0.275964,14648.417292,0.224228,-7.946443,0.277617,-8.392462,3.320799,-1.436973,1.120935,0.433105,0.000259,0.294949,0.000327,0.39013,0.000423,0,7.107504,50.788749,-0.032353,15,299.2,2455695.58851,-21.943358,-21.94325,0,-9999999,3.128546,0.225745,0.759689,-0.509401,0.653213,0.49,900,-8.365655,3.293509,2011-05-14T01:54:32.284,-9999999,G2,183.C-0972(A),Udry,-9999999,HARPS_ech_obs_all,HARPS_ech_obs_thosimult,STAR_WAVE_G4,7.37343449579494e-06,3.07054327144018e-07,0,0
5101,GJ9396,183.1207685,-3.08237,2455711.5272813,-2.24696,0.993528,14642.565089,0.975486,-10.813343,0.50337,14645.175168,0.416856,-10.799304,0.50439,-2.680891,5.409819,-9.640235,1.511345,0.433007,0.000492,0.300677,0.000624,0.400865,0.00081,0,7.103045,50.847532,-0.033586,15,157.3,2455711.52727,-26.308106,-26.308038,0,-9999999,3.147309,0.041931,0.856572,-0.53723,0.881932,0.6,900,-2.679308,5.380892,2011-05-30T00:26:33.885,-9999999,G2,183.C-0972(A),Udry,-9999999,HARPS_ech_obs_all,HARPS_ech_obs_thosimult,STAR_WAVE_G4,6.51662209091508e-06,5.37333320827783e-07,0,0
5102,GJ9396,183.1207685,-3.08237,2455729.4849776,0.056935,0.692094,14644.308997,0.669191,-8.25778,0.450386,14648.392149,0.371155,-8.202326,0.451619,2.209717,4.508066,-0.510537,1.38979,0.433916,0.000424,0.294522,0.000543,0.396005,0.000709,0,7.10938,50.785483,-0.034245,15,180.1,2455729.48497,-28.965083,-28.965051,0,-9999999,3.168448,0.293598,0.525496,0.914704,0.556831,0.53,900,2.191738,4.482049,2011-06-16T23:29:05.893,-9999999,G2,183.C-0972(A),Udry,-9999999,HARPS_ech_obs_all,HARPS_ech_obs_thosimult,STAR_WAVE_G4,9.12115976030118e-06,5.28096308794471e-07,0,0
5103,GJ9396,183.1207685,-3.08237,2455735.4903076,-0.72444,0.969247,14642.2968,1.099043,-9.11958,0.619869,14646.576395,0.50797,-9.081924,0.620814,6.451734,6.630419,-0.130808,1.626735,0.430275,0.000597,0.297782,0.000757,0.401651,0.000991,0,7.114061,50.802311,-0.032974,15,128.8,2455735.4903,-29.338027,-29.338013,0,-9999999,3.175517,0.213173,0.745119,1.104078,0.974609,0.51,900,6.449449,6.61135,2011-06-22T23:37:54.794,-9999999,G2,183.C-0972(A),Udry,-9999999,HARPS_ech_obs_all,HARPS_ech_obs_thosimult,STAR_WAVE_G4,5.13306765719772e-06,6.46789386338475e-07,0,0
5104,GJ9396,183.1207685,-3.08237,2456690.8917945,-1.81185,0.88146,14641.894567,0.947932,-9.780685,0.394399,14646.940335,0.325603,-9.584588,0.394215,-0.933956,3.929282,9.830293,1.720636,0.429639,0.000374,0.294663,0.000457,0.409588,0.000603,0,7.118393,50.766464,-0.033469,15,210.5,2456690.89179,23.445187,23.445283,0,-9999999,4.300169,0.639478,0.788302,0.745599,0.890257,0.48,900,-0.931768,3.896926,2014-02-02T09:11:49.072,-9999999,G2,192.C-0852(A),Udry,-9999999,HARPS_ech_obs_all,HARPS_ech_obs_wavesimult,STAR_WAVE_G4,6.75844215262482e-06,5.186934025881e-07,0,0
5105,GJ9396,183.1207685,-3.08237,2456712.7793427,-1.666581,0.75276,14642.960921,0.734923,-10.448969,0.408428,14646.340276,0.342312,-10.305338,0.408909,-6.935679,4.849691,3.932287,1.772426,0.432584,0.000407,0.291964,0.000498,0.408591,0.000652,0,7.111406,50.790643,-0.031987,15,194.8,2456712.77933,14.807965,14.808107,0,-9999999,4.325934,-0.174074,0.632324,-0.946579,0.650334,0.49,900,-6.933618,4.823161,2014-02-24T06:27:41.842,-9999999,G2,192.C-0852(A),Udry,-9999999,HARPS_ech_obs_all,HARPS_ech_obs_thosimult,STAR_WAVE_G4,6.22185292303367e-06,4.90212955270856e-07,0,0
5106,GJ9396,183.1207685,-3.08237,2456739.7051899,-0.393196,0.697929,14643.529636,0.683116,-9.50907,0.465137,14647.189056,0.388392,-9.345617,0.465689,5.574144,4.170009,-1.474825,1.715813,0.432728,0.000453,0.293173,0.000564,0.405469,0.000735,0,7.112371,50.833394,-0.032964,15,173.4,2456739.70519,1.442534,1.442693,0,-9999999,4.357629,-0.50756,0.520338,-0.698209,0.56196,0.48,900,5.583055,4.143646,2014-03-23T04:40:00.172,-9999999,G2,192.C-0852(A),Udry,-9999999,HARPS_ech_obs_all,HARPS_ech_obs_wavesimult,STAR_WAVE_G4,8.29501913580489e-06,3.94431820388784e-07,0,0
5107,GJ9396,183.1207685,-3.08237,2456756.6784544,-0.727057,0.829514,14644.029795,0.732959,-10.284233,0.423516,14647.04869,0.352031,-10.203867,0.424105,-5.982459,4.321313,2.260922,1.855762,0.431807,0.000409,0.29276,0.000509,0.395818,0.000664,0,7.113828,50.800109,-0.033528,15,192.3,2456756.67845,-7.251724,-7.251551,1,-9999999,4.37761,-0.948862,0.713252,-1.358715,0.642887,0.53,900,-5.957076,4.296014,2014-04-09T04:00:59.534,-9999999,G2,192.C-0852(A),Udry,-9999999,HARPS_ech_obs_all,HARPS_ech_obs_wavesimult,STAR_WAVE_G4,6.24317116047091e-06,4.713971909609e-07,0,0
5108,GJ9396,183.1207685,-3.08237,2456768.6401227,0.55545,0.69887,14644.637279,0.676826,-8.759017,0.358075,14648.503437,0.29741,-8.686943,0.358928,-9.20462,4.379153,3.413375,1.60739,0.430474,0.000342,0.294024,0.000427,0.406061,0.000558,0,7.114497,50.790704,-0.033967,15,228.6,2456768.64012,-12.89711,-12.896963,1,-9999999,4.39169,-0.706153,0.600168,-0.525532,0.60798,0.5,900,-9.161515,4.364756,2014-04-21T03:06:49.430,-9999999,G2,192.C-0852(A),Udry,-9999999,HARPS_ech_obs_all,HARPS_ech_obs_wavesimult,STAR_WAVE_G4,6.669881959457e-06,3.65583476932521e-07,0,0
5109,GJ9396,183.1207685,-3.08237,2456791.5924367,-1.284798,0.607896,14642.138549,0.505309,-10.164874,0.352859,14647.016212,0.292351,-10.153497,0.354078,-5.262619,4.651314,0.758957,1.673465,0.4292,0.00034,0.30186,0.000425,0.390792,0.000551,0,7.11338,50.799313,-0.034688,15,230.8,2456791.59243,-22.03073,-22.03061,1,-9999999,4.418709,-0.271762,0.495003,0.458954,0.41215,0.5,900,-5.236959,4.629585,2014-05-14T02:00:06.234,-9999999,G2,192.C-0852(A),Udry,-9999999,HARPS_ech_obs_all,HARPS_ech_obs_wavesimult,STAR_WAVE_G4,6.74135908336396e-06,3.34418853706841e-07,0,0
5110,GJ9396,183.1207685,-3.08237,2456818.4974241,-4.070123,0.779983,14640.037983,0.73102,-10.746524,0.482615,14646.627744,0.400629,-10.758711,0.483621,-2.983475,5.095892,0.867102,1.743213,0.430552,0.000462,0.294719,0.000585,0.394437,0.000761,0,7.115718,50.797635,-0.032631,15,168.2,2456818.49742,-28.263097,-28.263065,1,-9999999,4.45038,1.931912,0.612744,2.139381,0.611462,0.52,900,-2.988946,5.07151,2014-06-09T23:46:17.346,-9999999,G2,192.C-0852(A),Udry,-9999999,HARPS_ech_obs_all,HARPS_ech_obs_wavesimult,STAR_WAVE_G4,-9999999.0,-9999999.0,-9999999,-9999999
5111,GJ9396,183.1207685,-3.08237,2456830.4708003,-2.030178,0.699928,14642.6022,0.565923,-10.607939,0.354979,14647.07228,0.291333,-10.60214,0.356102,-6.748456,4.332852,-0.432355,1.509161,0.430384,0.000332,0.301603,0.000418,0.402623,0.000544,0,7.113946,50.80609,-0.033313,15,234.5,2456830.47079,-29.273758,-29.273724,1,-9999999,4.464474,0.030553,0.603232,0.005606,0.485174,0.51,900,-6.749502,4.305663,2014-06-21T23:09:45.546,-9999999,G2,192.C-0852(A),Udry,-9999999,HARPS_ech_obs_all,HARPS_ech_obs_wavesimult,STAR_WAVE_G4,6.56819487857915e-06,4.01918541359958e-07,0,0
5112,GJ9396,183.1207685,-3.08237,2457045.8741347,0.098589,0.708143,14643.522586,0.741553,-9.692627,0.327477,14646.528461,0.26541,-9.533072,0.327435,-6.664841,3.601964,7.604407,1.75343,0.434012,0.000305,0.299974,0.000375,0.406314,0.000489,0,7.117512,50.785999,-0.033811,15,258.0,2457045.87413,26.587052,26.587169,1,-9999999,4.718037,-1.182902,0.627874,-1.712162,0.692429,0.5,900,-6.623727,3.580699,2015-01-23T08:47:20.685,-9999999,G2,192.C-0852(A),Udry,-9999999,HARPS_ech_obs_all,HARPS_ech_obs_wavesimult,STAR_WAVE_G4,6.55472401665225e-06,3.13695712500772e-07,0,0
5113,GJ9396,183.1207685,-3.08237,2457101.7154007,-1.050125,0.987948,14642.306282,0.822327,-10.187613,0.492332,14646.705538,0.410794,-10.100572,0.492751,6.723301,5.117479,7.042804,2.040722,0.432097,0.000478,0.292531,0.000595,0.406118,0.000776,0,7.120274,50.778467,-0.034802,15,164.6,2457101.7154,3.104404,3.10458,0,-9999999,4.78377,-0.529175,0.856534,-0.384514,0.712369,0.52,900,6.751267,5.094732,2015-03-20T04:54:09.385,-9999999,G2,192.C-0852(A),Udry,-9999999,HARPS_ech_obs_all,HARPS_ech_obs_wavesimult,STAR_WAVE_G4,6.92422013808714e-06,4.80545862060532e-07,0,0
5114,GJ9396,183.1207685,-3.08237,2457101.7869088,-1.489651,0.981279,14642.426991,0.816028,-10.650422,0.478792,14646.690258,0.398009,-10.432466,0.479014,-3.608969,5.452064,7.908932,1.978234,0.432302,0.000458,0.291718,0.000571,0.396415,0.000745,0,7.118156,50.768807,-0.031991,15,171.4,2457101.7869,2.889979,2.890157,0,-9999999,4.783854,-0.552458,0.856543,-0.520587,0.712383,0.48,900,-3.576298,5.429526,2015-03-20T06:37:43.617,-9999999,G2,192.C-0852(A),Udry,-9999999,HARPS_ech_obs_all,HARPS_ech_obs_wavesimult,STAR_WAVE_G4,6.24108892150045e-06,5.01772050324751e-07,0,0
5115,GJ9396,183.1207685,-3.08237,2457141.5718137,-5.762313,0.761836,14638.216927,0.872787,-16.033042,0.362356,14641.82281,0.299229,-15.925854,0.363347,8.195091,4.662786,2.484332,1.874568,0.428232,0.00034,0.293892,0.000428,0.400101,0.000554,0,7.115047,50.796591,-0.033171,15,228.3,2457141.57181,-16.139985,-16.139807,0,-9999999,4.830687,-1.662415,0.670143,-1.224804,0.81989,0.5,900,8.209672,4.60846,2015-04-29T01:29:00.658,-9999999,G2,192.C-0852(A),Udry,-9999999,HARPS_ech_obs_all,HARPS_ech_obs_wavesimult,STAR_WAVE_G4,7.5609598012453e-06,4.53469691546378e-07,0,0
5116,GJ9396,183.1207685,-3.08237,2457146.6997537,-1.347946,0.888843,14642.99105,1.062188,-10.025433,0.489643,14647.547821,0.405951,-9.965671,0.490246,-2.187108,5.248534,7.404468,2.22075,0.429888,0.000448,0.295571,0.000573,0.401439,0.000742,0,7.117525,50.762767,-0.034727,15,171.2,2457146.69975,-18.545362,-18.545212,0,-9999999,4.836724,-0.069173,0.741817,-0.279953,0.981553,0.48,900,-2.140522,5.230374,2015-05-04T04:33:58.209,-9999999,G2,192.C-0852(A),Udry,-9999999,HARPS_ech_obs_all,HARPS_ech_obs_wavesimult,STAR_WAVE_G4,6.80199678048015e-06,5.27204356074919e-07,0,0
5117,GJ9396,183.1207685,-3.08237,2457148.6910461,-2.52773,0.787626,14641.617431,1.045397,-11.215915,0.427291,14646.057731,0.359734,-11.172387,0.428207,-11.743954,4.803366,3.345185,1.935213,0.433356,0.000438,0.29381,0.000535,0.400969,0.000694,0,7.116268,50.787982,-0.034826,15,183.7,2457148.69104,-19.302989,-19.30283,0,-9999999,4.839068,-0.079871,0.661648,-0.398768,0.981553,0.49,900,-11.708888,4.778999,2015-05-06T04:21:27.590,-9999999,G2,192.C-0852(A),Udry,-9999999,HARPS_ech_obs_all,HARPS_ech_obs_wavesimult,STAR_WAVE_G4,7.34283043686178e-06,3.96932593346544e-07,0,0
5118,GJ9396,183.1207685,-3.08237,2457423.7928665,2.751805,0.546435,14660.864773,0.52038,-9.037096,0.326973,14664.229135,0.289388,5.006232,0.351457,13.417733,7.514698,27.615917,3.886374,0.432297,0.000337,0.288639,0.000404,0.397855,0.000529,0,7.13005,50.670782,-0.021005,15,235.4,2457423.79286,22.878427,22.878545,0,-9999999,5.162904,-0.937199,0.437813,-1.798542,0.432493,0.47,900,13.437978,7.54656,2016-02-05T06:49:16.161,-9999999,G2,192.C-0852(A),Udry,-9999999,HARPS_ech_obs_all,HARPS_ech_obs_wavesimult,STAR_WAVE_G4,7.03167106693423e-06,3.25927156403224e-07,0,0
5119,GJ9396,183.1207685,-3.08237,2457460.6653651,0.109614,0.673698,14658.31923,0.796225,-9.973916,0.422872,14664.73666,0.366253,4.285286,0.439635,7.087997,10.824927,23.633032,3.859951,0.435416,0.000435,0.297345,0.000527,0.401774,0.000694,0,7.126759,50.693669,-0.022187,15,183.0,2457460.66536,6.491878,6.492056,0,-9999999,5.206309,0.768172,0.524451,1.211121,0.706988,0.52,900,7.105489,10.848028,2016-03-13T03:42:15.276,-9999999,G2,192.C-0852(A),Udry,-9999999,HARPS_ech_obs_all,HARPS_ech_obs_wavesimult,STAR_WAVE_G4,7.61370255324908e-06,4.14728880811752e-07,0,0
5120,GJ9396,183.1207685,-3.08237,2457780.877275,-1.405213,0.642791,14655.758841,0.625744,-10.44201,0.460896,14663.099743,0.402726,3.749417,0.478493,30.190893,10.649755,25.253017,3.957378,0.438953,0.00047,0.290205,0.00057,0.408988,0.000745,0,7.12765,50.680017,-0.021038,15,168.4,2457780.87727,25.342945,25.343059,0,-9999999,5.583246,1.814905,0.448058,1.757656,0.478923,0.49,900,30.254691,10.662367,2017-01-27T08:51:27.695,-9999999,G2,198.C-0836(A),Diaz,-9999999,HARPS_ech_obs_all,HARPS_ech_obs_wavesimult,STAR_WAVE_G4,5.19066474047541e-06,5.27615424436938e-07,0,0
5121,GJ9396,183.1207685,-3.08237,2457781.8328754,0.187218,0.810696,14657.675641,0.874409,-9.104829,0.387401,14664.579285,0.340308,4.852836,0.407183,36.640985,14.222904,25.906073,3.930182,0.437302,0.00039,0.291005,0.000474,0.39966,0.00062,0,7.127915,50.684343,-0.021325,15,202.0,2457781.83287,25.167391,25.167509,0,-9999999,5.584371,1.559655,0.712144,1.319273,0.80547,0.54,900,36.669043,14.23351,2017-01-28T07:46:39.610,-9999999,G2,198.C-0836(A),Diaz,-9999999,HARPS_ech_obs_all,HARPS_ech_obs_wavesimult,STAR_WAVE_G4,5.99920513123866e-06,4.66784255017183e-07,0,0
5122,GJ9396,183.1207685,-3.08237,2457788.8730037,-0.459574,1.31295,14658.310683,1.397274,-10.777079,0.439538,14663.565919,0.386641,3.280778,0.458572,21.654997,10.007387,24.662105,4.005711,0.436005,0.000456,0.287072,0.00055,0.398462,0.000723,0,7.126791,50.699997,-0.02183,15,173.2,2457788.873,22.723603,22.723689,0,-9999999,5.592659,0.534197,1.237192,-0.337423,1.342715,0.53,900,21.668558,10.027502,2017-02-04T08:43:47.013,-9999999,G2,198.C-0836(A),Diaz,-9999999,HARPS_ech_obs_all,HARPS_ech_obs_wavesimult,STAR_WAVE_G4,6.16751679707155e-06,5.23126757034826e-07,0,0
5123,GJ9396,183.1207685,-3.08237,2457789.8894205,-0.838769,0.81792,14658.0607,0.621595,-12.146322,0.307034,14661.931594,0.272465,2.055805,0.332356,0.11078,8.368238,24.794795,3.817178,0.4354,0.000298,0.294615,0.000364,0.405911,0.000477,0,7.129797,50.669825,-0.021965,15,260.5,2457789.88941,22.317267,22.317394,-1,-9999999,5.593855,-0.455851,0.758105,-1.722961,0.558698,0.5,900,0.118514,8.385797,2017-02-05T09:07:45.787,-9999999,G2,198.C-0836(A),Diaz,-9999999,HARPS_ech_obs_all,HARPS_ech_obs_wavesimult,STAR_WAVE_G4,6.21861002331366e-06,3.8812673954721e-07,0,0
5124,GJ9396,183.1207685,-3.08237,2457792.886179,-0.175149,1.185305,14658.806752,1.085786,-10.032936,0.266719,14663.840378,0.239261,3.919252,0.295842,6.964911,11.210302,25.620933,3.743325,0.435158,0.000268,0.288696,0.000322,0.397278,0.000422,0,7.12961,50.66121,-0.022064,15,294.6,2457792.88617,21.209274,21.209398,0,-9999999,5.597383,0.993915,1.154906,-0.563757,1.059096,0.49,900,6.990162,11.228925,2017-02-08T09:02:55.800,-9999999,G2,198.C-0836(A),Diaz,-9999999,HARPS_ech_obs_all,HARPS_ech_obs_wavesimult,STAR_WAVE_G4,7.01115066819967e-06,3.66654028094867e-07,0,0
5125,GJ9396,183.1207685,-3.08237,2457795.8057456,-0.532797,1.049742,14658.932958,0.647916,-12.315744,0.365755,14662.224375,0.325652,1.996392,0.387776,8.95574,6.986529,28.397881,3.893117,0.431345,0.000386,0.288348,0.000463,0.40504,0.000606,0,7.128782,50.662761,-0.021951,15,205.4,2457795.80574,20.272892,20.273049,0,-9999999,5.600819,-0.931245,0.983962,-2.309402,0.56013,0.47,900,8.998215,7.005339,2017-02-11T07:07:06.849,-9999999,G2,198.C-0836(A),Diaz,-9999999,HARPS_ech_obs_all,HARPS_ech_obs_wavesimult,STAR_WAVE_G4,5.50409252007073e-06,4.26344137623465e-07,0,0
5126,GJ9396,183.1207685,-3.08237,2457802.7615762,-2.035338,0.640501,14656.503619,0.527748,-11.700203,0.322979,14662.165183,0.287934,2.439032,0.346822,12.726401,7.837333,26.503091,3.933003,0.430689,0.000342,0.285227,0.000402,0.401077,0.000539,0,7.128135,50.683142,-0.021732,15,233.5,2457802.76157,17.480759,17.480905,0,-9999999,5.609008,1.186837,0.553106,0.052556,0.442281,0.49,900,12.729184,7.862749,2017-02-18T06:02:34.851,-9999999,G2,198.C-0836(A),Diaz,-9999999,HARPS_ech_obs_all,HARPS_ech_obs_wavesimult,STAR_WAVE_G4,6.62302544881042e-06,3.85365453585167e-07,0,0
5127,GJ9396,183.1207685,-3.08237,2457803.8263848,-1.499326,0.690648,14656.621531,0.574598,-12.027663,0.32011,14661.781654,0.283566,2.232006,0.343723,12.830768,6.714928,25.224762,3.870647,0.435179,0.000326,0.285031,0.000385,0.410205,0.000518,0,7.127375,50.672818,-0.021636,15,243.4,2457803.82638,16.848549,16.848666,1,-9999999,5.610261,0.323365,0.611984,-0.450138,0.499753,0.51,900,12.863712,6.742033,2017-02-19T07:35:31.048,-9999999,G2,198.C-0836(A),Diaz,-9999999,HARPS_ech_obs_all,HARPS_ech_obs_wavesimult,STAR_WAVE_G4,7.0861551241473e-06,4.27036295506062e-07,0,0
5128,GJ9396,183.1207685,-3.08237,2457810.8617117,0.104467,0.697903,14657.598266,0.624343,-10.948631,0.298407,14662.936952,0.261598,3.156222,0.323318,14.830488,9.437821,23.565136,3.709506,0.434884,0.000296,0.288741,0.000353,0.406124,0.000475,0,7.125807,50.677762,-0.021185,15,268.0,2457810.86171,13.527494,13.527625,0,-9999999,5.618543,-0.201396,0.63089,-0.279857,0.566896,0.49,900,14.843568,9.458658,2017-02-26T08:26:10.166,-9999999,G2,198.C-0836(A),Diaz,-9999999,HARPS_ech_obs_all,HARPS_ech_obs_wavesimult,STAR_WAVE_G4,6.95407517993993e-06,3.14884356924384e-07,0,0
5129,GJ9396,183.1207685,-3.08237,2457815.8391904,-0.484126,1.002187,14657.469217,0.894275,-12.418925,0.285143,14662.048159,0.254617,1.809246,0.310396,10.965629,7.821865,24.430587,3.752584,0.435054,0.000287,0.296061,0.000342,0.400192,0.000451,0,7.128721,50.659265,-0.022144,15,278.7,2457815.83919,11.160099,11.160226,0,-9999999,5.624402,-1.083097,0.960766,-1.04546,0.857261,0.53,900,11.00718,7.841805,2017-03-03T07:52:50.322,-9999999,G2,198.C-0836(A),Diaz,-9999999,HARPS_ech_obs_all,HARPS_ech_obs_wavesimult,STAR_WAVE_G4,5.96241257081747e-06,4.07372262934915e-07,0,0
5130,GJ9396,183.1207685,-3.08237,2457817.8246962,0.886313,0.677744,14658.647053,0.967029,-11.986672,0.285519,14662.522893,0.254147,2.206695,0.310373,13.759725,9.723848,24.117387,3.864221,0.433907,0.000284,0.29207,0.000342,0.406426,0.000446,0,7.128694,50.668344,-0.021354,15,280.0,2457817.82469,10.208322,10.208467,0,-9999999,5.626739,-2.021283,0.614667,-1.750899,0.933035,0.49,900,13.800118,9.742603,2017-03-05T07:32:27.817,-9999999,G2,198.C-0836(A),Diaz,-9999999,HARPS_ech_obs_all,HARPS_ech_obs_wavesimult,STAR_WAVE_G4,6.27583085972131e-06,3.6329299637743e-07,0,0
5131,GJ9396,183.1207685,-3.08237,2457818.6590398,1.400676,0.830482,14658.808535,1.06989,-11.567933,0.336395,14663.281972,0.299883,2.633545,0.356768,11.839603,11.031017,25.58116,3.84327,0.434537,0.000363,0.292594,0.000434,0.406097,0.000565,0,7.127076,50.676892,-0.022298,15,221.5,2457818.65903,10.19372,10.193878,0,-9999999,5.627721,-2.116907,0.759301,-1.154284,1.027003,0.52,900,11.838319,11.046263,2017-03-06T03:33:25.657,-9999999,G2,198.C-0836(A),Diaz,-9999999,HARPS_ech_obs_all,HARPS_ech_obs_wavesimult,STAR_WAVE_G4,7.41028888939331e-06,3.70231772615251e-07,0,0
5132,GJ9396,183.1207685,-3.08237,2457820.8484057,-1.159185,1.272969,14656.606735,1.368671,-12.281707,0.299789,14661.788542,0.265458,1.806143,0.323291,13.894056,7.97493,22.785671,3.742739,0.434962,0.000292,0.297508,0.000353,0.407102,0.000462,0,7.127536,50.677089,-0.023124,15,271.1,2457820.8484,8.6413,8.64145,0,-9999999,5.630298,-0.27082,1.237165,-0.448491,1.342681,0.5,900,13.893103,7.998049,2017-03-08T08:06:18.927,-9999999,G2,198.C-0836(A),Diaz,-9999999,HARPS_ech_obs_all,HARPS_ech_obs_wavesimult,STAR_WAVE_G4,7.54286707922685e-06,3.99036752025198e-07,0,0
5133,GJ9396,183.1207685,-3.08237,2457822.7282097,-1.379225,0.591897,14657.161851,0.625249,-11.828751,0.339002,14662.731254,0.303225,2.468379,0.359729,4.241168,6.769088,25.339341,3.86156,0.434653,0.000348,0.298644,0.000417,0.395936,0.000544,0,7.129158,50.67038,-0.021539,15,229.7,2457822.7282,7.980395,7.980523,-1,-9999999,5.632511,0.402176,0.485201,-0.063108,0.546801,0.52,900,4.256711,6.791355,2017-03-10T05:12:51.437,-9999999,G2,198.C-0836(A),Diaz,-9999999,HARPS_ech_obs_all,HARPS_ech_obs_wavesimult,STAR_WAVE_G4,5.02582585820957e-06,4.51987224839276e-07,0,0
5134,GJ9396,183.1207685,-3.08237,2457823.6724537,0.101484,0.640083,14658.686567,0.582658,-11.680481,0.378494,14663.505445,0.33689,2.42256,0.397189,8.329567,8.710671,25.868253,3.81817,0.434659,0.000405,0.293607,0.000484,0.405223,0.000628,0,7.128049,50.678002,-0.02243,15,199.3,2457823.67245,7.637093,7.637222,0,-9999999,5.633623,-0.930263,0.516187,-0.814745,0.475389,0.52,900,8.308144,8.733729,2017-03-11T03:52:32.018,-9999999,G2,198.C-0836(A),Diaz,-9999999,HARPS_ech_obs_all,HARPS_ech_obs_wavesimult,STAR_WAVE_G4,6.81343372615457e-06,4.14981717287732e-07,0,0
5135,GJ9396,183.1207685,-3.08237,2457879.64264,1.469586,0.542434,14660.271473,0.64113,-12.567929,0.34519,14662.595988,0.298986,2.283539,0.359527,15.390808,10.974818,24.047814,3.76166,0.431591,0.000322,0.301195,0.000397,0.397304,0.00051,0,7.130536,50.635484,-0.021128,15,243.0,2457879.64263,-19.366606,-19.366481,1,-9999999,5.699508,-3.185813,0.418424,-3.374993,0.567147,0.5,900,15.453235,10.984298,2017-05-06T03:11:38.758,-9999999,G2,198.C-0836(A),Diaz,-9999999,HARPS_ech_obs_all,HARPS_ech_obs_wavesimult,STAR_WAVE_G4,5.88820365853737e-06,5.32810624117898e-07,0,0
5136,GJ9396,183.1207685,-3.08237,2457922.5226316,2.461676,0.874687,14659.617899,0.966263,-9.600908,0.523283,14665.205538,0.452455,5.492463,0.533085,34.289798,12.433036,23.520132,4.159322,0.432955,0.000526,0.294983,0.000641,0.393674,0.00083,0,7.131409,50.656044,-0.020393,15,151.8,2457922.52263,-29.176785,-29.176768,0,-9999999,5.749984,-1.210882,0.700893,-0.162345,0.853785,0.5,900,34.278516,12.459838,2017-06-18T00:24:02.203,-9999999,G2,198.C-0836(A),Diaz,-9999999,HARPS_ech_obs_all,HARPS_ech_obs_wavesimult,STAR_WAVE_G4,-9999999.0,-9999999.0,-9999999,-9999999
5137,GJ9396,183.1207685,-3.08237,2457924.5139204,-0.270247,0.662326,14658.326201,0.610247,-11.650592,0.415216,14664.09487,0.35937,3.450809,0.428026,16.828324,11.456822,23.052591,3.971686,0.432081,0.000404,0.294174,0.000495,0.401121,0.000641,0,7.130248,50.663708,-0.021563,15,195.7,2457924.51392,-29.285133,-29.28512,1,-9999999,5.752328,-0.528643,0.516014,0.016341,0.493208,0.49,900,16.810854,11.480384,2017-06-20T00:11:55.255,-9999999,G2,198.C-0836(A),Diaz,-9999999,HARPS_ech_obs_all,HARPS_ech_obs_wavesimult,STAR_WAVE_G4,8.33047956770261e-06,5.26125596881009e-07,0,0
5138,GJ9396,183.1207685,-3.08237,2457925.5113646,-1.519596,0.712573,14657.732582,0.809761,-13.554612,0.416375,14662.186702,0.359514,1.550041,0.429678,13.039625,9.032506,23.978678,4.005261,0.437018,0.00041,0.295364,0.000501,0.402466,0.000648,0,7.131786,50.655598,-0.019164,15,194.2,2457925.51136,-29.331148,-29.331122,1,-9999999,5.753503,-1.183314,0.578267,-1.299383,0.725578,0.48,900,13.038718,9.053488,2017-06-21T00:08:31.819,-9999999,G2,198.C-0836(A),Diaz,-9999999,HARPS_ech_obs_all,HARPS_ech_obs_wavesimult,STAR_WAVE_G4,3.8158147806949e-06,5.15899974178608e-07,0,0
