,target,ra,dec,BJD,RV_mlc_nzp,e_RV_mlc_nzp,RV_drs_nzp,e_RV_drs_nzp,RV_mlc,e_RV_mlc,RV_drs,e_RV_drs,RV_mlc_j,e_RV_mlc_j,CRX,e_CRX,dLW,e_dLW,Halpha,e_Halpha,NaD1,e_NaD1,NaD2,e_NaD2,f_RV,FWHM_DRS,CONTRAST_DRS,BIS,RVGUESS,SNR_DRS,BJD_DRS,BERV,BERV_DRS,DRIFT,e_DRIFT,SA,NZP_mlc,dNZP_mlc,NZP_drs,dNZP_drs,TMMEAN,EXPTIME,MLCRX,E_MLCRX,TIMEID,DRIFT_LAMP,MASK,PROGID,PROGPI,AIRMASS,OBHAB,THAR_FP,DPR_TYPE,RHKp,dRHKp,vsinflag,metflag
6427,GJ1177,206.925208,-32.42947,2456705.8659358,-2.220461,1.02194,-4494.859858,1.105232,-5.494167,0.557627,-4494.455503,0.50898,-8.627776,0.592267,-1.849004,7.376845,-12.076391,3.490813,0.707208,0.000772,0.199872,0.000836,0.234444,0.000966,0,6.123461,42.216489,0.044356,-6,120.3,2456705.86593,26.462106,26.462148,0,-9999999,0.0,1.1805,0.856396,0.404355,0.981059,0.51,900,-1.788016,7.389911,2014-02-17T08:36:27.320,-9999999,K5,192.C-0224(G),Lagrange,-9999999,HARPS_ech_obs_all,HARPS_ech_obs_thosimult,STAR_WAVE_K7,7.09640336679354e-05,1.00342403660985e-05,0,0
6428,GJ1177,206.925208,-32.42947,2456705.8766136,-1.591134,1.008068,-4493.830622,1.097446,-4.868188,0.531771,-4493.446328,0.491835,-7.565247,0.566994,-7.196865,6.11913,-12.970338,3.238107,0.70512,0.000767,0.19918,0.00082,0.234806,0.000951,0,6.126339,42.230741,0.04036,-6,122.4,2456705.8766,26.437166,26.437233,0,-9999999,0.0,1.177152,0.8564,0.384294,0.981064,0.5,900,-7.143762,6.131745,2014-02-17T08:51:58.799,-9999999,K5,192.C-0224(G),Lagrange,-9999999,HARPS_ech_obs_all,HARPS_ech_obs_thosimult,STAR_WAVE_K7,7.64679503499803e-05,1.25255719399709e-05,0,0
6429,GJ1177,206.925208,-32.42947,2456707.8554308,0.780216,1.049104,-4491.354786,1.122623,-2.536029,0.605982,-4490.962183,0.545724,-6.013797,0.640993,-9.23535,6.41535,-11.862647,3.420413,0.696721,0.000814,0.200854,0.000896,0.237674,0.00104,0,6.125954,42.22498,0.038301,-6,111.6,2456707.85542,26.101336,26.101402,0,-9999999,1.5e-05,1.137961,0.856391,0.392588,0.981054,0.5,1000,-9.189351,6.435759,2014-02-19T08:20:23.620,-9999999,K5,192.C-0224(G),Lagrange,-9999999,HARPS_ech_obs_all,HARPS_ech_obs_thosimult,STAR_WAVE_K7,7.27834335812032e-05,1.2595209341247e-05,0,0
6430,GJ1177,206.925208,-32.42947,2456772.7194805,-0.441872,0.962832,-4493.177542,1.069047,-4.874394,0.440103,-4493.315337,0.424805,-7.640824,0.484504,-2.09,6.952071,-16.8619,3.231657,0.695674,0.000641,0.194935,0.000685,0.234597,0.000806,0,6.125697,42.249257,0.036356,-6,143.9,2456772.71948,1.389261,1.389422,0,-9999999,0.000518,0.021684,0.856361,-0.138313,0.981021,0.48,981,-2.059559,6.961456,2014-04-25T05:00:20.388,-9999999,K5,192.C-0224(G),Lagrange,-9999999,HARPS_ech_obs_all,HARPS_ech_obs_thosimult,STAR_WAVE_K7,8.31803397392356e-05,1.26197739643505e-05,0,0
6431,GJ1177,206.925208,-32.42947,2456773.7631042,0.340463,1.141502,-4493.55087,1.188578,-3.958881,0.754762,-4493.584464,0.671047,-7.30154,0.795293,-3.13521,7.585641,-14.259239,3.494481,0.698586,0.000998,0.196981,0.001132,0.237289,0.001333,0,6.13578,42.198795,0.032284,-6,90.5,2456773.7631,0.7973,0.797475,0,-9999999,0.000526,0.154862,0.856365,-0.03412,0.981026,0.43,981,-3.14841,7.594218,2014-04-26T06:03:58.178,-9999999,K5,192.C-0224(B),Lagrange,-9999999,HARPS_ech_obs_all,HARPS_ech_obs_thosimult,STAR_WAVE_K7,6.69150622392765e-05,8.8863784200655e-06,0,0
6432,GJ1177,206.925208,-32.42947,2456774.8208199,-18.809614,7.645522,-4530.015552,6.206342,-23.062339,7.597409,-4530.043647,6.128315,-17.630588,7.75228,207.276186,68.157746,-78.70104,12.532858,0.69312,0.008174,0.243172,0.016045,0.258941,0.018666,0,6.225851,43.04665,0.001634,-6,12.3,2456774.82081,0.192142,0.19231,0,-9999999,0.000534,0.201481,0.856379,-0.028629,0.981041,0.4,494,204.832648,68.259689,2014-04-27T07:30:48.800,-9999999,K5,192.C-0224(B),Lagrange,-9999999,HARPS_ech_obs_all,HARPS_ech_obs_thosimult,STAR_WAVE_K7,-9999999.0,-9999999.0,-9999999,-9999999
6433,GJ1177,206.925208,-32.42947,2456794.6571924,0.643643,1.051388,-4490.576532,1.126626,-3.63792,0.609967,-4490.388345,0.553967,-7.353206,0.645688,-7.962436,8.06548,-13.787916,3.691548,0.693972,0.000833,0.198825,0.000923,0.238361,0.001074,0,6.13693,42.199552,0.038876,-6,109.3,2456794.65719,-8.822895,-8.822744,-1,-9999999,0.000688,0.172643,0.856363,0.187499,0.981023,0.48,700,-7.916995,8.081606,2014-05-17T03:33:17.209,-9999999,K5,192.C-0224(H),Lagrange,-9999999,HARPS_ech_obs_all,HARPS_ech_obs_thosimult,STAR_WAVE_K7,8.59846673099674e-05,1.63341017025627e-05,0,0
6434,GJ1177,206.925208,-32.42947,2456794.665741,-0.832723,1.091037,-4529.308378,1.151051,-5.116966,0.676022,-4529.136251,0.60209,-8.628276,0.710557,-20.860267,8.32305,-9.111066,3.774206,0.69427,0.000907,0.198364,0.001014,0.236767,0.001177,0,8.463001,43.551872,0.047992,-6,100.1,2456794.66573,-8.844653,-8.844483,-1,-9999999,0.000688,0.169963,0.856362,0.171439,0.981022,0.49,700,-20.825843,8.339515,2014-05-17T03:45:28.834,-9999999,G2,192.C-0224(H),Lagrange,-9999999,HARPS_ech_obs_all,HARPS_ech_obs_thosimult,STAR_WAVE_K7,7.92208913355652e-05,1.07482141823286e-05,0,0
6435,GJ1177,206.925208,-32.42947,2456796.6374553,1.621912,1.020175,-4490.435585,1.107178,-2.519164,0.554433,-4490.10812,0.513255,-5.790727,0.590971,-12.808547,6.751114,-11.81762,3.29061,0.700545,0.000791,0.198342,0.000856,0.237372,0.000995,0,6.128754,42.186121,0.039401,-6,117.0,2456796.63745,-9.666348,-9.666219,0,-9999999,0.000703,0.31313,0.856365,0.326762,0.981026,0.5,800,-12.788304,6.769279,2014-05-19T03:03:53.170,-9999999,K5,192.C-0224(H),Lagrange,-9999999,HARPS_ech_obs_all,HARPS_ech_obs_thosimult,STAR_WAVE_K7,6.47986471209807e-05,9.16567384055128e-06,0,0
6436,GJ1177,206.925208,-32.42947,2456796.6471777,1.866941,1.01863,-4490.578605,1.106043,-2.277184,0.551586,-4490.269405,0.510806,-5.351364,0.587697,-20.139504,7.670887,-11.849269,3.471644,0.697959,0.000793,0.198018,0.000855,0.238334,0.000997,0,6.130553,42.204799,0.039606,-6,117.1,2456796.64718,-9.691383,-9.691246,0,-9999999,0.000704,0.310081,0.856364,0.308496,0.981025,0.51,800,-20.112115,7.685402,2014-05-19T03:17:45.212,-9999999,K5,192.C-0224(H),Lagrange,-9999999,HARPS_ech_obs_all,HARPS_ech_obs_thosimult,STAR_WAVE_K7,7.96571101720299e-05,1.2024502116062e-05,0,0
6437,GJ1177,206.925208,-32.42947,2456797.585734,2.923634,1.111884,-4490.307601,1.162929,-1.110116,0.709157,-4489.802007,0.624474,-4.614227,0.743358,-16.42448,8.092186,-10.192439,3.845017,0.694914,0.000917,0.204253,0.00104,0.240466,0.001215,0,6.130877,42.193595,0.035285,-6,97.5,2456797.58573,-9.97642,-9.976284,0,-9999999,0.000711,0.420456,0.856377,0.504883,0.981039,0.49,700,-16.366626,8.100619,2014-05-20T01:50:24.138,-9999999,K5,192.C-0224(B),Lagrange,-9999999,HARPS_ech_obs_all,HARPS_ech_obs_thosimult,STAR_WAVE_K7,8.00840389940395e-05,1.31321307673964e-05,0,0
6438,GJ1177,206.925208,-32.42947,2456797.5944465,4.032351,1.168353,-4489.262833,1.201599,-0.004131,0.794777,-4488.773608,0.693835,-3.41877,0.829537,-17.89345,8.662853,-10.586289,3.53476,0.698335,0.001017,0.203785,0.001166,0.242654,0.001372,0,6.130015,42.192415,0.039925,-6,87.6,2456797.59444,-9.998767,-9.998606,0,-9999999,0.000711,0.417724,0.856375,0.488514,0.981036,0.52,700,-17.837286,8.66998,2014-05-20T02:02:35.923,-9999999,K5,192.C-0224(B),Lagrange,-9999999,HARPS_ech_obs_all,HARPS_ech_obs_thosimult,STAR_WAVE_K7,7.34234900072949e-05,1.03078364855038e-05,0,0
6439,GJ1177,206.925208,-32.42947,2456844.5821608,-2.935261,1.017576,-4496.535995,1.102112,-6.023281,0.549616,-4495.178835,0.502206,-9.809676,0.581675,-0.847753,7.915735,-19.770704,3.483679,0.69487,0.000717,0.195855,0.000802,0.234613,0.000935,0,6.121577,42.275358,0.036147,-6,123.7,2456844.58215,-25.550188,-25.550103,0,-9999999,0.001075,1.366186,0.856378,1.356085,0.98104,0.49,800,-0.818338,7.916098,2014-07-06T01:48:39.817,-9999999,K5,Lagrange,Lagrange,-9999999,HARPS_ech_obs_all,HARPS_ech_obs_thosimult,STAR_WAVE_K7,8.28473540245993e-05,1.33001301809834e-05,0,0
6440,GJ1177,206.925208,-32.42947,2456844.5917906,-2.420877,1.047968,-4495.048162,1.121118,-5.511917,0.604035,-4493.709094,0.542652,-8.752244,0.635414,-1.117352,7.438092,-19.172348,3.791266,0.693156,0.000786,0.194453,0.000881,0.228618,0.00103,0,6.117288,42.278005,0.037917,-6,113.0,2456844.59178,-25.568602,-25.56851,0,-9999999,0.001075,1.363166,0.856375,1.337993,0.981037,0.49,800,-1.13222,7.436022,2014-07-06T02:02:31.899,-9999999,K5,Lagrange,Lagrange,-9999999,HARPS_ech_obs_all,HARPS_ech_obs_thosimult,STAR_WAVE_K7,8.48778162217481e-05,1.35932561967481e-05,0,0
6441,GJ1177,206.925208,-32.42947,2457223.5003266,2.085044,1.581815,-4477.301804,1.622001,-0.284193,0.991679,-4476.900761,0.905324,-0.438629,0.998963,14.041784,10.160283,12.651615,2.380042,0.718937,0.001355,0.204813,0.001517,0.234974,0.001766,0,6.184124,41.843196,0.061464,-6,69.2,2457223.50032,-27.286622,-27.286602,0,-9999999,0.004012,0.372914,1.23236,0.397031,1.345837,0.51,800,14.067512,10.161331,2015-07-19T23:52:18.231,-9999999,K5,192.C-0224(C),Lagrange,-9999999,HARPS_ech_obs_all,HARPS_ech_obs_thosimult,STAR_WAVE_K7,0.000159828962007,5.21101320621684e-05,0,0
6442,GJ1177,206.925208,-32.42947,2457223.5099494,-1.910816,1.568485,-4480.595929,1.605835,-4.26245,0.970292,-4480.194614,0.876055,-4.293386,0.976911,15.465746,11.703852,12.84887,2.533238,0.719514,0.00132,0.204873,0.001477,0.235651,0.001723,0,6.185527,41.883575,0.061552,-6,70.9,2457223.50994,-27.306771,-27.306757,0,-9999999,0.004012,0.390518,1.232347,0.397303,1.345821,0.51,800,15.496248,11.706494,2015-07-20T00:06:09.722,-9999999,K5,192.C-0224(C),Lagrange,-9999999,HARPS_ech_obs_all,HARPS_ech_obs_thosimult,STAR_WAVE_K7,9.55584012071803e-05,1.21492021717423e-05,0,0
6443,GJ1177,206.925208,-32.42947,2457224.5441549,-0.027278,1.396088,-4480.041209,1.470822,-2.212627,0.656111,-4479.46207,0.59348,-2.143219,0.665395,-3.299257,9.409493,12.251398,2.399654,0.722976,0.000907,0.203144,0.000981,0.234592,0.00113,0,6.183,41.894812,0.065583,-6,102.8,2457224.54415,-27.454682,-27.454667,0,-9999999,0.00402,0.556803,1.232307,0.575119,1.34577,0.5,800,-3.271269,9.413848,2015-07-21T00:55:41.183,-9999999,K5,192.C-0224(C),Lagrange,-9999999,HARPS_ech_obs_all,HARPS_ech_obs_thosimult,STAR_WAVE_K7,8.71752963377235e-05,1.48955134899556e-05,0,0
6444,GJ1177,206.925208,-32.42947,2457224.5540539,-1.013444,1.392055,-4482.181633,1.467572,-3.180684,0.647505,-4481.602213,0.585408,-3.059294,0.657893,-7.278892,9.509227,10.936962,2.379589,0.721698,0.000891,0.200722,0.000958,0.236645,0.001116,0,6.18038,41.911464,0.0581,-6,104.4,2457224.55405,-27.472233,-27.472224,0,-9999999,0.00402,0.574912,1.232296,0.5754,1.345758,0.53,800,-7.240003,9.516546,2015-07-21T01:09:32.535,-9999999,K5,192.C-0224(C),Lagrange,-9999999,HARPS_ech_obs_all,HARPS_ech_obs_thosimult,STAR_WAVE_K7,7.81405410185228e-05,1.29822617645789e-05,0,0
6445,GJ1177,206.925208,-32.42947,2457225.4898358,0.296822,1.379419,-4480.090692,1.46098,-1.987897,0.619718,-4479.513084,0.568451,-2.039163,0.630017,1.732357,7.964721,15.152702,2.352956,0.727066,0.000916,0.202973,0.000957,0.235524,0.001106,0,6.176031,41.869552,0.063216,-6,105.4,2457225.48983,-27.420279,-27.420262,1,-9999999,0.004027,0.457433,1.232375,0.573581,1.345855,0.5,900,1.757806,7.967705,2015-07-21T23:36:45.451,-9999999,K5,192.C-0224(C),Lagrange,-9999999,HARPS_ech_obs_all,HARPS_ech_obs_thosimult,STAR_WAVE_K7,8.31442701555753e-05,1.30730276635983e-05,0,0
6446,GJ1177,206.925208,-32.42947,2457225.5007161,0.262675,1.391569,-4480.287394,1.468834,-2.00214,0.64634,-4479.709478,0.588385,-2.323934,0.655945,3.534824,8.81535,11.853169,2.191755,0.741178,0.000967,0.205412,0.001009,0.238769,0.001169,0,6.173532,41.857456,0.064968,-6,100.9,2457225.50071,-27.443104,-27.443094,1,-9999999,0.004027,0.477337,1.232359,0.573889,1.345836,0.51,900,3.559929,8.817542,2015-07-21T23:52:16.599,-9999999,K5,192.C-0224(C),Lagrange,-9999999,HARPS_ech_obs_all,HARPS_ech_obs_thosimult,STAR_WAVE_K7,8.7139195429925e-05,1.45946100113066e-05,0,0
6447,GJ1177,206.925208,-32.42947,2457492.7257544,2.182923,1.313219,-4477.3132,2.25006,-0.657523,0.454052,-4478.311689,1.803314,-1.22255,0.466437,-6.618057,6.257684,13.148671,2.401126,0.712145,0.000719,0.20339,0.000722,0.240906,0.00084,0,6.168711,41.905608,0.060685,-6,136.5,2457492.72575,6.389805,6.389986,0,-9999999,0.006098,-0.098294,1.232226,-1.004587,1.34567,0.49,600,-6.612008,6.262305,2016-04-14T05:12:33.387,-9999999,K5,192.C-0224(C),Lagrange,-9999999,HARPS_ech_obs_all,HARPS_ech_obs_objAB,STAR_SKY_K7,7.6208278822519e-05,1.08086326568556e-05,0,0
6448,GJ1177,206.925208,-32.42947,2457492.733059,2.338714,1.323937,-4478.370138,2.338985,-0.488369,0.484176,-4479.36842,1.913118,-0.810217,0.495875,9.172849,6.521212,12.862471,2.350718,0.714541,0.000743,0.201741,0.00075,0.238997,0.000873,0,6.174579,41.907132,0.061218,-6,130.9,2457492.73305,6.370696,6.370873,0,-9999999,0.006098,-0.084931,1.232227,-1.00438,1.345671,0.49,600,9.211605,6.523865,2016-04-14T05:23:04.492,-9999999,K5,192.C-0224(C),Lagrange,-9999999,HARPS_ech_obs_all,HARPS_ech_obs_objAB,STAR_SKY_K7,8.25339742353367e-05,1.54393527245092e-05,0,0
6449,GJ1177,206.925208,-32.42947,2457493.7003245,1.831837,1.373264,-4477.476086,2.671528,-1.055129,0.6062,-4478.475288,2.307865,-1.448805,0.615676,0.132936,8.362917,14.720953,2.29034,0.723204,0.000945,0.201458,0.000973,0.239797,0.001134,0,6.172584,41.877698,0.061599,-6,104.1,2457493.70032,5.982093,5.982274,0,-9999999,0.006106,-0.144815,1.232223,-1.005308,1.345667,0.5,600,0.18688,8.36594,2016-04-15T04:35:48.509,-9999999,K5,192.C-0224(C),Lagrange,-9999999,HARPS_ech_obs_all,HARPS_ech_obs_objAB,STAR_SKY_K7,7.81749972203432e-05,1.15369485563166e-05,0,0
6450,GJ1177,206.925208,-32.42947,2457493.7075561,1.622316,1.394904,-4479.309429,2.81426,-1.251421,0.653744,-4480.308426,2.471688,-1.613885,0.662596,4.584487,6.71433,15.737005,2.316175,0.726979,0.001017,0.20284,0.001053,0.239416,0.001223,0,6.181204,41.862536,0.067019,-6,97.0,2457493.70755,5.963111,5.963303,0,-9999999,0.006106,-0.131586,1.232224,-1.005103,1.345667,0.49,600,4.652135,6.716449,2016-04-15T04:46:19.304,-9999999,K5,192.C-0224(C),Lagrange,-9999999,HARPS_ech_obs_all,HARPS_ech_obs_objAB,STAR_SKY_K7,6.99015857360258e-05,1.04193371540455e-05,0,0
6451,GJ1177,206.925208,-32.42947,2457494.6728179,2.871889,1.415576,-4478.258541,2.955277,-0.065397,0.69676,-4479.258515,2.631128,-0.43742,0.705401,-0.842594,11.563742,11.801343,2.40626,0.724835,0.001054,0.203274,0.001097,0.24277,0.001283,0,6.169822,41.900111,0.065105,-6,92.6,2457494.67281,5.578489,5.578671,0,-9999999,0.006113,-0.195135,1.232226,-1.006087,1.34567,0.49,700,-0.819562,11.564197,2016-04-16T03:55:27.329,-9999999,K5,192.C-0224(C),Lagrange,-9999999,HARPS_ech_obs_all,HARPS_ech_obs_objAB,STAR_SKY_K7,9.54586692067621e-05,1.52421676667836e-05,0,0
6452,GJ1177,206.925208,-32.42947,2457494.6814404,2.846826,1.42089,-4479.636389,2.97874,-0.074686,0.707496,-4480.636118,2.657455,-0.455006,0.715779,0.20908,10.355943,12.080378,2.350195,0.718888,0.001081,0.20143,0.001117,0.243774,0.001315,0,6.169131,41.876435,0.060476,-6,90.8,2457494.68144,5.556192,5.556373,0,-9999999,0.006113,-0.179361,1.232225,-1.005842,1.345668,0.51,700,0.212665,10.356633,2016-04-16T04:07:38.299,-9999999,K5,192.C-0224(C),Lagrange,-9999999,HARPS_ech_obs_all,HARPS_ech_obs_objAB,STAR_SKY_K7,8.31030465007348e-05,1.41817159462242e-05,0,0
6453,GJ1177,206.925208,-32.42947,2457599.4773543,-1.803237,1.273696,-4484.368798,1.921584,-4.436986,0.321726,-4483.876088,1.371531,-4.635013,0.337782,6.135424,7.376771,3.981301,2.010676,0.724815,0.00049,0.202134,0.000505,0.237005,0.00058,0,6.171692,41.973192,0.06221,-6,193.7,2457599.47734,-27.727109,-27.727108,0,-9999999,0.006925,0.108403,1.232393,0.485785,1.345878,0.51,900,6.154597,7.381186,2016-07-29T23:19:47.979,-9999999,K5,192.C-0224(C),Lagrange,-9999999,HARPS_ech_obs_all,HARPS_ech_obs_objAB,STAR_SKY_K7,8.01166244067351e-05,1.41051273540444e-05,0,0
6454,GJ1177,206.925208,-32.42947,2457599.4879245,-2.089582,1.279379,-4484.630223,1.975628,-4.703994,0.343593,-4484.137213,1.446295,-4.826789,0.358864,4.114671,6.95223,3.992182,2.170637,0.725165,0.000511,0.200745,0.000528,0.239404,0.000611,0,6.167518,41.989628,0.063575,-6,184.6,2457599.48792,-27.747971,-27.747974,0,-9999999,0.006925,0.127739,1.232378,0.486085,1.345859,0.49,900,4.159467,6.957711,2016-07-29T23:35:19.331,-9999999,K5,192.C-0224(C),Lagrange,-9999999,HARPS_ech_obs_all,HARPS_ech_obs_objAB,STAR_SKY_K7,8.94812319520568e-05,1.35495456220087e-05,0,0
6455,GJ1177,206.925208,-32.42947,2457769.8475969,-4.352488,1.293021,-4487.850042,2.064853,-6.868183,0.391594,-4487.064258,1.566061,-7.261791,0.404289,12.490346,5.817834,2.980894,2.158968,0.728986,0.000595,0.207435,0.000612,0.236408,0.000694,0,6.159701,42.039344,0.060715,-6,161.6,2457769.84759,28.147406,28.147369,0,-9999999,0.008246,0.226457,1.232298,0.777538,1.34576,0.48,900,12.562649,5.827422,2017-01-16T08:14:48.341,-9999999,K5,098.C-0739(A),Lagrange,-9999999,HARPS_ech_obs_all,HARPS_ech_obs_objAB,STAR_SKY_K7,7.72856037242855e-05,1.08918442347762e-05,0,0
6456,GJ1177,206.925208,-32.42947,2457769.858581,-3.466143,1.294562,-4486.839582,2.07873,-5.961744,0.396616,-4486.053487,1.584301,-6.340618,0.408648,16.716717,5.657452,2.207318,2.268682,0.727799,0.000602,0.205945,0.000618,0.238916,0.000707,0,6.157838,42.050591,0.058253,-6,159.6,2457769.85858,28.128896,28.128848,0,-9999999,0.008246,0.246551,1.23231,0.777849,1.345774,0.5,900,16.796074,5.660708,2017-01-16T08:30:19.283,-9999999,K5,098.C-0739(A),Lagrange,-9999999,HARPS_ech_obs_all,HARPS_ech_obs_objAB,STAR_SKY_K7,7.66132906002067e-05,1.22173497067975e-05,0,0
