,target,ra,dec,BJD,RV_mlc_nzp,e_RV_mlc_nzp,RV_drs_nzp,e_RV_drs_nzp,RV_mlc,e_RV_mlc,RV_drs,e_RV_drs,RV_mlc_j,e_RV_mlc_j,CRX,e_CRX,dLW,e_dLW,Halpha,e_Halpha,NaD1,e_NaD1,NaD2,e_NaD2,f_RV,FWHM_DRS,CONTRAST_DRS,BIS,RVGUESS,SNR_DRS,BJD_DRS,BERV,BERV_DRS,DRIFT,e_DRIFT,SA,NZP_mlc,dNZP_mlc,NZP_drs,dNZP_drs,TMMEAN,EXPTIME,MLCRX,E_MLCRX,TIMEID,DRIFT_LAMP,MASK,PROGID,PROGPI,AIRMASS,OBHAB,THAR_FP,DPR_TYPE,RHKp,dRHKp,vsinflag,metflag
11815,GJ4130,300.17867,22.7065,2453946.6125488,69.596041,1.087038,-2165.563317,1.120242,94.098835,0.669372,-2164.671471,0.540703,94.088364,0.669363,-1.364645,5.626893,28.166103,1.475377,0.555445,0.000638,0.207413,0.00066,0.276513,0.000846,0,7.176982,39.279824,0.014905,-2,127.6,2453946.61266,0.753219,0.753253,0,-9999999,0.0,0.828212,0.8565,0.891846,0.981112,0.48,600,-1.337847,5.631254,2006-07-30T02:31:01.289,-9999999,K5,072.C-0488(E),Mayor,-9999999,HARPS_ech_obs_all,HARPS_ech_obs_objA,STAR_DARK_K0,5.05321406787744e-05,9.47604983894946e-07,0,0
11816,GJ4130,300.17867,22.7065,2453946.6200979,80.838116,1.060604,-2153.492529,1.10363,105.338538,0.625532,-2152.61487,0.505392,105.331359,0.625531,2.636462,6.456761,16.98581,1.575323,0.554938,0.000598,0.207818,0.000617,0.276252,0.000791,0,7.166255,39.338341,0.015755,-2,136.3,2453946.62022,0.734036,0.734037,0,-9999999,1e-06,0.82584,0.856499,0.877658,0.981111,0.51,600,2.650479,6.453853,2006-07-30T02:41:35.531,-9999999,K5,072.C-0488(E),Mayor,-9999999,HARPS_ech_obs_all,HARPS_ech_obs_objA,STAR_DARK_K0,5.03889247614308e-05,1.19418763380838e-06,0,0
11817,GJ4130,300.17867,22.7065,2453946.6271846,94.242239,1.007527,-2140.8097,1.071546,118.740435,0.530588,-2139.945361,0.430856,118.732561,0.530602,9.793334,5.407686,15.769634,1.162585,0.557755,0.000509,0.208204,0.000522,0.276658,0.000669,0,7.164217,39.343629,0.01056,-2,160.6,2453946.62729,0.715743,0.715769,0,-9999999,1e-06,0.823614,0.856497,0.864338,0.981109,0.47,600,9.815467,5.373815,2006-07-30T02:52:11.823,-9999999,K5,072.C-0488(E),Mayor,-9999999,HARPS_ech_obs_all,HARPS_ech_obs_objA,STAR_DARK_K0,5.0634735065573e-05,8.86174001737565e-07,0,0
11818,GJ4130,300.17867,22.7065,2453946.6345282,90.381785,1.023932,-2145.56885,1.081459,114.877675,0.561117,-2144.718312,0.454953,114.870652,0.561132,4.24963,4.767414,30.074985,1.339771,0.557961,0.000539,0.207895,0.000552,0.275467,0.000706,0,7.172849,39.27379,0.007933,-2,152.1,2453946.63464,0.696528,0.696554,0,-9999999,2e-06,0.821308,0.856496,0.850536,0.981108,0.47,600,4.264718,4.744203,2006-07-30T03:02:46.304,-9999999,K5,072.C-0488(E),Mayor,-9999999,HARPS_ech_obs_all,HARPS_ech_obs_objA,STAR_DARK_K0,4.92889116337759e-05,9.32388183660814e-07,0,0
11819,GJ4130,300.17867,22.7065,2453946.6415273,75.745383,1.038215,-2160.289007,1.089417,100.239074,0.586776,-2159.451624,0.47356,100.232271,0.586775,2.135777,4.803969,47.655586,1.402052,0.557619,0.000561,0.20764,0.000574,0.276418,0.000735,0,7.194102,39.180531,0.007299,-2,146.2,2453946.64163,0.678002,0.678037,0,-9999999,2e-06,0.819109,0.856495,0.837381,0.981106,0.42,600,2.136485,4.803944,2006-07-30T03:13:21.027,-9999999,K5,072.C-0488(E),Mayor,-9999999,HARPS_ech_obs_all,HARPS_ech_obs_objA,STAR_DARK_K0,5.09714997381465e-05,8.60467147882122e-07,0,0
11820,GJ4130,300.17867,22.7065,2453946.646861,58.672077,1.624252,-2175.951595,1.495417,83.164093,1.380077,-2175.124236,1.128585,83.156501,1.380079,14.149858,11.279639,51.461873,2.917018,0.559519,0.001306,0.2096,0.001401,0.277225,0.001784,0,7.209287,39.129521,0.016233,-2,63.7,2453946.64689,0.663764,0.664016,0,-9999999,3e-06,0.817434,0.856494,0.827356,0.981106,0.13,600,14.161265,11.272921,2006-07-30T03:23:55.859,-9999999,K5,072.C-0488(E),Mayor,-9999999,HARPS_ech_obs_all,HARPS_ech_obs_objA,STAR_DARK_K0,5.59918369699853e-05,1.89191338395572e-06,0,0
11821,GJ4130,300.17867,22.7065,2453946.68981,24.059994,1.018184,-2209.984384,1.077409,48.538518,0.550565,-2209.237745,0.445252,48.532308,0.550554,-11.823595,4.969961,27.506517,1.095672,0.557008,0.000532,0.209448,0.000543,0.276708,0.000694,0,7.176344,39.282491,0.017792,-2,154.9,2453946.68993,0.547104,0.547098,0,-9999999,6e-06,0.803942,0.856491,0.746633,0.981102,0.51,600,-11.818932,4.878021,2006-07-30T04:21:58.645,-9999999,K5,072.C-0488(E),Mayor,-9999999,HARPS_ech_obs_all,HARPS_ech_obs_objA,STAR_DARK_K0,4.99689566985903e-05,7.89043008033559e-07,0,0
11822,GJ4130,300.17867,22.7065,2453946.697217,18.735886,1.02557,-2216.106989,1.082615,43.212084,0.564108,-2215.374271,0.457706,43.205418,0.564108,-12.468357,4.974123,30.54835,1.286603,0.556369,0.000546,0.20871,0.000557,0.275857,0.000712,0,7.176663,39.274161,0.016295,-2,150.8,2453946.69734,0.526945,0.526933,0,-9999999,7e-06,0.801616,0.856491,0.732711,0.981102,0.52,600,-12.466239,4.908344,2006-07-30T04:32:32.607,-9999999,K5,072.C-0488(E),Mayor,-9999999,HARPS_ech_obs_all,HARPS_ech_obs_objA,STAR_DARK_K0,4.92086976891235e-05,1.0210001057391e-06,0,0
11823,GJ4130,300.17867,22.7065,2453946.7041631,13.236972,1.013611,-2221.671814,1.075639,37.710988,0.542062,-2220.952151,0.440952,37.704027,0.542071,-0.937066,4.745159,31.267567,1.180357,0.556703,0.000525,0.207562,0.000534,0.27597,0.000685,0,7.176843,39.27621,0.017653,-2,156.9,2453946.70427,0.508119,0.508134,0,-9999999,7e-06,0.799434,0.856491,0.719656,0.981102,0.46,600,-0.937572,4.670308,2006-07-30T04:43:08.749,-9999999,K5,072.C-0488(E),Mayor,-9999999,HARPS_ech_obs_all,HARPS_ech_obs_objA,STAR_DARK_K0,4.85197961483934e-05,7.92743436749687e-07,0,0
11824,GJ4130,300.17867,22.7065,2453946.7116441,9.285507,0.986146,-2224.780862,1.058383,33.757173,0.488782,-2224.075258,0.397006,33.756932,0.488776,-1.938087,4.186617,31.459224,1.076129,0.556514,0.000473,0.207713,0.000479,0.277171,0.000615,0,7.176866,39.26738,0.017226,-2,174.5,2453946.71176,0.487965,0.487956,0,-9999999,8e-06,0.797084,0.856491,0.705596,0.981102,0.48,600,-1.941181,4.135427,2006-07-30T04:53:43.111,-9999999,K5,072.C-0488(E),Mayor,-9999999,HARPS_ech_obs_all,HARPS_ech_obs_objA,STAR_DARK_K0,4.89791561115458e-05,7.77802538030582e-07,0,0
11825,GJ4130,300.17867,22.7065,2453946.7191204,5.25583,0.984208,-2229.204641,1.056641,29.725147,0.484859,-2228.513089,0.392338,29.71507,0.484853,-5.606487,4.758626,30.435037,1.205467,0.55715,0.000471,0.207885,0.000475,0.276423,0.000609,0,7.175774,39.272742,0.017008,-2,176.0,2453946.71924,0.467987,0.467999,0,-9999999,8e-06,0.794735,0.856491,0.691544,0.981102,0.5,600,-5.611212,4.724385,2006-07-30T05:04:17.063,-9999999,K5,072.C-0488(E),Mayor,-9999999,HARPS_ech_obs_all,HARPS_ech_obs_objA,STAR_DARK_K0,4.93692654136018e-05,1.01828667892479e-06,0,0
11826,GJ4130,300.17867,22.7065,2453946.7261139,1.919574,0.99492,-2232.298317,1.063731,26.386694,0.50625,-2231.619909,0.411048,26.380066,0.506249,-2.290031,4.703196,34.349271,0.986672,0.557459,0.000493,0.208256,0.000498,0.275878,0.000637,0,7.17948,39.248369,0.019935,-2,168.2,2453946.72621,0.449481,0.449525,0,-9999999,9e-06,0.792539,0.856491,0.678399,0.981103,0.45,600,-2.297009,4.679011,2006-07-30T05:14:51.295,-9999999,K5,072.C-0488(E),Mayor,-9999999,HARPS_ech_obs_all,HARPS_ech_obs_objA,STAR_DARK_K0,4.9479980504855e-05,8.75237235622515e-07,0,0
11827,GJ4130,300.17867,22.7065,2453951.6527517,-176.615407,0.939126,-2410.949946,0.90087,-151.157571,0.723053,-2409.38786,0.579316,-151.164193,0.723054,-9.962764,5.653395,-9.63358,1.692137,0.555812,0.000703,0.203715,0.000719,0.278628,0.000935,0,7.116361,39.486425,0.026321,-2,117.1,2453951.65288,-1.228088,-1.22808,0,-9999999,0.000393,1.783254,0.599292,1.561693,0.689898,0.52,600,-9.950005,5.567636,2006-08-04T03:28:31.304,-9999999,K5,072.C-0488(E),Mayor,-9999999,HARPS_ech_obs_all,HARPS_ech_obs_objA,STAR_DARK_K0,4.89738054670472e-05,1.22144847443898e-06,0,0
11828,GJ4130,300.17867,22.7065,2453951.6601284,-176.624086,0.890013,-2410.342202,0.869509,-151.168567,0.658007,-2408.793979,0.529233,-151.169041,0.658014,-9.436043,6.727303,-9.691686,1.731219,0.553876,0.000638,0.205062,0.000654,0.277346,0.000845,0,7.116642,39.507466,0.027251,-2,128.6,2453951.66025,-1.248178,-1.248168,0,-9999999,0.000394,1.780937,0.599291,1.547829,0.689897,0.52,600,-9.432415,6.667991,2006-08-04T03:39:08.656,-9999999,K5,072.C-0488(E),Mayor,-9999999,HARPS_ech_obs_all,HARPS_ech_obs_objA,STAR_DARK_K0,4.80849120923355e-05,9.50269443220115e-07,0,0
11829,GJ4130,300.17867,22.7065,2453951.6663675,-176.425984,1.180673,-2410.617808,1.054143,-150.972425,1.017271,-2409.081312,0.797032,-150.981234,1.017282,2.619652,8.805575,-11.786451,2.034003,0.554584,0.000978,0.204031,0.001018,0.276194,0.001315,0,7.121611,39.482504,0.021674,-2,84.3,2453951.66645,-1.265197,-1.265105,0,-9999999,0.000394,1.778977,0.59929,1.536102,0.689896,0.36,600,2.626181,8.777496,2006-08-04T03:49:43.719,-9999999,K5,072.C-0488(E),Mayor,-9999999,HARPS_ech_obs_all,HARPS_ech_obs_objA,STAR_DARK_K0,5.16375257071738e-05,1.22855061842428e-06,0,0
11830,GJ4130,300.17867,22.7065,2453951.67468,-175.432671,1.065825,-2410.623491,0.97912,-149.981723,0.881382,-2409.102617,0.694781,-149.988503,0.881382,-9.671774,7.873625,-13.511186,1.923116,0.553127,0.000851,0.20329,0.000878,0.282932,0.001136,0,7.113918,39.498203,0.025493,-2,96.6,2453951.6748,-1.287869,-1.287866,0,-9999999,0.000395,1.776366,0.599289,1.520479,0.689895,0.5,600,-9.665371,7.798624,2006-08-04T04:00:17.921,-9999999,K5,072.C-0488(E),Mayor,-9999999,HARPS_ech_obs_all,HARPS_ech_obs_objA,STAR_DARK_K0,4.94596733066769e-05,1.20377036420397e-06,0,0
11831,GJ4130,300.17867,22.7065,2453951.6819584,-175.835468,0.948276,-2410.2962,0.905706,-150.386806,0.734902,-2408.789006,0.586813,-150.393896,0.734904,-1.948947,6.69641,-8.524707,1.879787,0.55584,0.000715,0.204859,0.000732,0.284264,0.000946,0,7.118244,39.487548,0.025331,-2,115.4,2453951.68208,-1.307679,-1.30766,0,-9999999,0.000395,1.77408,0.599289,1.506799,0.689895,0.49,600,-1.948888,6.621763,2006-08-04T04:10:52.772,-9999999,K5,072.C-0488(E),Mayor,-9999999,HARPS_ech_obs_all,HARPS_ech_obs_objA,STAR_DARK_K0,4.77030408435317e-05,9.37665313985959e-07,0,0
11832,GJ4130,300.17867,22.7065,2453951.6890164,-174.796244,0.943563,-2409.048978,0.904844,-149.349799,0.72881,-2407.555049,0.585482,-149.357244,0.728809,-3.493792,6.334319,-5.799084,1.929171,0.558166,0.000716,0.20395,0.000728,0.282505,0.000942,0,7.120343,39.479674,0.028061,-2,115.5,2453951.68913,-1.326817,-1.326781,0,-9999999,0.000396,1.771863,0.599288,1.493533,0.689894,0.45,600,-3.492002,6.25879,2006-08-04T04:21:26.584,-9999999,K5,072.C-0488(E),Mayor,-9999999,HARPS_ech_obs_all,HARPS_ech_obs_objA,STAR_DARK_K0,4.61140891001925e-05,9.46436278477901e-07,0,0
11833,GJ4130,300.17867,22.7065,2453986.5181481,48.780544,1.265263,-2183.504926,1.228127,72.100733,0.931258,-2183.767911,0.738679,72.093882,0.931244,11.36515,8.047697,10.041243,2.252636,0.555022,0.000889,0.207387,0.000942,0.280068,0.001201,0,7.128739,39.340475,0.04468,-2,91.6,2453986.5183,-13.143879,-13.143939,0,-9999999,0.003112,-0.354393,0.856533,-0.266097,0.981147,0.66,900,11.411923,8.064346,2006-09-08T00:11:14.494,-9999999,K5,072.C-0488(E),Mayor,-9999999,HARPS_ech_obs_all,HARPS_ech_obs_objA,STAR_DARK_K0,4.75251854997099e-05,1.09407761469269e-06,0,0
11834,GJ4130,300.17867,22.7065,2453986.5274959,44.931123,1.01284,-2188.225268,1.077588,68.248375,0.540558,-2188.505823,0.445594,68.242526,0.540563,-1.792429,3.70706,1.080898,1.058961,0.555423,0.000525,0.20813,0.000546,0.281609,0.000699,0,7.132946,39.415824,0.047466,-2,154.6,2453986.52762,-13.167768,-13.167749,0,-9999999,0.003112,-0.357329,0.856529,-0.283667,0.981143,0.52,900,-1.768488,3.728357,2006-09-08T00:26:48.180,-9999999,K5,072.C-0488(E),Mayor,-9999999,HARPS_ech_obs_all,HARPS_ech_obs_objA,STAR_DARK_K0,4.73204975593706e-05,9.82264112252318e-07,0,0
11835,GJ4130,300.17867,22.7065,2453986.5376798,39.533738,1.001721,-2192.841342,1.071207,62.847791,0.519434,-2193.141036,0.429945,62.833029,0.519431,7.823646,4.542565,-1.38867,1.000966,0.555786,0.000511,0.208084,0.000528,0.280162,0.000674,0,7.128008,39.415573,0.043607,-2,159.8,2453986.53778,-13.194183,-13.194126,0,-9999999,0.003113,-0.360528,0.856524,-0.302807,0.981138,0.46,900,7.852613,4.553708,2006-09-08T00:42:22.108,-9999999,K5,072.C-0488(E),Mayor,-9999999,HARPS_ech_obs_all,HARPS_ech_obs_objA,STAR_DARK_K0,4.84810572047772e-05,8.16944422836887e-07,0,0
11836,GJ4130,300.17867,22.7065,2453986.5475239,34.128331,1.082347,-2199.522899,1.119995,57.439292,0.661701,-2199.841095,0.540152,57.430771,0.661695,4.643466,4.92526,-0.823087,1.311106,0.554899,0.000642,0.209307,0.000672,0.274922,0.000857,0,7.132005,39.407768,0.042154,-2,126.7,2453986.54764,-13.220015,-13.219996,0,-9999999,0.003114,-0.363621,0.85652,-0.32131,0.981134,0.49,600,4.658293,4.911933,2006-09-08T00:58:32.678,-9999999,K5,072.C-0488(E),Mayor,-9999999,HARPS_ech_obs_all,HARPS_ech_obs_objA,STAR_DARK_K0,4.81029369398017e-05,9.54214394814873e-07,0,0
11837,GJ4130,300.17867,22.7065,2453986.5551231,46.193047,1.034088,-2186.25002,1.091343,69.501621,0.57941,-2186.582497,0.477924,69.495069,0.579409,18.804681,5.255307,-12.129587,1.154266,0.552643,0.000569,0.206588,0.000589,0.273929,0.000755,0,7.119177,39.480941,0.04543,-2,143.2,2453986.55525,-13.240101,-13.240102,0,-9999999,0.003115,-0.366008,0.856517,-0.335592,0.981131,0.52,600,18.836994,5.250533,2006-09-08T01:09:11.281,-9999999,K5,072.C-0488(E),Mayor,-9999999,HARPS_ech_obs_all,HARPS_ech_obs_objA,STAR_DARK_K0,4.63076983450682e-05,8.41349338728579e-07,0,0
11838,GJ4130,300.17867,22.7065,2453986.5623972,59.040778,0.981095,-2173.666945,1.058902,82.347067,0.478466,-2174.013094,0.398324,82.341893,0.478464,7.733355,4.340408,-16.058149,0.93181,0.553218,0.000474,0.206089,0.000487,0.274104,0.000626,0,7.119582,39.503168,0.040585,-2,171.9,2453986.56252,-13.259403,-13.259397,0,-9999999,0.003115,-0.368293,0.856515,-0.349264,0.981128,0.51,600,7.755028,4.347265,2006-09-08T01:19:45.782,-9999999,K5,072.C-0488(E),Mayor,-9999999,HARPS_ech_obs_all,HARPS_ech_obs_objA,STAR_DARK_K0,4.7784981951037e-05,1.02057051040862e-06,0,0
11839,GJ4130,300.17867,22.7065,2453986.5695864,52.919244,0.97962,-2180.678125,1.057622,76.223275,0.475438,-2181.037785,0.394916,76.216033,0.475436,3.859172,3.587283,3.48625,0.948298,0.552811,0.000468,0.206452,0.000481,0.27242,0.000616,0,7.133089,39.397125,0.040651,-2,174.1,2453986.5697,-13.278518,-13.278489,0,-9999999,0.003116,-0.370551,0.856512,-0.362776,0.981125,0.49,600,3.879912,3.590634,2006-09-08T01:30:18.965,-9999999,K5,072.C-0488(E),Mayor,-9999999,HARPS_ech_obs_all,HARPS_ech_obs_objA,STAR_DARK_K0,4.912478429733e-05,8.40591748712148e-07,0,0
11840,GJ4130,300.17867,22.7065,2453986.5768647,35.558552,0.957739,-2197.273516,1.044032,58.860297,0.428549,-2197.646856,0.356934,58.856002,0.428547,9.068862,3.697727,19.383813,0.99921,0.553451,0.000426,0.20698,0.000435,0.274459,0.000558,0,7.151608,39.316306,0.039669,-2,192.8,2453986.57698,-13.297873,-13.297855,0,-9999999,0.003116,-0.372837,0.85651,-0.376456,0.981123,0.48,600,9.078005,3.631516,2006-09-08T01:40:53.837,-9999999,K5,072.C-0488(E),Mayor,-9999999,HARPS_ech_obs_all,HARPS_ech_obs_objA,STAR_DARK_K0,4.9371771940767e-05,1.10953138300093e-06,0,0
11841,GJ4130,300.17867,22.7065,2453986.5842176,13.685401,0.95929,-2218.556626,1.044626,36.984836,0.432009,-2218.943785,0.358673,36.978396,0.432004,0.750925,3.336106,25.032846,0.993203,0.552657,0.000424,0.20611,0.000434,0.272976,0.000556,0,7.156631,39.289208,0.043271,-2,192.8,2453986.58433,-13.317391,-13.31737,0,-9999999,0.003117,-0.375147,0.856508,-0.390276,0.98112,0.48,600,0.767105,3.186482,2006-09-08T01:51:29.149,-9999999,K5,072.C-0488(E),Mayor,-9999999,HARPS_ech_obs_all,HARPS_ech_obs_objA,STAR_DARK_K0,4.91569764119675e-05,9.67021556180208e-07,0,0
11842,GJ4130,300.17867,22.7065,2453986.5917029,-9.554422,0.94567,-2241.317957,1.035984,13.742662,0.400862,-2241.719184,0.332671,13.73571,0.40087,5.00694,3.837635,20.731112,0.773001,0.553761,0.000396,0.207179,0.000404,0.274806,0.000519,0,7.151283,39.304497,0.049385,-2,207.3,2453986.59182,-13.337188,-13.337179,0,-9999999,0.003117,-0.377498,0.856506,-0.404344,0.981118,0.5,600,5.0395,3.811934,2006-09-08T02:02:03.912,-9999999,K5,072.C-0488(E),Mayor,-9999999,HARPS_ech_obs_all,HARPS_ech_obs_objA,STAR_DARK_K0,4.79701230200578e-05,8.61646316907679e-07,0,0
11843,GJ4130,300.17867,22.7065,2453986.5989097,-27.897313,0.939517,-2258.943485,1.032484,-4.602493,0.386126,-2259.358257,0.321614,-4.610488,0.38612,-0.451224,3.434261,2.959488,0.783983,0.552399,0.000381,0.206549,0.00039,0.273708,0.0005,0,7.132103,39.400806,0.051403,-2,214.5,2453986.59902,-13.356141,-13.356091,0,-9999999,0.003118,-0.379762,0.856504,-0.41789,0.981116,0.48,600,-0.41843,3.438283,2006-09-08T02:12:38.604,-9999999,K5,072.C-0488(E),Mayor,-9999999,HARPS_ech_obs_all,HARPS_ech_obs_objA,STAR_DARK_K0,4.8526549983999e-05,9.91801480413943e-07,0,0
11844,GJ4130,300.17867,22.7065,2453986.6062782,-35.801121,0.945214,-2268.044072,1.036065,-12.508616,0.399792,-2268.472692,0.332935,-12.518162,0.399804,-10.525287,3.114354,-15.479992,0.907056,0.553198,0.000397,0.205818,0.000405,0.274027,0.000521,0,7.116455,39.493995,0.048811,-2,206.2,2453986.60639,-13.375376,-13.37534,0,-9999999,0.003119,-0.382077,0.856502,-0.431739,0.981114,0.48,600,-10.499037,3.119224,2006-09-08T02:23:15.277,-9999999,K5,072.C-0488(E),Mayor,-9999999,HARPS_ech_obs_all,HARPS_ech_obs_objA,STAR_DARK_K0,4.73440490340627e-05,8.42013075350191e-07,0,0
11845,GJ4130,300.17867,22.7065,2453986.613551,-23.919938,0.957221,-2256.779847,1.043277,-0.629717,0.427411,-2257.222136,0.354749,-0.636805,0.427411,-16.018653,3.778486,-15.440095,1.003927,0.554285,0.000418,0.206464,0.000429,0.274714,0.000552,0,7.1153,39.495079,0.046592,-2,194.8,2453986.61366,-13.394182,-13.394138,0,-9999999,0.003119,-0.384361,0.8565,-0.445408,0.981112,0.47,600,-15.998271,3.78094,2006-09-08T02:33:49.669,-9999999,K5,072.C-0488(E),Mayor,-9999999,HARPS_ech_obs_all,HARPS_ech_obs_objA,STAR_DARK_K0,4.89024803754598e-05,8.00301361067501e-07,0,0
11846,GJ4130,300.17867,22.7065,2453986.621034,-11.528988,0.95187,-2244.265452,1.040174,11.758882,0.415292,-2244.721804,0.34552,11.752622,0.415279,2.482844,3.424062,-3.786901,1.038613,0.557478,0.00041,0.211806,0.000418,0.276056,0.000539,0,7.124765,39.432751,0.042035,-2,200.0,2453986.62115,-13.413309,-13.413281,0,-9999999,0.00312,-0.386712,0.856498,-0.459472,0.98111,0.49,600,2.489419,3.410278,2006-09-08T02:44:24.231,-9999999,K5,072.C-0488(E),Mayor,-9999999,HARPS_ech_obs_all,HARPS_ech_obs_objA,STAR_DARK_K0,5.00608625103622e-05,1.21338661759763e-06,0,0
11847,GJ4130,300.17867,22.7065,2453986.6283178,-13.820359,0.945453,-2245.630571,1.036097,9.465223,0.400368,-2246.100613,0.333049,9.458156,0.400376,5.44982,3.568691,-2.784896,0.776046,0.555823,0.000394,0.211735,0.000402,0.274773,0.000517,0,7.128056,39.431194,0.043842,-2,207.8,2453986.62843,-13.431675,-13.431614,0,-9999999,0.00312,-0.389,0.856497,-0.473162,0.981109,0.48,600,5.447806,3.567746,2006-09-08T02:54:59.584,-9999999,K5,072.C-0488(E),Mayor,-9999999,HARPS_ech_obs_all,HARPS_ech_obs_objA,STAR_DARK_K0,5.0271858393589e-05,7.86569556143435e-07,0,0
11848,GJ4130,300.17867,22.7065,2453986.6357216,-17.160252,0.957697,-2249.741006,1.043606,6.123004,0.428483,-2250.224963,0.355728,6.114894,0.428499,0.162386,3.947455,-0.768432,0.925289,0.556864,0.00042,0.211636,0.000429,0.275432,0.000553,0,7.130209,39.419236,0.046006,-2,194.9,2453986.63583,-13.450053,-13.450002,0,-9999999,0.003121,-0.391325,0.856496,-0.487078,0.981107,0.49,600,0.162642,3.949113,2006-09-08T03:05:33.296,-9999999,K5,072.C-0488(E),Mayor,-9999999,HARPS_ech_obs_all,HARPS_ech_obs_objA,STAR_DARK_K0,4.89261643595509e-05,8.8899037141143e-07,0,0
11849,GJ4130,300.17867,22.7065,2453986.6430299,-22.133603,0.970103,-2255.332887,1.051062,1.147358,0.45554,-2255.83058,0.377045,1.143669,0.455541,-8.561637,4.089006,-0.565585,0.997822,0.555839,0.000445,0.210686,0.000454,0.273909,0.000585,0,7.127285,39.417455,0.040221,-2,183.8,2453986.64315,-13.467874,-13.467839,0,-9999999,0.003121,-0.393621,0.856495,-0.500814,0.981106,0.48,600,-8.558966,4.089863,2006-09-08T03:16:10.758,-9999999,K5,072.C-0488(E),Mayor,-9999999,HARPS_ech_obs_all,HARPS_ech_obs_objA,STAR_DARK_K0,4.8715221047074e-05,1.36735173730654e-06,0,0
11850,GJ4130,300.17867,22.7065,2453986.6505146,-25.991236,0.994473,-2258.282379,1.066154,-2.712626,0.505367,-2258.794139,0.417273,-2.719377,0.505367,6.62917,4.044017,-0.942844,1.139709,0.55446,0.000492,0.211637,0.000507,0.275677,0.000652,0,7.127002,39.416832,0.04611,-2,165.7,2453986.65064,-13.485759,-13.485731,0,-9999999,0.003122,-0.395972,0.856494,-0.514882,0.981105,0.5,600,6.631252,4.042249,2006-09-08T03:26:45.471,-9999999,K5,072.C-0488(E),Mayor,-9999999,HARPS_ech_obs_all,HARPS_ech_obs_objA,STAR_DARK_K0,4.87298412462936e-05,8.56658931175464e-07,0,0
11851,GJ4130,300.17867,22.7065,2453986.6579171,-30.275042,0.981457,-2262.295258,1.058386,-6.998758,0.479248,-2262.82093,0.397007,-7.005029,0.479248,6.280096,4.57863,-2.720433,1.166541,0.554206,0.000465,0.211323,0.000479,0.27572,0.000617,0,7.127841,39.41955,0.04466,-2,175.0,2453986.65803,-13.50305,-13.502982,0,-9999999,0.003123,-0.398298,0.856493,-0.528795,0.981104,0.48,600,6.280712,4.56843,2006-09-08T03:37:37.074,-9999999,K5,072.C-0488(E),Mayor,-9999999,HARPS_ech_obs_all,HARPS_ech_obs_objA,STAR_DARK_K0,4.81736445773584e-05,9.02454440588407e-07,0,0
11852,GJ4130,300.17867,22.7065,2453986.6651908,-34.174819,0.974317,-2266.14644,1.053278,-10.90082,0.464451,-2266.685783,0.383185,-10.897322,0.464453,1.491951,4.063099,-1.204188,0.984233,0.554859,0.000446,0.210613,0.00046,0.27601,0.000594,0,7.126195,39.416617,0.044072,-2,181.9,2453986.6653,-13.519623,-13.519542,0,-9999999,0.003123,-0.400582,0.856492,-0.542466,0.981103,0.47,600,1.486148,4.043579,2006-09-08T03:48:11.546,-9999999,K5,072.C-0488(E),Mayor,-9999999,HARPS_ech_obs_all,HARPS_ech_obs_objA,STAR_DARK_K0,4.84045124171237e-05,7.14687616618128e-07,0,0
11853,GJ4130,300.17867,22.7065,2454301.5907613,48.034371,1.176787,-2201.592758,1.176416,71.754301,0.806986,-2201.531345,0.649124,71.764674,0.806999,3.444566,7.06918,-24.541232,2.054412,0.540385,0.000764,0.194109,0.000784,0.277757,0.001043,0,7.738968,50.235264,0.001412,-2,105.3,2454301.59076,4.602829,4.60312,0,-9999999,0.02768,0.045348,0.856506,0.033733,0.981118,0.5,300,3.462477,7.077923,2007-07-20T02:02:05.055,-9999999,G2,079.C-0828(A),Mayor,-9999999,HARPS_ech_obs_all,HARPS_ech_obs_objAB,STAR_SKY_G2,4.3788961708333e-05,7.90140943149176e-07,0,0
11854,GJ4130,300.17867,22.7065,2454301.5945893,54.686201,1.173145,-2197.263411,1.176287,78.404929,0.801667,-2197.209193,0.648891,78.396766,0.801687,8.322395,7.111751,-28.440112,1.872828,0.540992,0.000773,0.193968,0.00079,0.27839,0.001052,0,7.732183,50.257888,0.001168,-2,104.6,2454301.59458,4.594698,4.595004,0,-9999999,0.02768,0.044146,0.856505,0.026538,0.981117,0.5,300,8.338467,7.123784,2007-07-20T02:07:35.786,-9999999,G2,079.C-0828(A),Mayor,-9999999,HARPS_ech_obs_all,HARPS_ech_obs_objAB,STAR_SKY_G2,4.36426952715849e-05,8.39753591251408e-07,0,0
11855,GJ4130,300.17867,22.7065,2454301.5984212,62.964626,1.175423,-2189.242979,1.178299,86.68215,0.804998,-2189.195962,0.652533,86.675705,0.804999,7.11075,7.050198,-29.783188,1.489297,0.541561,0.000778,0.196306,0.0008,0.278302,0.001059,0,7.73479,50.263174,-0.002686,-2,103.9,2454301.59841,4.586415,4.586721,0,-9999999,0.027681,0.042942,0.856504,0.019336,0.981116,0.5,300,7.123138,7.063789,2007-07-20T02:13:06.856,-9999999,G2,079.C-0828(A),Mayor,-9999999,HARPS_ech_obs_all,HARPS_ech_obs_objAB,STAR_SKY_G2,4.42857814853316e-05,9.4618534507169e-07,0,0
11856,GJ4130,300.17867,22.7065,2454301.6022499,65.745846,1.16329,-2187.274931,1.171752,89.462167,0.787177,-2187.23511,0.640637,89.455226,0.787178,13.274448,6.843676,-24.579212,1.596743,0.542115,0.000766,0.196381,0.000784,0.278007,0.001035,0,7.732157,50.234117,-0.007139,-2,105.9,2454301.60224,4.578,4.578299,0,-9999999,0.027681,0.04174,0.856503,0.01214,0.981115,0.5,300,13.296121,6.852597,2007-07-20T02:18:37.655,-9999999,G2,079.C-0828(A),Mayor,-9999999,HARPS_ech_obs_all,HARPS_ech_obs_objAB,STAR_SKY_G2,4.32475804189018e-05,7.74343775537819e-07,0,0
11857,GJ4130,300.17867,22.7065,2454301.6060916,62.125234,1.192109,-2191.723674,1.189986,85.840349,0.829174,-2191.691073,0.67341,85.828345,0.829195,-8.495582,6.505193,-12.805148,1.844804,0.54144,0.000804,0.195649,0.000823,0.278654,0.001092,0,7.747806,50.147623,-0.009209,-2,101.0,2454301.60608,4.569421,4.569716,0,-9999999,0.027681,0.040533,0.856502,0.00492,0.981114,0.5,300,-8.472953,6.52403,2007-07-20T02:24:09.576,-9999999,G2,079.C-0828(A),Mayor,-9999999,HARPS_ech_obs_all,HARPS_ech_obs_objAB,STAR_SKY_G2,4.37269969891643e-05,1.08274047882728e-06,0,0
11858,GJ4130,300.17867,22.7065,2454301.6099214,53.504843,1.154448,-2198.907882,1.1671,77.218755,0.774052,-2198.882479,0.632091,77.211481,0.774035,1.670018,6.204207,-0.671184,1.725348,0.54032,0.000752,0.196927,0.000769,0.278372,0.001017,0,7.753707,50.098327,-0.005765,-2,107.9,2454301.60992,4.560738,4.561027,0,-9999999,0.027682,0.03933,0.856501,-0.002279,0.981113,0.5,300,1.675686,6.213141,2007-07-20T02:29:40.465,-9999999,G2,079.C-0828(A),Mayor,-9999999,HARPS_ech_obs_all,HARPS_ech_obs_objAB,STAR_SKY_G2,4.45772327682137e-05,9.86220255848315e-07,0,0
11859,GJ4130,300.17867,22.7065,2454301.6137522,45.469705,1.146834,-2207.379359,1.163559,69.182413,0.762651,-2207.361156,0.625531,69.175558,0.762644,12.642549,6.874044,3.128329,1.720888,0.540338,0.000748,0.197979,0.000763,0.277126,0.001004,0,7.751621,50.077989,-0.004342,-2,109.0,2454301.61375,4.551925,4.552211,0,-9999999,0.027682,0.038126,0.8565,-0.009479,0.981112,0.5,300,12.66558,6.891965,2007-07-20T02:35:11.436,-9999999,G2,079.C-0828(A),Mayor,-9999999,HARPS_ech_obs_all,HARPS_ech_obs_objAB,STAR_SKY_G2,5.10535870408283e-05,1.25186606328868e-06,0,0
11860,GJ4130,300.17867,22.7065,2454301.6175822,34.020722,1.133797,-2218.254145,1.155617,57.732227,0.742903,-2218.24314,0.610633,57.725551,0.742903,-3.911934,6.311925,7.035191,1.61939,0.541577,0.000731,0.198205,0.000744,0.279362,0.000982,0,7.767953,50.03058,-0.002086,-2,111.9,2454301.61758,4.542992,4.543297,0,-9999999,0.027682,0.036923,0.856499,-0.016677,0.981111,0.5,300,-3.921638,6.283684,2007-07-20T02:40:42.345,-9999999,G2,079.C-0828(A),Mayor,-9999999,HARPS_ech_obs_all,HARPS_ech_obs_objAB,STAR_SKY_G2,4.325824824304e-05,8.39650227940923e-07,0,0
11861,GJ4130,300.17867,22.7065,2454301.6214091,22.485361,1.128143,-2227.761606,1.151888,46.195664,0.734246,-2227.757793,0.603547,46.188392,0.734247,-12.696912,6.301912,9.833547,1.674355,0.54233,0.000724,0.197881,0.000734,0.276833,0.000966,0,7.760869,50.045189,0.000965,-2,113.2,2454301.6214,4.533949,4.534269,0,-9999999,0.027683,0.035721,0.856498,-0.02387,0.98111,0.5,300,-12.682349,6.2034,2007-07-20T02:46:12.986,-9999999,G2,079.C-0828(A),Mayor,-9999999,HARPS_ech_obs_all,HARPS_ech_obs_objAB,STAR_SKY_G2,4.36869509005205e-05,8.48293939255653e-07,0,0
11862,GJ4130,300.17867,22.7065,2454301.6252402,11.588203,1.232337,-2238.654519,1.208267,35.297303,0.886039,-2238.657906,0.705219,35.290241,0.886037,-12.302818,7.083673,12.115967,1.627955,0.543018,0.00081,0.198464,0.000858,0.276089,0.001124,0,7.765951,50.006226,0.002429,-2,97.4,2454301.62523,4.524783,4.5251,0,-9999999,0.027683,0.034518,0.856498,-0.03107,0.981109,0.5,300,-12.28839,7.024638,2007-07-20T02:51:43.986,-9999999,G2,079.C-0828(A),Mayor,-9999999,HARPS_ech_obs_all,HARPS_ech_obs_objAB,STAR_SKY_G2,4.38384972049635e-05,1.03025653824609e-06,0,0
11863,GJ4130,300.17867,22.7065,2454301.6290715,9.401499,1.399122,-2238.755516,1.314578,33.109395,1.106325,-2238.766104,0.874952,33.101878,1.106324,-17.110365,9.475975,18.975625,2.613544,0.546493,0.001011,0.197614,0.001074,0.280152,0.001414,0,7.777023,49.925625,0.013555,-2,78.9,2454301.62907,4.515507,4.515794,0,-9999999,0.027683,0.033314,0.856497,-0.038271,0.981109,0.5,300,-17.083931,9.415732,2007-07-20T02:57:15.006,-9999999,G2,079.C-0828(A),Mayor,-9999999,HARPS_ech_obs_all,HARPS_ech_obs_objAB,STAR_SKY_G2,4.26152325490697e-05,8.79463219685361e-07,0,0
11864,GJ4130,300.17867,22.7065,2454301.6329105,-11.207858,1.086424,-2260.263867,1.127024,12.498832,0.66838,-2260.281671,0.554627,12.49172,0.668378,-6.230314,6.298553,-0.537288,1.315412,0.542629,0.000673,0.199028,0.000676,0.277996,0.000889,0,7.751046,50.106946,0.004293,-2,122.9,2454301.6329,4.506107,4.506412,0,-9999999,0.027683,0.032108,0.856496,-0.045487,0.981108,0.5,300,-6.21652,6.276557,2007-07-20T03:02:46.696,-9999999,G2,079.C-0828(A),Mayor,-9999999,HARPS_ech_obs_all,HARPS_ech_obs_objAB,STAR_SKY_G2,4.41886267334005e-05,7.55004687149775e-07,0,0
11865,GJ4130,300.17867,22.7065,2454301.636742,-18.899164,1.093556,-2268.040985,1.133184,4.806323,0.679911,-2268.065989,0.56704,4.799662,0.67992,-8.717508,5.699146,-10.616427,1.574164,0.544611,0.000694,0.199303,0.000696,0.278151,0.000915,0,7.743325,50.150034,0.008763,-2,119.7,2454301.63673,4.496627,4.49693,0,-9999999,0.027684,0.030905,0.856496,-0.052688,0.981107,0.5,300,-8.696575,5.6918,2007-07-20T03:08:17.726,-9999999,G2,079.C-0828(A),Mayor,-9999999,HARPS_ech_obs_all,HARPS_ech_obs_objAB,STAR_SKY_G2,4.48166873615944e-05,9.58626817622338e-07,0,0
11866,GJ4130,300.17867,22.7065,2454301.6405714,-26.139914,1.091027,-2276.368822,1.130516,-2.43563,0.675838,-2276.401024,0.561691,-2.442681,0.675836,-3.790144,6.266182,-20.52435,1.569835,0.542694,0.000687,0.198362,0.000688,0.276472,0.000903,0,7.73401,50.224727,0.009193,-2,120.6,2454301.64056,4.487057,4.487353,0,-9999999,0.027684,0.029702,0.856495,-0.059886,0.981107,0.5,300,-3.764311,6.269206,2007-07-20T03:13:48.586,-9999999,G2,079.C-0828(A),Mayor,-9999999,HARPS_ech_obs_all,HARPS_ech_obs_objAB,STAR_SKY_G2,4.40997066737207e-05,8.92841173424139e-07,0,0
11867,GJ4130,300.17867,22.7065,2454301.6444022,-29.055541,1.079486,-2278.11827,1.123515,-5.35246,0.657045,-2278.157672,0.547464,-5.359474,0.657063,-9.856405,5.641951,-30.002262,1.331031,0.541198,0.000668,0.199743,0.000673,0.278105,0.000884,0,7.728696,50.285665,0.006224,-2,123.7,2454301.6444,4.477393,4.477686,0,-9999999,0.027684,0.028499,0.856494,-0.067086,0.981106,0.5,300,-9.84065,5.649604,2007-07-20T03:19:19.556,-9999999,G2,079.C-0828(A),Mayor,-9999999,HARPS_ech_obs_all,HARPS_ech_obs_objAB,STAR_SKY_G2,4.37267666357247e-05,6.82646809235453e-07,0,0
11868,GJ4130,300.17867,22.7065,2454301.6482323,-25.816381,1.0769,-2274.451473,1.121577,-2.114504,0.652787,-2274.498072,0.543476,-2.121462,0.652787,-4.360009,5.4528,-36.511784,1.377557,0.542762,0.000666,0.198146,0.000666,0.276749,0.000876,0,7.724644,50.306448,0.005783,-2,124.4,2454301.64823,4.467645,4.467934,0,-9999999,0.027685,0.027296,0.856494,-0.074284,0.981105,0.5,300,-4.344142,5.455541,2007-07-20T03:24:50.477,-9999999,G2,079.C-0828(A),Mayor,-9999999,HARPS_ech_obs_all,HARPS_ech_obs_objAB,STAR_SKY_G2,4.31887284667088e-05,9.1357911799297e-07,0,0
11869,GJ4130,300.17867,22.7065,2454301.6520669,-15.59021,1.075288,-2265.389531,1.120687,8.110463,0.650125,-2265.443337,0.541639,8.100226,0.650112,-14.920005,5.446862,-31.728976,1.439844,0.542088,0.000664,0.198371,0.000664,0.277515,0.000874,0,7.726417,50.295752,0.00373,-2,124.8,2454301.65206,4.457806,4.458101,0,-9999999,0.027685,0.026091,0.856493,-0.081491,0.981105,0.5,300,-14.91626,5.432998,2007-07-20T03:30:21.777,-9999999,G2,079.C-0828(A),Mayor,-9999999,HARPS_ech_obs_all,HARPS_ech_obs_objAB,STAR_SKY_G2,4.22803258609248e-05,9.03085911080071e-07,0,0
11870,GJ4130,300.17867,22.7065,2454301.655896,-5.009251,1.090504,-2254.873242,1.130504,18.690219,0.674995,-2254.934245,0.561671,18.683386,0.674978,1.061993,6.327003,-23.85903,1.473426,0.542475,0.000688,0.198527,0.000688,0.278153,0.000906,0,7.734542,50.237353,-0.002295,-2,120.5,2454301.65589,4.447905,4.448192,0,-9999999,0.027685,0.024888,0.856493,-0.088688,0.981104,0.5,300,1.068515,6.293053,2007-07-20T03:35:52.607,-9999999,G2,079.C-0828(A),Mayor,-9999999,HARPS_ech_obs_all,HARPS_ech_obs_objAB,STAR_SKY_G2,4.27052160641688e-05,1.03245979804218e-06,0,0
11871,GJ4130,300.17867,22.7065,2454301.6597248,-3.170347,1.082175,-2254.279583,1.126748,20.52792,0.661456,-2254.347782,0.554072,20.520779,0.661456,7.515232,6.64809,-16.936295,1.394396,0.542249,0.00068,0.199136,0.00068,0.276899,0.000892,0,7.736209,50.196714,0.000757,-2,122.2,2454301.65972,4.437934,4.438239,0,-9999999,0.027686,0.023685,0.856493,-0.095885,0.981104,0.5,300,7.519935,6.612481,2007-07-20T03:41:23.417,-9999999,G2,079.C-0828(A),Mayor,-9999999,HARPS_ech_obs_all,HARPS_ech_obs_objAB,STAR_SKY_G2,4.37972449707138e-05,8.27011907000689e-07,0,0
11872,GJ4130,300.17867,22.7065,2454301.663555,-5.476593,1.088875,-2255.691956,1.129522,18.220471,0.672362,-2255.767353,0.559693,18.21353,0.67236,-9.259621,6.036728,-18.585688,1.527304,0.543702,0.000689,0.199973,0.000689,0.279686,0.000907,0,7.734003,50.219863,0.001704,-2,120.7,2454301.66355,4.427895,4.428194,0,-9999999,0.027686,0.022482,0.856492,-0.103083,0.981104,0.5,300,-9.253619,6.005955,2007-07-20T03:46:54.337,-9999999,G2,079.C-0828(A),Mayor,-9999999,HARPS_ech_obs_all,HARPS_ech_obs_objAB,STAR_SKY_G2,4.52631604610128e-05,8.78440159404897e-07,0,0
11873,GJ4130,300.17867,22.7065,2454301.6673836,-6.193705,1.111969,-2257.25424,1.144359,17.502157,0.709152,-2257.336833,0.589062,17.489072,0.709166,-1.231471,6.382588,-18.543584,1.42839,0.543942,0.000723,0.200607,0.000728,0.276218,0.000949,0,7.7375,50.196572,0.00121,-2,114.9,2454301.66738,4.417799,4.418089,0,-9999999,0.027686,0.02128,0.856492,-0.110279,0.981103,0.5,300,-1.22921,6.352242,2007-07-20T03:52:25.127,-9999999,G2,079.C-0828(A),Mayor,-9999999,HARPS_ech_obs_all,HARPS_ech_obs_objAB,STAR_SKY_G2,4.47911804212976e-05,1.18526429464942e-06,0,0
11874,GJ4130,300.17867,22.7065,2454301.6712151,-9.195435,1.108862,-2259.822005,1.141614,14.499223,0.704271,-2259.9118,0.583712,14.495648,0.704255,-3.89752,6.150416,-20.476935,1.606829,0.544053,0.000718,0.20049,0.000722,0.276362,0.000942,0,7.737506,50.199098,-0.000436,-2,115.7,2454301.67121,4.40764,4.407929,0,-9999999,0.027686,0.020076,0.856492,-0.117481,0.981103,0.5,300,-3.906049,6.128204,2007-07-20T03:57:56.157,-9999999,G2,079.C-0828(A),Mayor,-9999999,HARPS_ech_obs_all,HARPS_ech_obs_objAB,STAR_SKY_G2,4.45396469463292e-05,8.35177142317787e-07,0,0
11875,GJ4130,300.17867,22.7065,2454301.6750461,-10.160848,1.092754,-2260.428906,1.132549,13.532607,0.678627,-2260.5259,0.565778,13.525391,0.678618,-3.091333,4.631205,-21.536471,1.426323,0.54445,0.0007,0.199385,0.000698,0.278246,0.000917,0,7.735429,50.222514,-0.000249,-2,119.2,2454301.67504,4.397432,4.397718,0,-9999999,0.027687,0.018873,0.856491,-0.124681,0.981103,0.5,300,-3.08259,4.608054,2007-07-20T04:03:27.157,-9999999,G2,079.C-0828(A),Mayor,-9999999,HARPS_ech_obs_all,HARPS_ech_obs_objAB,STAR_SKY_G2,4.58154439377974e-05,8.40842806993975e-07,0,0
11876,GJ4130,300.17867,22.7065,2454301.6888753,-17.844006,1.091997,-2268.03345,1.134279,5.845105,0.677408,-2268.156435,0.569235,5.835292,0.677428,2.764668,6.774219,-20.50779,1.387042,0.546701,0.000726,0.20076,0.000713,0.27769,0.000933,0,7.738514,50.197067,0.000444,-2,117.3,2454301.68886,4.360244,4.360562,0,-9999999,0.027688,0.014529,0.856491,-0.150673,0.981102,0.5,300,2.75916,6.769831,2007-07-20T04:23:21.979,-9999999,G2,079.C-0828(A),Mayor,-9999999,HARPS_ech_obs_all,HARPS_ech_obs_objAB,STAR_SKY_G2,4.75323748025293e-05,8.69575031494792e-07,0,0
11877,GJ4130,300.17867,22.7065,2454301.6927026,-20.176668,1.057599,-2270.238557,1.111118,3.51124,0.620435,-2270.368736,0.521558,3.504336,0.620435,3.360356,6.286658,-20.452914,1.600124,0.546633,0.000656,0.202437,0.00065,0.279159,0.000849,0,7.734964,50.204045,-0.001368,-2,128.9,2454301.69269,4.349881,4.350186,0,-9999999,0.027688,0.013326,0.856491,-0.157867,0.981102,0.5,300,3.356068,6.284715,2007-07-20T04:28:52.649,-9999999,G2,079.C-0828(A),Mayor,-9999999,HARPS_ech_obs_all,HARPS_ech_obs_objAB,STAR_SKY_G2,4.67095795615082e-05,8.72889242461457e-07,0,0
11878,GJ4130,300.17867,22.7065,2454301.6965325,-21.781541,1.069528,-2271.485904,1.118104,1.905164,0.640557,-2271.623281,0.53628,1.897868,0.640557,1.8735,5.789752,-20.390336,1.345501,0.544925,0.000668,0.201174,0.000663,0.27796,0.000868,0,7.736914,50.206615,0.000521,-2,125.8,2454301.69653,4.33949,4.339789,0,-9999999,0.027688,0.012123,0.856491,-0.165065,0.981102,0.5,300,1.854989,5.789163,2007-07-20T04:34:23.549,-9999999,G2,079.C-0828(A),Mayor,-9999999,HARPS_ech_obs_all,HARPS_ech_obs_objAB,STAR_SKY_G2,4.55510716815866e-05,8.2800161332917e-07,0,0
11879,GJ4130,300.17867,22.7065,2454301.7003619,-24.640884,1.086683,-2274.908908,1.130186,-0.955382,0.668808,-2275.053481,0.561034,-0.962716,0.668808,-6.848196,5.731946,-18.671758,1.586184,0.545233,0.000701,0.201267,0.000697,0.276862,0.00091,0,7.737276,50.210325,0.00051,-2,120.0,2454301.70036,4.329084,4.329376,0,-9999999,0.027689,0.01092,0.856491,-0.172262,0.981102,0.5,300,-6.856304,5.731909,2007-07-20T04:39:54.410,-9999999,G2,079.C-0828(A),Mayor,-9999999,HARPS_ech_obs_all,HARPS_ech_obs_objAB,STAR_SKY_G2,4.44584910117897e-05,9.32904630103054e-07,0,0
11880,GJ4130,300.17867,22.7065,2454301.7042021,-26.579115,1.089154,-2277.540335,1.130777,-2.894819,0.672816,-2277.692126,0.562224,-2.900889,0.672816,3.299696,6.238237,-19.877631,1.428827,0.546221,0.0007,0.202147,0.000699,0.276483,0.000909,0,7.735639,50.199258,0.00184,-2,120.0,2454301.7042,4.318638,4.31892,0,-9999999,0.027689,0.009714,0.856491,-0.17948,0.981102,0.5,300,3.281114,6.237622,2007-07-20T04:45:26.200,-9999999,G2,079.C-0828(A),Mayor,-9999999,HARPS_ech_obs_all,HARPS_ech_obs_objAB,STAR_SKY_G2,4.58783927340033e-05,9.28209394140661e-07,0,0
11881,GJ4130,300.17867,22.7065,2454301.7080329,-30.112792,1.08832,-2279.788836,1.130452,-6.429699,0.671465,-2279.947827,0.56157,-6.443715,0.671429,0.787825,4.971597,-17.886354,1.341082,0.544816,0.000695,0.199306,0.000691,0.283144,0.000905,0,7.736079,50.20828,0.003412,-2,120.4,2454301.70803,4.308212,4.308491,0,-9999999,0.027689,0.008511,0.856491,-0.18668,0.981102,0.5,300,0.773777,4.967747,2007-07-20T04:50:57.170,-9999999,G2,079.C-0828(A),Mayor,-9999999,HARPS_ech_obs_all,HARPS_ech_obs_objAB,STAR_SKY_G2,4.42450333916699e-05,8.26842337764514e-07,0,0
11882,GJ4130,300.17867,22.7065,2454301.7118732,-32.020641,1.081741,-2282.107611,1.126008,-8.338755,0.660747,-2282.273819,0.55257,-8.346098,0.660745,3.411993,5.189694,-20.599401,1.224751,0.544959,0.000687,0.201989,0.000687,0.28312,0.000894,0,7.733405,50.213362,0.003388,-2,121.9,2454301.71186,4.29776,4.298062,0,-9999999,0.02769,0.007305,0.856491,-0.193898,0.981102,0.5,300,3.404155,5.182721,2007-07-20T04:56:28.970,-9999999,G2,079.C-0828(A),Mayor,-9999999,HARPS_ech_obs_all,HARPS_ech_obs_objAB,STAR_SKY_G2,4.47567407522573e-05,8.75577341625201e-07,0,0
11883,GJ4130,300.17867,22.7065,2454301.7157011,-33.142052,1.087959,-2282.896029,1.130599,-9.461368,0.670878,-2283.069431,0.561866,-9.466372,0.670893,-6.849504,7.172951,-18.105126,1.240755,0.544916,0.000699,0.201902,0.000698,0.281069,0.000904,0,7.739061,50.199668,0.000684,-2,119.9,2454301.71569,4.287347,4.287637,0,-9999999,0.02769,0.006102,0.856491,-0.201092,0.981102,0.5,300,-6.876387,7.165712,2007-07-20T05:01:59.700,-9999999,G2,079.C-0828(A),Mayor,-9999999,HARPS_ech_obs_all,HARPS_ech_obs_objAB,STAR_SKY_G2,4.36574220999194e-05,9.39005856676948e-07,0,0
11884,GJ4130,300.17867,22.7065,2454301.7195338,-35.68486,1.166609,-2286.788496,1.176282,-12.00538,0.792085,-2286.969102,0.648905,-12.012403,0.792085,2.124176,6.887403,-17.787809,1.679238,0.544541,0.000802,0.201694,0.000812,0.282373,0.001055,0,7.742606,50.188712,0.003271,-2,103.7,2454301.71952,4.276931,4.277223,0,-9999999,0.02769,0.004898,0.856491,-0.208296,0.981102,0.5,300,2.100038,6.882036,2007-07-20T05:07:30.840,-9999999,G2,079.C-0828(A),Mayor,-9999999,HARPS_ech_obs_all,HARPS_ech_obs_objAB,STAR_SKY_G2,4.41596547857935e-05,8.39473184640174e-07,0,0
11885,GJ4130,300.17867,22.7065,2454301.7233647,-38.282747,1.190912,-2287.530978,1.193754,-14.60447,0.827463,-2287.718783,0.680064,-14.61153,0.827464,5.755966,6.928356,-20.469555,1.712432,0.544783,0.000846,0.202092,0.000856,0.280616,0.001107,0,7.73844,50.208498,-0.002379,-2,98.7,2454301.72336,4.266536,4.266852,0,-9999999,0.027691,0.003695,0.856491,-0.215496,0.981102,0.5,300,5.737315,6.91749,2007-07-20T05:13:01.820,-9999999,G2,079.C-0828(A),Mayor,-9999999,HARPS_ech_obs_all,HARPS_ech_obs_objAB,STAR_SKY_G2,4.35843897615944e-05,8.9205570613884e-07,0,0
11886,GJ4130,300.17867,22.7065,2454301.7271918,-38.210649,1.091507,-2288.682863,1.132365,-14.533574,0.676617,-2288.877861,0.565409,-14.542521,0.676594,-5.737192,5.701412,-20.102191,1.310006,0.543608,0.000709,0.200666,0.000704,0.282181,0.000918,0,7.73327,50.221145,0.000822,-2,118.7,2454301.72719,4.256172,4.256474,0,-9999999,0.027691,0.002493,0.856491,-0.222689,0.981103,0.5,300,-5.744411,5.686151,2007-07-20T05:18:32.480,-9999999,G2,079.C-0828(A),Mayor,-9999999,HARPS_ech_obs_all,HARPS_ech_obs_objAB,STAR_SKY_G2,4.51053982920613e-05,8.73144934566394e-07,0,0
11887,GJ4130,300.17867,22.7065,2454301.7310222,-40.208792,1.078579,-2291.425611,1.12335,-16.532921,0.655557,-2291.627809,0.54713,-16.546549,0.655564,-2.76769,5.219558,-20.564193,1.429376,0.543369,0.000683,0.202477,0.000681,0.284374,0.000888,0,7.733076,50.224258,0.003603,-2,123.0,2454301.73102,4.245826,4.246123,0,-9999999,0.027691,0.001289,0.856492,-0.229889,0.981103,0.5,300,-2.778414,5.193299,2007-07-20T05:24:03.421,-9999999,G2,079.C-0828(A),Mayor,-9999999,HARPS_ech_obs_all,HARPS_ech_obs_objAB,STAR_SKY_G2,4.44813861809825e-05,8.61035644190414e-07,0,0
11888,GJ4130,300.17867,22.7065,2454301.7348528,-43.148803,1.079755,-2293.592003,1.124908,-19.474135,0.65749,-2293.8014,0.550321,-19.480762,0.657491,-2.846896,5.818283,-20.211156,1.385096,0.544573,0.000689,0.202418,0.000686,0.283168,0.000892,0,7.734592,50.208317,-0.001814,-2,122.1,2454301.73485,4.23551,4.235803,0,-9999999,0.027691,8.6e-05,0.856492,-0.237088,0.981103,0.5,300,-2.866172,5.791449,2007-07-20T05:29:34.381,-9999999,G2,079.C-0828(A),Mayor,-9999999,HARPS_ech_obs_all,HARPS_ech_obs_objAB,STAR_SKY_G2,4.50249537641146e-05,8.82437411731584e-07,0,0
11889,GJ4130,300.17867,22.7065,2454301.7386849,-44.040788,1.078968,-2294.144946,1.123781,-20.367324,0.656196,-2294.361545,0.548013,-20.374462,0.656196,6.634206,5.419444,-21.359175,1.442038,0.544128,0.000684,0.2047,0.000677,0.283017,0.000887,0,7.730378,50.220015,0.001251,-2,122.8,2454301.73868,4.225226,4.22552,0,-9999999,0.027692,-0.001118,0.856492,-0.244291,0.981104,0.5,300,6.612385,5.381884,2007-07-20T05:35:05.470,-9999999,G2,079.C-0828(A),Mayor,-9999999,HARPS_ech_obs_all,HARPS_ech_obs_objAB,STAR_SKY_G2,4.55208760671527e-05,8.83612971479525e-07,0,0
11890,GJ4130,300.17867,22.7065,2454301.7425148,-45.897693,1.086715,-2297.320998,1.129321,-22.225432,0.668857,-2297.544795,0.559285,-22.233235,0.668864,4.17495,5.567994,-19.299712,1.354736,0.543438,0.000698,0.204461,0.000692,0.283261,0.000906,0,7.733676,50.207326,5.3e-05,-2,120.3,2454301.74251,4.21499,4.215278,0,-9999999,0.027692,-0.002321,0.856493,-0.251489,0.981104,0.5,300,4.159786,5.529716,2007-07-20T05:40:36.370,-9999999,G2,079.C-0828(A),Mayor,-9999999,HARPS_ech_obs_all,HARPS_ech_obs_objAB,STAR_SKY_G2,4.41177713411789e-05,7.91786878532511e-07,0,0
11891,GJ4130,300.17867,22.7065,2454301.746347,-49.276801,1.078951,-2299.257403,1.125,-25.605744,0.656167,-2299.488403,0.550507,-25.612578,0.656168,-9.352885,5.544329,-20.44882,1.411999,0.5459,0.000688,0.205488,0.000681,0.281463,0.000888,0,7.731823,50.208634,-0.000327,-2,122.4,2454301.74634,4.204795,4.205083,0,-9999999,0.027692,-0.003524,0.856493,-0.258692,0.981105,0.5,300,-9.374003,5.500048,2007-07-20T05:46:07.461,-9999999,G2,079.C-0828(A),Mayor,-9999999,HARPS_ech_obs_all,HARPS_ech_obs_objAB,STAR_SKY_G2,4.41601133209537e-05,8.80961999338973e-07,0,0
11892,GJ4130,300.17867,22.7065,2454341.4921973,70.025568,1.337746,-2185.37333,1.277607,93.882917,1.027567,-2184.616692,0.818292,93.871927,1.027597,9.877738,10.295143,2.082274,2.137532,0.550001,0.001006,0.207927,0.001065,0.281213,0.001362,0,7.772509,50.054155,-0.02587,-2,81.7,2454341.49232,-9.760823,-9.76082,0,-9999999,0.030792,0.182767,0.856546,0.725846,0.981161,0.49,300,9.877731,10.294899,2007-08-28T23:40:45.597,-9999999,G2,079.C-0127(A),Mayor,-9999999,HARPS_ech_obs_all,HARPS_ech_obs_objAB,STAR_SKY_G2,4.54267528676919e-05,8.84446565933301e-07,0,0
11893,GJ4130,300.17867,22.7065,2454341.4959932,67.50443,1.240803,-2185.543591,1.218227,91.360586,0.897733,-2184.794087,0.722083,91.354002,0.897733,-3.548,8.021063,-2.349176,1.901435,0.549064,0.000886,0.207236,0.000926,0.282745,0.001189,0,7.771785,50.079673,-0.015105,-2,92.7,2454341.4961,-9.769171,-9.76915,0,-9999999,0.030792,0.181574,0.856544,0.718712,0.981159,0.48,300,-3.574454,8.020292,2007-08-28T23:46:16.576,-9999999,G2,079.C-0127(A),Mayor,-9999999,HARPS_ech_obs_all,HARPS_ech_obs_objAB,STAR_SKY_G2,4.25322108838033e-05,8.83998815534804e-07,0,0
11894,GJ4130,300.17867,22.7065,2454341.4997218,67.803872,1.28429,-2187.388493,1.246447,91.658857,0.956941,-2186.645997,0.76874,91.662699,0.956961,13.143794,7.255646,-1.175414,1.804782,0.550664,0.000956,0.206799,0.000994,0.281813,0.001277,0,7.772853,50.049732,-0.017838,-2,86.7,2454341.49983,-9.777497,-9.777478,0,-9999999,0.030792,0.180403,0.856542,0.711704,0.981157,0.45,300,13.110738,7.253574,2007-08-28T23:51:47.736,-9999999,G2,079.C-0127(A),Mayor,-9999999,HARPS_ech_obs_all,HARPS_ech_obs_objAB,STAR_SKY_G2,4.93339469333834e-05,1.10843871240946e-06,0,0
11895,GJ4130,300.17867,22.7065,2454341.5035965,64.546093,1.308206,-2188.782195,1.26253,88.399861,0.988809,-2188.046982,0.794555,88.391262,0.988808,7.377851,10.255729,-3.223643,2.08126,0.551846,0.000995,0.207112,0.001036,0.279223,0.001323,0,7.770671,50.058399,-0.019238,-2,83.6,2454341.50371,-9.786276,-9.786268,0,-9999999,0.030792,0.179186,0.85654,0.704421,0.981155,0.46,300,7.370192,10.256951,2007-08-28T23:57:19.516,-9999999,G2,079.C-0127(A),Mayor,-9999999,HARPS_ech_obs_all,HARPS_ech_obs_objAB,STAR_SKY_G2,4.64567015510141e-05,1.23983335851011e-06,0,0
11896,GJ4130,300.17867,22.7065,2454341.5074317,61.040799,1.297636,-2193.309753,1.25512,84.893362,0.974783,-2192.581747,0.782729,84.886815,0.974784,2.10938,8.046111,-2.458951,1.792865,0.55103,0.000983,0.208804,0.001027,0.281396,0.00131,0,7.762809,50.087118,-0.023629,-2,84.6,2454341.50754,-9.795089,-9.795078,0,-9999999,0.030793,0.177981,0.856538,0.697213,0.981153,0.46,300,2.081383,8.042056,2007-08-29T00:02:50.897,-9999999,G2,079.C-0127(A),Mayor,-9999999,HARPS_ech_obs_all,HARPS_ech_obs_objAB,STAR_SKY_G2,4.54184292810016e-05,1.0173619968498e-06,0,0
11897,GJ4130,300.17867,22.7065,2454341.511301,61.274066,1.300794,-2193.611623,1.260155,85.125414,0.978985,-2192.890889,0.790781,85.126046,0.978983,8.915469,8.911271,-2.258519,2.218379,0.551771,0.000993,0.208254,0.001034,0.282657,0.001325,0,7.772817,50.071522,-0.016615,-2,83.8,2454341.51141,-9.804102,-9.804114,0,-9999999,0.030793,0.176766,0.856536,0.689941,0.981151,0.47,300,8.880586,8.907743,2007-08-29T00:08:22.216,-9999999,G2,079.C-0127(A),Mayor,-9999999,HARPS_ech_obs_all,HARPS_ech_obs_objAB,STAR_SKY_G2,4.6586187479151e-05,1.16950038058932e-06,0,0
11898,GJ4130,300.17867,22.7065,2454341.5151422,57.596076,1.258671,-2197.397307,1.232395,81.446217,0.922281,-2196.683793,0.745751,81.439699,0.92228,13.363401,8.087844,-4.727592,1.515064,0.550461,0.000938,0.206573,0.000971,0.282632,0.001249,0,7.763959,50.099101,-0.019878,-2,88.7,2454341.51526,-9.813163,-9.813185,0,-9999999,0.030793,0.175559,0.856534,0.682721,0.981149,0.47,300,13.338268,8.075567,2007-08-29T00:13:54.107,-9999999,G2,079.C-0127(A),Mayor,-9999999,HARPS_ech_obs_all,HARPS_ech_obs_objAB,STAR_SKY_G2,4.83900703012142e-05,1.01023637300514e-06,0,0
11899,GJ4130,300.17867,22.7065,2454341.5189068,56.884761,1.273261,-2197.345576,1.242527,80.73372,0.942097,-2196.639137,0.76238,80.726283,0.942096,-2.521274,7.27896,-5.702512,1.96714,0.551416,0.000962,0.207301,0.000997,0.279973,0.001274,0,7.770115,50.096329,-0.01838,-2,86.7,2454341.51902,-9.822151,-9.822147,0,-9999999,0.030794,0.174377,0.856532,0.675645,0.981147,0.45,300,-2.539798,7.273463,2007-08-29T00:19:25.377,-9999999,G2,079.C-0127(A),Mayor,-9999999,HARPS_ech_obs_all,HARPS_ech_obs_objAB,STAR_SKY_G2,4.50735214381228e-05,1.09269769285374e-06,0,0
11900,GJ4130,300.17867,22.7065,2454341.5228518,58.196515,1.267706,-2195.140273,1.240179,82.044234,0.934577,-2194.441248,0.75855,82.03695,0.934574,15.426046,8.50291,-11.028674,2.388687,0.552019,0.000963,0.208255,0.000997,0.282397,0.001278,0,7.763799,50.111412,-0.019042,-2,86.9,2454341.52296,-9.831678,-9.831683,0,-9999999,0.030794,0.173138,0.856531,0.668231,0.981145,0.48,300,15.426536,8.488334,2007-08-29T00:24:57.238,-9999999,G2,079.C-0127(A),Mayor,-9999999,HARPS_ech_obs_all,HARPS_ech_obs_objAB,STAR_SKY_G2,4.86483355521408e-05,1.18233179523695e-06,0,0
11901,GJ4130,300.17867,22.7065,2454341.5267913,66.300473,1.227162,-2187.012873,1.214325,90.146955,0.878798,-2186.321253,0.715503,90.145869,0.878799,31.117032,7.269361,-15.987171,1.656077,0.551923,0.0009,0.207309,0.00093,0.279586,0.001187,0,7.761481,50.175495,-0.011313,-2,92.6,2454341.52691,-9.841298,-9.841326,0,-9999999,0.030794,0.1719,0.856529,0.660826,0.981143,0.51,300,31.096856,7.265711,2007-08-29T00:30:28.617,-9999999,G2,079.C-0127(A),Mayor,-9999999,HARPS_ech_obs_all,HARPS_ech_obs_objAB,STAR_SKY_G2,4.68014465107199e-05,1.01668791995091e-06,0,0
11902,GJ4130,300.17867,22.7065,2454341.5304826,74.539473,1.085299,-2179.105314,1.126532,98.384795,0.666509,-2178.42063,0.553566,98.378701,0.666536,3.526316,5.418955,-15.706808,1.396607,0.551399,0.000671,0.206364,0.000686,0.279506,0.000879,0,7.762352,50.175649,-0.017135,-2,123.1,2454341.53059,-9.850404,-9.85041,0,-9999999,0.030795,0.170741,0.856527,0.653889,0.981141,0.47,300,3.504326,5.419088,2007-08-29T00:35:59.558,-9999999,G2,079.C-0127(A),Mayor,-9999999,HARPS_ech_obs_all,HARPS_ech_obs_objAB,STAR_SKY_G2,4.7720607399931e-05,9.79734295688839e-07,0,0
11903,GJ4130,300.17867,22.7065,2454341.5343152,80.892774,1.083066,-2172.893306,1.125139,104.736893,0.662869,-2172.215826,0.55073,104.729785,0.662868,7.219722,5.674976,-12.030225,1.457189,0.554767,0.000671,0.207087,0.000684,0.282356,0.00088,0,7.762013,50.157571,-0.020948,-2,123.7,2454341.53442,-9.859947,-9.859954,0,-9999999,0.030795,0.169537,0.856526,0.646685,0.98114,0.47,300,7.190841,5.676204,2007-08-29T00:41:30.707,-9999999,G2,079.C-0127(A),Mayor,-9999999,HARPS_ech_obs_all,HARPS_ech_obs_objAB,STAR_SKY_G2,4.75637262907723e-05,1.07014486605314e-06,0,0
11904,GJ4130,300.17867,22.7065,2454341.5381497,80.150818,1.087548,-2175.041034,1.128441,103.993732,0.67017,-2174.370761,0.557447,103.983346,0.670158,-5.379976,5.60057,-3.631634,1.592454,0.553979,0.000676,0.207321,0.000692,0.28003,0.000885,0,7.768187,50.115665,-0.023902,-2,122.5,2454341.53827,-9.86958,-9.869613,0,-9999999,0.030795,0.168332,0.856524,0.639478,0.981138,0.47,300,-5.405303,5.599978,2007-08-29T00:47:02.018,-9999999,G2,079.C-0127(A),Mayor,-9999999,HARPS_ech_obs_all,HARPS_ech_obs_objAB,STAR_SKY_G2,4.91163633525467e-05,9.5316069499045e-07,0,0
11905,GJ4130,300.17867,22.7065,2454341.5420282,73.630988,1.07146,-2180.549479,1.118553,97.472684,0.643735,-2179.886496,0.537153,97.465331,0.643733,7.508978,4.583271,8.485518,1.246242,0.555383,0.000653,0.207595,0.000666,0.280068,0.000852,0,7.781035,50.042571,-0.021049,-2,127.1,2454341.54214,-9.879407,-9.879441,0,-9999999,0.030795,0.167114,0.856522,0.632188,0.981136,0.48,300,7.477741,4.582016,2007-08-29T00:52:34.128,-9999999,G2,079.C-0127(A),Mayor,-9999999,HARPS_ech_obs_all,HARPS_ech_obs_objAB,STAR_SKY_G2,4.62418032945124e-05,8.32527440628837e-07,0,0
11906,GJ4130,300.17867,22.7065,2454341.5457895,65.42312,1.073998,-2190.745309,1.119968,89.263634,0.647954,-2190.089394,0.540096,89.256318,0.647954,3.618941,5.488871,17.693979,1.286066,0.553467,0.000654,0.207361,0.000667,0.279967,0.000854,0,7.789523,49.971346,-0.027126,-2,126.8,2454341.5459,-9.889012,-9.889051,0,-9999999,0.030796,0.165932,0.856521,0.625119,0.981135,0.46,300,3.583098,5.481482,2007-08-29T00:58:05.118,-9999999,G2,079.C-0127(A),Mayor,-9999999,HARPS_ech_obs_all,HARPS_ech_obs_objAB,STAR_SKY_G2,4.86447829704498e-05,9.74781045496015e-07,0,0
11907,GJ4130,300.17867,22.7065,2454341.5496949,56.151122,1.092818,-2199.516753,1.12982,79.99041,0.678694,-2198.868178,0.560243,79.984534,0.678699,-4.508154,5.564948,24.453528,1.339036,0.553503,0.000677,0.207494,0.000692,0.278269,0.000883,0,7.797549,49.939555,-0.024781,-2,122.3,2454341.5498,-9.899056,-9.899087,0,-9999999,0.030796,0.164706,0.856519,0.617779,0.981133,0.48,300,-4.538997,5.536904,2007-08-29T01:03:36.558,-9999999,G2,079.C-0127(A),Mayor,-9999999,HARPS_ech_obs_all,HARPS_ech_obs_objAB,STAR_SKY_G2,4.93149106667933e-05,1.05024468372357e-06,0,0
11908,GJ4130,300.17867,22.7065,2454341.5534929,43.327699,1.072391,-2211.060925,1.118637,67.165793,0.64529,-2210.419489,0.537336,67.159067,0.645291,-2.73352,5.933976,29.773418,1.58437,0.555479,0.000644,0.208057,0.000659,0.28121,0.000844,0,7.793974,49.933409,-0.019677,-2,128.3,2454341.5536,-9.908891,-9.908922,0,-9999999,0.030796,0.163513,0.856518,0.61064,0.981131,0.47,300,-2.748323,5.893722,2007-08-29T01:09:07.718,-9999999,G2,079.C-0127(A),Mayor,-9999999,HARPS_ech_obs_all,HARPS_ech_obs_objAB,STAR_SKY_G2,4.59986946458113e-05,8.41913509856247e-07,0,0
11909,GJ4130,300.17867,22.7065,2454341.5572923,31.928411,1.082799,-2223.09757,1.124951,55.765312,0.662444,-2222.463274,0.550363,55.758162,0.662455,0.760318,5.385532,30.637391,1.263698,0.552686,0.000656,0.207569,0.000674,0.281222,0.000864,0,7.799027,49.913265,-0.017798,-2,125.4,2454341.5574,-9.918789,-9.918816,0,-9999999,0.030797,0.162319,0.856517,0.603499,0.98113,0.46,300,0.750767,5.308963,2007-08-29T01:14:38.998,-9999999,G2,079.C-0127(A),Mayor,-9999999,HARPS_ech_obs_all,HARPS_ech_obs_objAB,STAR_SKY_G2,4.80099992928365e-05,1.06914062400636e-06,0,0
11910,GJ4130,300.17867,22.7065,2454341.5611262,18.183855,1.089595,-2235.014281,1.129328,42.019552,0.673498,-2234.38719,0.559258,42.013051,0.673498,-7.756574,6.001128,29.429614,1.398804,0.552575,0.000671,0.207069,0.000688,0.282602,0.000885,0,7.794421,49.93438,-0.016235,-2,123.0,2454341.56124,-9.928833,-9.92886,0,-9999999,0.030797,0.161115,0.856515,0.596294,0.981128,0.46,300,-7.774156,5.95702,2007-08-29T01:20:10.259,-9999999,G2,079.C-0127(A),Mayor,-9999999,HARPS_ech_obs_all,HARPS_ech_obs_objAB,STAR_SKY_G2,4.67926669227252e-05,8.79909991185993e-07,0,0
11911,GJ4130,300.17867,22.7065,2454341.5649618,7.107037,1.115745,-2245.479835,1.145277,30.941529,0.715032,-2244.859953,0.590804,30.932514,0.71501,-3.54069,5.766736,21.417161,1.406311,0.553528,0.000711,0.208026,0.000732,0.280197,0.000935,0,7.791263,49.975309,-0.014235,-2,116.1,2454341.56507,-9.938932,-9.938951,0,-9999999,0.030797,0.15991,0.856514,0.589085,0.981127,0.46,300,-3.550504,5.750955,2007-08-29T01:25:41.659,-9999999,G2,079.C-0127(A),Mayor,-9999999,HARPS_ech_obs_all,HARPS_ech_obs_objAB,STAR_SKY_G2,4.82702400895845e-05,8.84603967461278e-07,0,0
11912,GJ4130,300.17867,22.7065,2454341.568827,-2.073254,1.104951,-2255.042563,1.13865,21.760024,0.698071,-2254.429945,0.577855,21.75278,0.698072,1.864526,7.110077,16.916223,1.24717,0.551537,0.000693,0.207285,0.000713,0.279541,0.000911,0,7.782588,50.005773,-0.013005,-2,118.7,2454341.56894,-9.949156,-9.94918,0,-9999999,0.030798,0.158696,0.856513,0.58182,0.981125,0.47,300,1.850709,7.104593,2007-08-29T01:31:12.629,-9999999,G2,079.C-0127(A),Mayor,-9999999,HARPS_ech_obs_all,HARPS_ech_obs_objAB,STAR_SKY_G2,4.68852878759536e-05,1.1915189860062e-06,0,0
11913,GJ4130,300.17867,22.7065,2454341.5726951,-10.161211,1.092915,-2262.441133,1.130969,13.670852,0.67886,-2261.835785,0.562572,13.663423,0.678861,-8.979704,5.35891,4.915608,1.500823,0.551297,0.000675,0.207636,0.000695,0.280221,0.000889,0,7.774928,50.05424,-0.008646,-2,121.9,2454341.57281,-9.959429,-9.959481,0,-9999999,0.030798,0.157481,0.856511,0.57455,0.981124,0.48,300,-8.991852,5.356693,2007-08-29T01:36:43.839,-9999999,G2,079.C-0127(A),Mayor,-9999999,HARPS_ech_obs_all,HARPS_ech_obs_objAB,STAR_SKY_G2,4.6141978824078e-05,8.4955436595928e-07,0,0
11914,GJ4130,300.17867,22.7065,2454341.5764939,-15.591274,1.110207,-2268.252679,1.141521,8.239595,0.706364,-2267.654471,0.583496,8.251319,0.706333,-7.152513,6.41191,-5.384035,1.611562,0.550975,0.000702,0.208727,0.000725,0.279463,0.000924,0,7.769502,50.120201,-0.012516,-2,117.1,2454341.57661,-9.969553,-9.969601,0,-9999999,0.030798,0.156287,0.85651,0.56741,0.981123,0.47,300,-7.170672,6.412765,2007-08-29T01:42:15.069,-9999999,G2,079.C-0127(A),Mayor,-9999999,HARPS_ech_obs_all,HARPS_ech_obs_objAB,STAR_SKY_G2,4.55857657113379e-05,8.21627810074003e-07,0,0
11915,GJ4130,300.17867,22.7065,2454341.5802583,-13.832549,1.093417,-2266.499678,1.131873,9.997138,0.679672,-2265.908545,0.564391,9.990751,0.679665,-7.865136,6.350516,-13.937643,1.210227,0.551076,0.000683,0.2064,0.000699,0.278276,0.000894,0,7.764261,50.176067,-0.01814,-2,120.9,2454341.58036,-9.979614,-9.979628,0,-9999999,0.030798,0.155105,0.856509,0.560335,0.981122,0.45,300,-7.890779,6.350298,2007-08-29T01:47:46.319,-9999999,G2,079.C-0127(A),Mayor,-9999999,HARPS_ech_obs_all,HARPS_ech_obs_objAB,STAR_SKY_G2,4.67622609914899e-05,9.68290257704174e-07,0,0
11916,GJ4130,300.17867,22.7065,2454341.5841934,-6.50563,1.095513,-2259.199643,1.132906,17.322821,0.683039,-2258.615905,0.566461,17.315971,0.683039,-10.141863,6.071193,-15.178866,1.481971,0.550235,0.000683,0.207444,0.000702,0.281565,0.0009,0,7.767155,50.194848,-0.012474,-2,120.6,2454341.58431,-9.990158,-9.990205,0,-9999999,0.030799,0.153869,0.856508,0.552939,0.98112,0.48,300,-10.162099,6.067751,2007-08-29T01:53:17.329,-9999999,G2,079.C-0127(A),Mayor,-9999999,HARPS_ech_obs_all,HARPS_ech_obs_objAB,STAR_SKY_G2,4.6735755752072e-05,1.02028530104993e-06,0,0
11917,GJ4130,300.17867,22.7065,2454341.5879227,3.816378,1.071295,-2249.873522,1.11788,27.643657,0.643483,-2249.296794,0.535781,27.636788,0.643483,-12.391306,6.042159,-10.178398,1.345648,0.551172,0.000642,0.207187,0.000658,0.28004,0.000843,0,7.762702,50.160463,-0.016071,-2,128.2,2454341.58803,-10.000169,-10.000213,0,-9999999,0.030799,0.152697,0.856507,0.545929,0.981119,0.45,300,-12.402988,6.032514,2007-08-29T01:58:48.550,-9999999,G2,079.C-0127(A),Mayor,-9999999,HARPS_ech_obs_all,HARPS_ech_obs_objAB,STAR_SKY_G2,4.85054593671138e-05,9.74444339791859e-07,0,0
11918,GJ4130,300.17867,22.7065,2454341.5917891,10.219046,1.125355,-2244.883323,1.150812,34.045111,0.729947,-2244.313862,0.601479,34.038423,0.729956,-1.766454,6.768608,-5.244277,1.748238,0.554173,0.000731,0.207284,0.000749,0.280693,0.00096,0,7.770543,50.113707,-0.02158,-2,113.3,2454341.5919,-10.010563,-10.010608,0,-9999999,0.030799,0.151483,0.856506,0.538662,0.981118,0.46,300,-1.784878,6.757526,2007-08-29T02:04:19.620,-9999999,G2,079.C-0127(A),Mayor,-9999999,HARPS_ech_obs_all,HARPS_ech_obs_objAB,STAR_SKY_G2,4.60868666350536e-05,9.72537175221249e-07,0,0
11919,GJ4130,300.17867,22.7065,2454341.5955189,10.403464,1.19607,-2245.834196,1.193327,34.228357,0.834855,-2245.271744,0.679294,34.220963,0.834855,3.09354,7.009259,2.203822,1.806246,0.552689,0.00083,0.209671,0.000864,0.280039,0.001098,0,7.778196,50.056129,-0.019821,-2,99.6,2454341.59562,-10.020599,-10.020639,0,-9999999,0.0308,0.150311,0.856504,0.531652,0.981117,0.43,300,3.076674,6.98887,2007-08-29T02:09:50.880,-9999999,G2,079.C-0127(A),Mayor,-9999999,HARPS_ech_obs_all,HARPS_ech_obs_objAB,STAR_SKY_G2,4.56504522707338e-05,7.22097645397316e-07,0,0
11920,GJ4130,300.17867,22.7065,2454341.5994912,6.861219,1.115328,-2245.069205,1.144385,30.684864,0.714394,-2244.514219,0.589091,30.660767,0.714402,0.503854,5.972036,1.430496,1.422093,0.552142,0.000703,0.208924,0.000731,0.281708,0.000934,0,7.777498,50.075745,-0.015323,-2,116.4,2454341.59961,-10.031291,-10.031357,0,-9999999,0.0308,0.149064,0.856503,0.524186,0.981116,0.47,300,0.48452,5.963141,2007-08-29T02:15:22.099,-9999999,G2,079.C-0127(A),Mayor,-9999999,HARPS_ech_obs_all,HARPS_ech_obs_objAB,STAR_SKY_G2,4.60961385925109e-05,9.76492192962155e-07,0,0
11921,GJ4130,300.17867,22.7065,2454341.6032627,6.210675,1.112938,-2247.513503,1.142008,30.033136,0.710657,-2246.965605,0.584462,30.021897,0.710671,-8.470779,5.437965,-1.808778,1.589137,0.551923,0.000696,0.208032,0.000722,0.280742,0.000922,0,7.768073,50.088283,-0.020175,-2,117.5,2454341.60337,-10.041441,-10.041456,0,-9999999,0.0308,0.147879,0.856502,0.517098,0.981115,0.45,300,-8.491271,5.429475,2007-08-29T02:20:53.970,-9999999,G2,079.C-0127(A),Mayor,-9999999,HARPS_ech_obs_all,HARPS_ech_obs_objAB,STAR_SKY_G2,4.86944287986071e-05,1.16301474433544e-06,0,0
11922,GJ4130,300.17867,22.7065,2454341.6070203,4.610795,1.140146,-2249.853322,1.159272,28.432075,0.752555,-2249.312486,0.617517,28.426732,0.752548,6.779097,5.711959,-0.404981,1.44968,0.551827,0.000734,0.207907,0.000765,0.281118,0.000978,0,7.776082,50.066489,-0.017142,-2,111.1,2454341.60712,-10.051548,-10.051545,0,-9999999,0.030801,0.146698,0.856502,0.510035,0.981114,0.43,300,6.770637,5.705333,2007-08-29T02:26:24.640,-9999999,G2,079.C-0127(A),Mayor,-9999999,HARPS_ech_obs_all,HARPS_ech_obs_objAB,STAR_SKY_G2,4.60793121766068e-05,1.03227967702184e-06,0,0
11923,GJ4130,300.17867,22.7065,2454341.6110678,2.602154,1.272617,-2252.041957,1.237679,26.422163,0.941255,-2251.508728,0.754498,26.414896,0.941253,13.1153,9.024763,0.054524,2.148517,0.551209,0.000909,0.210477,0.000965,0.281112,0.001225,0,7.774541,50.059184,-0.014926,-2,89.7,2454341.61118,-10.062422,-10.06246,0,-9999999,0.030801,0.145427,0.856501,0.502428,0.981113,0.49,300,13.094062,9.027077,2007-08-29T02:31:56.350,-9999999,G2,079.C-0127(A),Mayor,-9999999,HARPS_ech_obs_all,HARPS_ech_obs_objAB,STAR_SKY_G2,4.882721284917e-05,1.3325278748516e-06,0,0
11924,GJ4130,300.17867,22.7065,2454341.6228085,-3.692106,1.638151,-2260.031712,1.507716,20.124215,1.396406,-2259.520549,1.144828,20.11516,1.396442,32.308599,12.346503,8.367198,2.246803,0.554258,0.001326,0.212714,0.001452,0.283061,0.001838,0,7.78305,49.949361,-0.013633,-2,62.2,2454341.6229,-10.093833,-10.093831,0,-9999999,0.030802,0.141739,0.856498,0.480361,0.98111,0.41,300,32.286886,12.349967,2007-08-29T02:49:14.784,-9999999,G2,079.C-0127(A),Mayor,-9999999,HARPS_ech_obs_all,HARPS_ech_obs_objAB,STAR_SKY_G2,4.26993573275329e-05,1.14826802372373e-06,0,0
11925,GJ4130,300.17867,22.7065,2454341.6269547,-7.465229,1.616675,-2263.23858,1.482808,16.34979,1.371149,-2262.73521,1.11182,16.343603,1.371154,15.506642,10.057763,7.954605,2.628471,0.556843,0.0013,0.209043,0.001408,0.284989,0.001801,0,7.777019,49.937078,-0.025382,-2,63.4,2454341.62707,-10.104858,-10.10491,0,-9999999,0.030802,0.140437,0.856497,0.472568,0.981109,0.5,300,15.482198,10.055872,2007-08-29T02:54:46.024,-9999999,G2,079.C-0127(A),Mayor,-9999999,HARPS_ech_obs_all,HARPS_ech_obs_objAB,STAR_SKY_G2,4.5883678169625e-05,1.16287154906958e-06,0,0
11926,GJ4130,300.17867,22.7065,2454341.6306851,-9.787314,1.47141,-2266.199975,1.368451,14.026533,1.196437,-2265.703616,0.953984,14.018695,1.196443,6.78685,8.683078,3.638368,2.497843,0.552835,0.00114,0.209596,0.001223,0.282935,0.00156,0,7.774341,50.000402,-0.018885,-2,72.0,2454341.6308,-10.114739,-10.114783,0,-9999999,0.030802,0.139265,0.856497,0.465557,0.981108,0.47,300,6.753156,8.690104,2007-08-29T03:00:17.344,-9999999,G2,079.C-0127(A),Mayor,-9999999,HARPS_ech_obs_all,HARPS_ech_obs_objAB,STAR_SKY_G2,5.46736120870098e-05,2.01622780127511e-06,0,0
11927,GJ4130,300.17867,22.7065,2454341.6345541,-13.015457,1.560826,-2266.47425,1.439931,10.797174,1.304834,-2265.985162,1.053959,10.800236,1.304854,13.278001,12.397636,7.173172,2.87658,0.552509,0.001234,0.205667,0.001325,0.283986,0.001704,0,7.778502,49.973977,-0.019622,-2,66.4,2454341.63466,-10.124943,-10.124979,0,-9999999,0.030803,0.13805,0.856496,0.458285,0.981108,0.48,300,13.237605,12.400459,2007-08-29T03:05:48.634,-9999999,G2,079.C-0127(A),Mayor,-9999999,HARPS_ech_obs_all,HARPS_ech_obs_objAB,STAR_SKY_G2,4.92885859099719e-05,1.5798758187619e-06,0,0
11928,GJ4130,300.17867,22.7065,2454341.6382152,-12.552675,1.49881,-2267.274686,1.39085,11.258806,1.229979,-2266.792479,0.985846,11.25133,1.229981,6.890394,12.277745,7.118957,2.589161,0.551769,0.001168,0.208541,0.001257,0.276856,0.00161,0,7.77654,49.956883,-0.020128,-2,70.1,2454341.63832,-10.134553,-10.134581,0,-9999999,0.030803,0.136899,0.856495,0.451404,0.981107,0.43,300,6.875845,12.279843,2007-08-29T03:11:19.965,-9999999,G2,079.C-0127(A),Mayor,-9999999,HARPS_ech_obs_all,HARPS_ech_obs_objAB,STAR_SKY_G2,4.40040238894484e-05,1.24504246955579e-06,0,0
11929,GJ4130,300.17867,22.7065,2454341.642264,-15.946686,1.463872,-2271.427905,1.365271,7.863524,1.187155,-2270.953308,0.949419,7.857716,1.187156,12.216884,9.915496,6.133242,2.086863,0.551458,0.001131,0.20985,0.001218,0.27662,0.001553,0,7.77392,49.988073,-0.020354,-2,72.4,2454341.64238,-10.145123,-10.145186,0,-9999999,0.030803,0.135628,0.856495,0.443794,0.981106,0.49,300,12.149775,9.922694,2007-08-29T03:16:51.794,-9999999,G2,079.C-0127(A),Mayor,-9999999,HARPS_ech_obs_all,HARPS_ech_obs_objAB,STAR_SKY_G2,4.78517838839424e-05,1.15460187598849e-06,0,0
11930,GJ4130,300.17867,22.7065,2454341.6459234,-16.051611,1.382182,-2270.088872,1.306727,7.757449,1.084825,-2269.621152,0.863114,7.751079,1.084826,-23.005245,8.708586,7.447225,2.183821,0.55213,0.001037,0.211834,0.001115,0.274834,0.001413,0,7.782839,50.002282,-0.016295,-2,78.7,2454341.64603,-10.154619,-10.154648,0,-9999999,0.030804,0.134478,0.856494,0.436916,0.981106,0.44,300,-23.048448,8.710248,2007-08-29T03:22:22.975,-9999999,G2,079.C-0127(A),Mayor,-9999999,HARPS_ech_obs_all,HARPS_ech_obs_objAB,STAR_SKY_G2,4.57520791643567e-05,1.03343351050988e-06,0,0
11931,GJ4130,300.17867,22.7065,2454341.6498674,-19.658302,1.373346,-2273.132579,1.301244,4.149519,1.073545,-2272.672271,0.854792,4.142071,1.073545,1.362593,9.513453,4.886745,2.302143,0.551826,0.001028,0.207608,0.001095,0.272933,0.001396,0,7.775486,50.037822,-0.022578,-2,79.4,2454341.64997,-10.164788,-10.164798,0,-9999999,0.030804,0.133239,0.856494,0.429504,0.981105,0.47,300,1.320335,9.515983,2007-08-29T03:27:54.755,-9999999,G2,079.C-0127(A),Mayor,-9999999,HARPS_ech_obs_all,HARPS_ech_obs_objAB,STAR_SKY_G2,4.72356595606548e-05,1.15376323045222e-06,0,0
