,target,ra,dec,BJD,RV_mlc_nzp,e_RV_mlc_nzp,RV_drs_nzp,e_RV_drs_nzp,RV_mlc,e_RV_mlc,RV_drs,e_RV_drs,RV_mlc_j,e_RV_mlc_j,CRX,e_CRX,dLW,e_dLW,Halpha,e_Halpha,NaD1,e_NaD1,NaD2,e_NaD2,f_RV,FWHM_DRS,CONTRAST_DRS,BIS,RVGUESS,SNR_DRS,BJD_DRS,BERV,BERV_DRS,DRIFT,e_DRIFT,SA,NZP_mlc,dNZP_mlc,NZP_drs,dNZP_drs,TMMEAN,EXPTIME,MLCRX,E_MLCRX,TIMEID,DRIFT_LAMP,MASK,PROGID,PROGPI,AIRMASS,OBHAB,THAR_FP,DPR_TYPE,RHKp,dRHKp,vsinflag,metflag
7301,GJ4340,353.32993,-77.38256,2452937.6004773,14.041131,0.973907,26585.890735,1.059218,14.196972,0.46357,26586.376209,0.399194,18.435467,0.463287,-7.134944,4.661032,-17.045845,1.158175,0.409147,0.000416,0.310156,0.000588,0.428438,0.000765,0,7.684799,51.679631,0.009324,26,170.9,2452937.60047,-13.907214,-13.907446,0,-9999999,0.0,0.367969,0.856503,0.485474,0.981115,0.5,371,-7.126014,4.683657,2003-10-25T02:21:48.561,-9999999,G2,072.C-0488(E),M. Mayor,-9999999,HARPS_ech_obs_all,HARPS_ech_obs_thosimult,STAR_WAVE_G2V,6.97110543773873e-06,6.2720062929795e-07,0,0
7302,GJ4340,353.32993,-77.38256,2453146.9323731,8.792862,0.976352,26579.815656,1.065017,8.333329,0.468581,26579.52868,0.414191,12.792719,0.469332,-4.094441,4.458101,-7.806251,1.263757,0.413645,0.000437,0.303383,0.000605,0.417882,0.000794,0,7.695183,51.624,0.009851,26,164.2,2453146.93236,11.624779,11.624893,0,-9999999,0.000109,-0.247406,0.85656,-0.287085,0.981176,0.5,300,-4.078748,4.475684,2004-05-21T10:17:58.766,-9999999,G2,072.C-0488(E),Mayor,-9999999,HARPS_ech_obs_all,HARPS_ech_obs_thosimult,STAR_WAVE_G2,7.30824819497289e-06,5.91912631335131e-07,0,0
7303,GJ4340,353.32993,-77.38256,2453149.9344721,15.981271,1.076236,26586.729734,1.125385,15.694805,0.651603,26586.864989,0.551164,20.171637,0.65272,1.488113,6.720712,-12.920577,1.812565,0.417391,0.000642,0.315144,0.000882,0.430933,0.001155,0,7.678997,51.677401,0.007602,26,114.0,2453149.93447,11.222703,11.22282,0,-9999999,0.000111,-0.074339,0.856561,0.135144,0.981178,0.48,280,1.499622,6.733044,2004-05-24T10:21:05.918,-9999999,G2,072.C-0488(E),Mayor,-9999999,HARPS_ech_obs_all,HARPS_ech_obs_thosimult,STAR_WAVE_G2,3.15657790504772e-06,6.99034528178933e-07,0,0
7304,GJ4340,353.32993,-77.38256,2453151.9506462,11.193706,0.822826,26581.675442,0.944779,9.961029,0.600105,26580.60122,0.519163,14.377593,0.600412,-8.248995,5.355841,0.393769,1.528434,0.413226,0.000532,0.31023,0.000743,0.433689,0.000973,0,7.685199,51.527821,0.00653,26,134.7,2453151.95064,10.9289,10.929019,0,-9999999,0.000112,-1.02055,0.562953,-1.074334,0.789352,0.5,213,-8.221762,5.36829,2004-05-26T10:44:45.039,-9999999,G2,072.C-0488(E),Mayor,-9999999,HARPS_ech_obs_all,HARPS_ech_obs_thosimult,STAR_WAVE_G2,5.44923571084463e-06,6.41375907225303e-07,0,0
7305,GJ4340,353.32993,-77.38256,2453202.832135,11.463045,0.994014,26582.417559,1.066738,9.268155,0.50443,26580.765901,0.418716,13.52586,0.507931,-6.551506,4.144272,-8.861248,1.230297,0.409974,0.000437,0.316883,0.00062,0.432837,0.000813,0,7.682317,51.591958,0.007496,27,161.4,2453202.83213,0.858445,0.858622,0,-9999999,0.000138,-1.982762,0.856513,-1.651796,0.981126,0.49,120,-6.537455,4.166855,2004-07-16T07:53:21.478,-9999999,G2,072.C-0488(E),Mayor,-9999999,HARPS_ech_obs_all,HARPS_ech_obs_thosimult,STAR_WAVE_G2,5.42313757157583e-06,6.05367980348956e-07,0,0
7306,GJ4340,353.32993,-77.38256,2453202.8338809,13.523808,0.968986,26584.770274,1.050723,11.32837,0.453121,26583.115335,0.376046,15.610229,0.456591,1.534696,5.238031,-7.078373,1.215826,0.410824,0.000401,0.318809,0.000563,0.432446,0.000736,0,7.684411,51.585591,0.007394,27,178.2,2453202.83388,0.85708,0.857252,0,-9999999,0.000138,-1.983311,0.856513,-1.655077,0.981126,0.49,120,1.549157,5.255959,2004-07-16T07:55:52.327,-9999999,G2,072.C-0488(E),Mayor,-9999999,HARPS_ech_obs_all,HARPS_ech_obs_thosimult,STAR_WAVE_G2,7.83791218737733e-06,5.26531435817599e-07,0,0
7307,GJ4340,353.32993,-77.38256,2453202.8355555,12.807115,0.980039,26584.144126,1.057205,10.611151,0.476299,26582.486039,0.393791,14.887727,0.480107,-0.857203,4.970392,-6.152465,1.083279,0.409922,0.000413,0.317315,0.000584,0.433086,0.000765,0,7.683143,51.573901,0.006368,27,171.4,2453202.83555,0.855769,0.855949,1,-9999999,0.000138,-1.983837,0.856514,-1.658225,0.981127,0.44,120,-0.835208,4.987919,2004-07-16T07:58:23.007,-9999999,G2,072.C-0488(E),Mayor,-9999999,HARPS_ech_obs_all,HARPS_ech_obs_thosimult,STAR_WAVE_G2,5.40475199984203e-06,5.44437914375839e-07,0,0
7308,GJ4340,353.32993,-77.38256,2453202.8373526,9.479617,0.981843,26581.317954,1.05874,7.283088,0.479998,26579.65649,0.397894,11.604166,0.483751,1.481647,4.550679,-7.45904,1.363731,0.410916,0.000422,0.316154,0.000592,0.433287,0.000778,0,7.680932,51.588827,0.00953,27,168.8,2453202.83735,0.85436,0.854537,0,-9999999,0.000138,-1.984401,0.856515,-1.661602,0.981128,0.47,120,1.493775,4.568417,2004-07-16T08:00:54.677,-9999999,G2,072.C-0488(E),Mayor,-9999999,HARPS_ech_obs_all,HARPS_ech_obs_thosimult,STAR_WAVE_G2,9.14429822987398e-06,4.15552301865462e-07,0,0
7309,GJ4340,353.32993,-77.38256,2453202.8391443,10.849606,1.002682,26581.73278,1.070896,8.652514,0.5213,26580.067948,0.429191,12.725144,0.524986,4.617396,4.701478,-9.305585,1.439004,0.410062,0.000444,0.316715,0.000632,0.43221,0.000829,0,7.679625,51.598322,0.008486,27,158.1,2453202.83913,0.852954,0.853134,0,-9999999,0.000138,-1.984964,0.856515,-1.66497,0.981128,0.5,120,4.627423,4.717109,2004-07-16T08:03:25.877,-9999999,G2,072.C-0488(E),Mayor,-9999999,HARPS_ech_obs_all,HARPS_ech_obs_thosimult,STAR_WAVE_G2,6.42985109364817e-06,5.90596003963237e-07,0,0
7310,GJ4340,353.32993,-77.38256,2453265.7322247,8.52955,0.917379,26580.226761,1.020073,6.786672,0.328642,26578.786032,0.279258,11.030949,0.329603,1.080699,2.866039,-25.468597,1.605995,0.409376,0.00028,0.310994,0.000399,0.415513,0.000517,0,7.692,51.693566,0.009736,27,251.3,2453265.73222,-11.689341,-11.689234,1,-9999999,0.000171,-1.53075,0.856492,-1.4409,0.981103,0.48,300,1.093016,2.893333,2004-09-17T05:29:51.815,-9999999,G2,072.C-0488(E),Mayor,-9999999,HARPS_ech_obs_all,HARPS_ech_obs_thosimult,STAR_WAVE_G2,7.4844762712217e-06,4.11239957345384e-07,0,0
7311,GJ4340,353.32993,-77.38256,2453265.7360156,9.32326,0.927466,26580.781178,1.02764,7.579191,0.355829,26579.333324,0.305744,11.799085,0.35622,2.37067,3.541158,-25.682243,1.316746,0.409515,0.000304,0.311276,0.000436,0.414771,0.000564,0,7.688953,51.684209,0.009467,27,229.8,2453265.73601,-11.691871,-11.691768,1,-9999999,0.000171,-1.531941,0.856492,-1.448025,0.981104,0.47,300,2.38385,3.566154,2004-09-17T05:35:22.364,-9999999,G2,072.C-0488(E),Mayor,-9999999,HARPS_ech_obs_all,HARPS_ech_obs_thosimult,STAR_WAVE_G2,7.61807700277675e-06,3.8708007241868e-07,0,0
7312,GJ4340,353.32993,-77.38256,2453265.7399182,10.839857,0.934057,26582.653403,1.032607,9.094563,0.372671,26581.198214,0.322043,13.423355,0.372931,1.584037,4.109289,-22.689574,1.213381,0.409819,0.000323,0.310939,0.000461,0.415386,0.000597,0,7.688317,51.672132,0.008513,27,217.4,2453265.73991,-11.69446,-11.694356,1,-9999999,0.000171,-1.533167,0.856493,-1.45536,0.981104,0.49,300,1.591563,4.132651,2004-09-17T05:40:53.564,-9999999,G2,072.C-0488(E),Mayor,-9999999,HARPS_ech_obs_all,HARPS_ech_obs_thosimult,STAR_WAVE_G2,7.82686573265719e-06,4.11713416594032e-07,0,0
7313,GJ4340,353.32993,-77.38256,2453266.6827105,12.311979,0.982576,26583.614432,1.068788,10.584655,0.481539,26582.266766,0.423965,14.788106,0.48086,1.000187,4.767915,-17.601386,1.382917,0.414989,0.00043,0.318158,0.000609,0.416668,0.000792,0,7.687981,51.641998,0.008719,27,164.6,2453266.68271,-11.784583,-11.784481,1,-9999999,0.000172,-1.515197,0.856491,-1.347838,0.981102,0.5,300,1.004087,4.787146,2004-09-18T04:18:31.005,-9999999,G2,072.C-0488(E),Mayor,-9999999,HARPS_ech_obs_all,HARPS_ech_obs_thosimult,STAR_WAVE_G2,9.83882770883166e-06,5.69257868963255e-07,0,0
7314,GJ4340,353.32993,-77.38256,2453266.6864681,9.555726,1.020603,26582.040836,1.095794,7.827221,0.555027,26580.686108,0.488061,11.98137,0.553341,-9.178181,5.143809,-16.37558,1.409039,0.414985,0.000499,0.317601,0.000706,0.414086,0.000915,0,7.685332,51.637181,0.012321,27,142.2,2453266.68646,-11.78716,-11.787053,1,-9999999,0.000172,-1.516377,0.856491,-1.3549,0.981102,0.48,300,-9.16877,5.159691,2004-09-18T04:24:01.673,-9999999,G2,072.C-0488(E),Mayor,-9999999,HARPS_ech_obs_all,HARPS_ech_obs_thosimult,STAR_WAVE_G2,8.53457043212652e-06,5.536237832905e-07,0,0
7315,GJ4340,353.32993,-77.38256,2453266.6904446,8.295316,0.972586,26579.47971,1.06165,6.565562,0.460812,26578.117508,0.405634,10.797627,0.460117,2.163675,4.11485,-19.638917,1.340426,0.41441,0.000418,0.317643,0.000587,0.417907,0.000765,0,7.686872,51.654179,0.00659,27,170.7,2453266.69044,-11.789886,-11.789784,1,-9999999,0.000172,-1.517626,0.856491,-1.362374,0.981102,0.52,300,2.17188,4.136882,2004-09-18T04:29:33.253,-9999999,G2,072.C-0488(E),Mayor,-9999999,HARPS_ech_obs_all,HARPS_ech_obs_thosimult,STAR_WAVE_G2,7.83533196693776e-06,4.69506208437622e-07,0,0
7316,GJ4340,353.32993,-77.38256,2453267.6646605,9.662881,0.949243,26580.924378,1.043988,7.941227,0.409248,26579.610638,0.356857,12.216766,0.409295,5.350617,4.00498,-20.052461,1.284904,0.414867,0.00036,0.317739,0.00051,0.427568,0.000665,0,7.686826,51.66604,0.007273,27,196.1,2453267.66465,-11.897666,-11.897554,1,-9999999,0.000172,-1.509527,0.856492,-1.313912,0.981103,0.52,300,5.365737,4.028877,2004-09-19T03:52:28.838,-9999999,G2,072.C-0488(E),Mayor,-9999999,HARPS_ech_obs_all,HARPS_ech_obs_thosimult,STAR_WAVE_G2,7.80593559239617e-06,5.17078161568836e-07,0,0
7317,GJ4340,353.32993,-77.38256,2453267.6684265,10.768831,0.956117,26581.869307,1.048482,9.045994,0.424949,26580.548488,0.3698,13.31565,0.424542,0.727467,4.304055,-20.23321,1.222084,0.414335,0.000373,0.318038,0.000529,0.428815,0.000691,0,7.686156,51.663483,0.007962,27,189.0,2453267.66842,-11.900222,-11.900116,1,-9999999,0.000172,-1.51071,0.856492,-1.320991,0.981103,0.5,300,0.733412,4.328117,2004-09-19T03:58:00.227,-9999999,G2,072.C-0488(E),Mayor,-9999999,HARPS_ech_obs_all,HARPS_ech_obs_thosimult,STAR_WAVE_G2,7.38092527706295e-06,5.11101194959018e-07,0,0
7318,GJ4340,353.32993,-77.38256,2453267.6722611,10.019133,0.985515,26581.840003,1.070713,8.295091,0.487507,26580.511977,0.428794,12.682919,0.486497,2.014594,4.470036,-16.300176,1.286833,0.41474,0.000433,0.318753,0.000615,0.427686,0.0008,0,7.687396,51.630504,0.009439,27,163.2,2453267.67225,-11.90283,-11.902722,1,-9999999,0.000172,-1.511914,0.856492,-1.328198,0.981103,0.5,300,2.024843,4.494038,2004-09-19T04:03:31.556,-9999999,G2,072.C-0488(E),Mayor,-9999999,HARPS_ech_obs_all,HARPS_ech_obs_thosimult,STAR_WAVE_G2,7.0012884488481e-06,6.41655334923304e-07,0,0
7319,GJ4340,353.32993,-77.38256,2453269.7199128,12.752835,1.16268,26582.014492,1.121055,11.013825,0.786288,26582.699046,0.680085,15.329459,0.784455,-6.506407,6.930136,-11.164084,1.780925,0.41063,0.000694,0.318134,0.00099,0.429645,0.001292,0,7.688306,51.603606,0.012487,27,101.9,2453269.7199,-12.174304,-12.174196,0,-9999999,0.000173,-1.526883,0.856491,0.684381,0.891206,0.45,300,-6.496778,6.941159,2004-09-21T05:12:30.763,-9999999,G2,072.C-0488(E),Mayor,-9999999,HARPS_ech_obs_all,HARPS_ech_obs_thosimult,STAR_WAVE_G2,6.60428120438181e-06,8.82629036110306e-07,0,0
7320,GJ4340,353.32993,-77.38256,2453269.7241304,11.116735,1.082534,26581.448346,1.061033,9.3764,0.662045,26582.124973,0.575796,13.652458,0.660443,-1.973645,5.794531,-6.684792,1.798612,0.411626,0.000585,0.317361,0.00083,0.429006,0.001084,0,7.689706,51.58681,0.009248,27,121.0,2453269.72413,-12.17706,-12.176957,0,-9999999,0.000173,-1.528208,0.856491,0.676454,0.891207,0.56,300,-1.957547,5.805633,2004-09-21T05:18:02.172,-9999999,G2,072.C-0488(E),Mayor,-9999999,HARPS_ech_obs_all,HARPS_ech_obs_thosimult,STAR_WAVE_G2,7.81138346570845e-06,7.8817050749967e-07,0,0
7321,GJ4340,353.32993,-77.38256,2453269.7275376,9.915005,1.095802,26579.632345,1.072629,8.1736,0.683523,26580.302568,0.596895,12.406433,0.681361,-7.953634,6.174975,-10.292019,1.500752,0.409706,0.000604,0.317021,0.000861,0.426962,0.001121,0,7.692662,51.596008,0.007167,27,116.7,2453269.72753,-12.179274,-12.179168,0,-9999999,0.000173,-1.529278,0.856491,0.67005,0.891207,0.44,300,-7.944922,6.185652,2004-09-21T05:23:32.571,-9999999,G2,072.C-0488(E),Mayor,-9999999,HARPS_ech_obs_all,HARPS_ech_obs_thosimult,STAR_WAVE_G2,6.04074699745582e-06,8.32108680346187e-07,0,0
7322,GJ4340,353.32993,-77.38256,2453295.6874992,6.873432,0.94204,26578.345861,1.063918,5.6885,0.71555,26577.03481,0.644488,9.795604,0.715025,-1.521278,6.066581,-13.207184,1.703897,0.410172,0.000711,0.30975,0.001001,0.428472,0.001307,0,7.693572,51.676085,0.007106,27,101.1,2453295.6875,-13.939479,-13.939465,0,-9999999,0.000187,-0.972804,0.612722,-1.311238,0.846497,0.52,60,-1.519461,6.073924,2004-10-17T04:29:13.087,-9999999,G2,072.C-0488(E),Mayor,-9999999,HARPS_ech_obs_all,HARPS_ech_obs_thosimult,STAR_WAVE_G2,6.58251186811023e-06,8.38472675860019e-07,0,0
7323,GJ4340,353.32993,-77.38256,2453295.6885408,5.139383,0.985041,26576.960879,1.091777,3.954124,0.771283,26575.64787,0.689507,8.268506,0.770462,0.597198,5.812405,-19.097309,2.35097,0.410339,0.000725,0.30768,0.001044,0.429641,0.001369,0,7.691034,51.707507,0.007956,27,96.5,2453295.68854,-13.940002,-13.939992,0,-9999999,0.000187,-0.973131,0.612722,-1.313196,0.846497,0.51,60,0.594565,5.818829,2004-10-17T04:30:43.686,-9999999,G2,072.C-0488(E),Mayor,-9999999,HARPS_ech_obs_all,HARPS_ech_obs_thosimult,STAR_WAVE_G2,8.46212005496821e-06,8.98122888236537e-07,0,0
7324,GJ4340,353.32993,-77.38256,2453295.6896001,2.956638,0.952901,26575.121371,1.069966,1.771046,0.729789,26573.806371,0.654424,6.096812,0.728946,4.421681,6.460278,-20.567721,2.285698,0.409089,0.000696,0.309072,0.000997,0.430794,0.001306,0,7.684446,51.721828,0.006886,27,101.2,2453295.68959,-13.940532,-13.940518,0,-9999999,0.000187,-0.973464,0.612722,-1.315187,0.846497,0.51,60,4.424882,6.464356,2004-10-17T04:32:15.214,-9999999,G2,072.C-0488(E),Mayor,-9999999,HARPS_ech_obs_all,HARPS_ech_obs_thosimult,STAR_WAVE_G2,6.20844943978767e-06,9.30948189872118e-07,0,0
7325,GJ4340,353.32993,-77.38256,2453295.6906186,3.624571,0.95363,26575.044351,1.072117,2.438659,0.73074,26573.727437,0.657934,6.832369,0.730151,9.516516,5.866524,-19.032588,2.014964,0.409344,0.0007,0.30764,0.001,0.431721,0.001315,0,7.686921,51.709014,0.007793,27,100.6,2453295.69061,-13.941039,-13.941024,0,-9999999,0.000187,-0.973784,0.612722,-1.317101,0.846497,0.47,60,9.506692,5.875544,2004-10-17T04:33:45.613,-9999999,G2,072.C-0488(E),Mayor,-9999999,HARPS_ech_obs_all,HARPS_ech_obs_thosimult,STAR_WAVE_G2,6.57729828190475e-06,8.10897583210235e-07,0,0
7326,GJ4340,353.32993,-77.38256,2453295.6916691,3.883439,0.919679,26575.597965,1.047698,2.697198,0.685844,26574.279076,0.617345,7.043065,0.685186,9.946151,5.583477,-18.625201,1.925364,0.409995,0.000658,0.307647,0.000936,0.428341,0.001226,0,7.685059,51.710505,0.007857,27,107.5,2453295.69166,-13.941561,-13.941546,0,-9999999,0.000187,-0.974114,0.612722,-1.319076,0.846497,0.47,60,9.945106,5.589849,2004-10-17T04:35:16.382,-9999999,G2,072.C-0488(E),Mayor,-9999999,HARPS_ech_obs_all,HARPS_ech_obs_thosimult,STAR_WAVE_G2,2.78310392920511e-06,1.06429227524936e-06,0,0
7327,GJ4340,353.32993,-77.38256,2453295.6927488,3.372004,0.924945,26574.740577,1.052427,2.185423,0.692889,26573.419659,0.625336,6.430971,0.692233,-6.466106,6.37158,-19.881113,1.741934,0.410701,0.000679,0.308728,0.00096,0.428628,0.001256,0,7.685519,51.702213,0.00759,27,105.0,2453295.69274,-13.942095,-13.942082,0,-9999999,0.000187,-0.974453,0.612722,-1.321105,0.846497,0.51,60,-6.463521,6.378098,2004-10-17T04:36:47.271,-9999999,G2,072.C-0488(E),Mayor,-9999999,HARPS_ech_obs_all,HARPS_ech_obs_thosimult,STAR_WAVE_G2,3.84369006402519e-06,9.00342110804995e-07,0,0
7328,GJ4340,353.32993,-77.38256,2453295.6937871,3.945762,0.923142,26576.165894,1.050206,2.758855,0.69048,26574.843024,0.621591,7.078266,0.689731,-0.102935,5.885954,-18.799527,1.986923,0.409974,0.000666,0.309373,0.000948,0.429409,0.00124,0,7.686384,51.705456,0.010024,27,106.4,2453295.69378,-13.942606,-13.942594,0,-9999999,0.000187,-0.974779,0.612722,-1.323057,0.846497,0.49,60,-0.099363,5.892893,2004-10-17T04:38:18.190,-9999999,G2,072.C-0488(E),Mayor,-9999999,HARPS_ech_obs_all,HARPS_ech_obs_thosimult,STAR_WAVE_G2,4.8537587529249e-06,9.58301549252828e-07,0,0
7329,GJ4340,353.32993,-77.38256,2453295.6948688,5.804897,0.946854,26577.523509,1.067489,4.61765,0.721875,26576.198606,0.650366,8.783006,0.721146,8.801006,7.041819,-15.31488,2.34998,0.409468,0.000698,0.310147,0.000996,0.428988,0.001302,0,7.690137,51.679864,0.007744,27,101.5,2453295.69487,-13.943137,-13.943126,0,-9999999,0.000187,-0.975119,0.612722,-1.32509,0.846497,0.52,60,8.800996,7.049308,2004-10-17T04:39:49.849,-9999999,G2,072.C-0488(E),Mayor,-9999999,HARPS_ech_obs_all,HARPS_ech_obs_thosimult,STAR_WAVE_G2,5.42130310185648e-06,8.85542123087811e-07,0,0
7330,GJ4340,353.32993,-77.38256,2453295.6959277,6.68472,1.000832,26578.551038,1.101787,5.497141,0.791351,26577.224145,0.70525,9.864797,0.790453,2.333589,7.32127,-19.351901,2.039834,0.410049,0.00075,0.309772,0.001078,0.42957,0.001409,0,7.69105,51.716635,0.002266,27,93.9,2453295.69592,-13.943655,-13.94364,0,-9999999,0.000187,-0.975452,0.612722,-1.32708,0.846497,0.53,60,2.331781,7.328255,2004-10-17T04:41:20.738,-9999999,G2,072.C-0488(E),Mayor,-9999999,HARPS_ech_obs_all,HARPS_ech_obs_thosimult,STAR_WAVE_G2,8.10485653357225e-06,8.56006125972385e-07,0,0
7331,GJ4340,353.32993,-77.38256,2453295.6969368,6.097969,0.96294,26577.887611,1.077939,4.910073,0.74285,26576.558822,0.66738,9.163406,0.742017,-5.507338,7.050465,-16.942018,1.999447,0.409321,0.000716,0.309765,0.001022,0.429756,0.001336,0,7.689747,51.692846,0.006677,27,98.9,2453295.69693,-13.944146,-13.944134,0,-9999999,0.000187,-0.975769,0.612722,-1.328976,0.846497,0.48,60,-5.509758,7.058048,2004-10-17T04:42:50.937,-9999999,G2,072.C-0488(E),Mayor,-9999999,HARPS_ech_obs_all,HARPS_ech_obs_thosimult,STAR_WAVE_G2,1.08966606074768e-05,8.64687496126919e-07,0,0
7332,GJ4340,353.32993,-77.38256,2453339.5645333,10.942779,0.900556,26581.64588,1.005307,9.896225,0.27818,26581.770736,0.21916,14.175089,0.280831,-7.05798,3.153938,-38.540168,2.088863,0.408759,0.000222,0.310278,0.000316,0.424565,0.00041,0,7.694346,51.78394,0.008246,27,316.9,2453339.56453,-10.668273,-10.668407,0,-9999999,0.00021,-0.834426,0.856514,0.124646,0.981127,0.51,270,-7.021298,3.17311,2004-11-30T01:33:05.489,-9999999,G2,072.C-0488(E),Mayor,-9999999,HARPS_ech_obs_all,HARPS_ech_obs_thosimult,STAR_WAVE_G2,7.51069133555857e-06,3.9326121098353e-07,0,0
7333,GJ4340,353.32993,-77.38256,2453339.5679191,9.912884,0.901417,26580.705481,1.005755,8.865266,0.280959,26580.823973,0.221211,13.126877,0.283627,-6.695999,2.687718,-38.431485,2.061474,0.40878,0.000221,0.310446,0.000316,0.424747,0.000411,0,7.694007,51.770211,0.0094,27,316.2,2453339.56791,-10.66939,-10.669523,0,-9999999,0.00021,-0.83549,0.856513,0.118282,0.981126,0.48,270,-6.65647,2.715387,2004-11-30T01:38:06.128,-9999999,G2,072.C-0488(E),Mayor,-9999999,HARPS_ech_obs_all,HARPS_ech_obs_thosimult,STAR_WAVE_G2,8.03312570449159e-06,3.57315554674477e-07,0,0
7334,GJ4340,353.32993,-77.38256,2453339.571465,10.035473,0.902861,26580.755928,1.007343,8.986742,0.285561,26580.867756,0.228332,13.233122,0.28778,-4.967363,3.053657,-35.854019,1.996968,0.408568,0.00023,0.310487,0.000328,0.424339,0.000426,0,7.694169,51.756379,0.008389,27,305.0,2453339.57146,-10.670538,-10.670674,0,-9999999,0.00021,-0.836604,0.856512,0.111618,0.981125,0.5,270,-4.936393,3.071171,2004-11-30T01:43:07.108,-9999999,G2,072.C-0488(E),Mayor,-9999999,HARPS_ech_obs_all,HARPS_ech_obs_thosimult,STAR_WAVE_G2,7.08265851375227e-06,3.71097300863729e-07,0,0
7335,GJ4340,353.32993,-77.38256,2453543.8968599,2.035864,0.705298,26574.362666,0.893603,1.583776,0.304998,26572.959993,0.23983,5.800145,0.306606,-4.856272,3.560499,-3.13234,0.919858,0.412139,0.00026,0.306987,0.000362,0.421067,0.000476,0,7.683018,51.571132,0.007989,27,273.8,2453543.89685,6.198687,6.198858,0,-9999999,0.000317,-0.239961,0.635942,-1.40299,0.860818,0.49,420,-4.843319,3.579123,2005-06-22T09:24:32.047,-9999999,G2,072.C-0488(E),Mayor,-9999999,HARPS_ech_obs_all,HARPS_ech_obs_thosimult,STAR_WAVE_G2,8.41165741802787e-06,3.23634052123033e-07,0,0
7336,GJ4340,353.32993,-77.38256,2453543.9020374,4.51176,0.721183,26576.943719,0.902585,4.058045,0.340115,26575.531315,0.271381,8.345325,0.341786,-5.747856,3.465686,-1.872545,0.95195,0.412298,0.000295,0.307326,0.000412,0.422901,0.000541,0,7.683876,51.560918,0.008074,27,241.5,2453543.90204,6.194777,6.194944,0,-9999999,0.000317,-0.241587,0.635945,-1.412721,0.860821,0.48,420,-5.741391,3.48844,2005-06-22T09:32:03.571,-9999999,G2,072.C-0488(E),Mayor,-9999999,HARPS_ech_obs_all,HARPS_ech_obs_thosimult,STAR_WAVE_G2,7.72876978355907e-06,3.63407541100772e-07,0,0
7337,GJ4340,353.32993,-77.38256,2453544.9218166,2.802565,0.912363,26573.913593,1.01207,2.540817,0.314202,26573.813597,0.248178,6.720318,0.315884,6.304866,3.13396,-3.143224,0.932161,0.411886,0.000267,0.30632,0.000373,0.431415,0.000491,0,7.680595,51.561939,0.00774,27,265.6,2453544.92181,5.973104,5.973269,0,-9999999,0.000317,-0.04962,0.856553,-0.100313,0.98117,0.47,420,6.304633,3.160107,2005-06-23T10:00:34.910,-9999999,G2,072.C-0488(E),Mayor,-9999999,HARPS_ech_obs_all,HARPS_ech_obs_thosimult,STAR_WAVE_G2,7.46993866344631e-06,4.10908976014318e-07,0,0
7338,GJ4340,353.32993,-77.38256,2453544.9273889,2.92805,0.912742,26574.202389,1.012185,2.664552,0.31529,26574.091919,0.248632,6.876076,0.316857,0.879352,3.251579,-4.017014,0.868573,0.411884,0.000269,0.305797,0.000374,0.43136,0.000493,0,7.683394,51.564305,0.008586,27,264.7,2453544.92738,5.968834,5.968999,0,-9999999,0.000317,-0.051371,0.856557,-0.110787,0.981173,0.54,420,0.881158,3.27583,2005-06-23T10:08:06.954,-9999999,G2,072.C-0488(E),Mayor,-9999999,HARPS_ech_obs_all,HARPS_ech_obs_thosimult,STAR_WAVE_G2,-9999999.0,-9999999.0,-9999999,-9999999
7339,GJ4340,353.32993,-77.38256,2453547.9263759,1.93203,0.919664,26573.481445,1.016753,1.66885,0.334803,26573.372881,0.266621,5.867374,0.336083,-3.518399,3.499608,2.478843,0.803603,0.412765,0.000289,0.307439,0.000403,0.42266,0.00053,0,7.689504,51.541054,0.009787,27,246.4,2453547.92637,5.33988,5.34004,-1,-9999999,0.000319,-0.051053,0.856556,-0.108883,0.981172,0.47,420,-3.510587,3.513331,2005-06-26T10:07:03.939,-9999999,G2,072.C-0488(E),Mayor,-9999999,HARPS_ech_obs_all,HARPS_ech_obs_thosimult,STAR_WAVE_G2,8.04547329877114e-06,3.36651313890907e-07,0,0
7340,GJ4340,353.32993,-77.38256,2453547.9316413,2.936216,0.923798,26574.131054,1.019571,2.671382,0.34599,26574.012594,0.277162,6.952328,0.347282,-4.424411,3.755288,2.178833,1.171156,0.411188,0.000305,0.308183,0.000424,0.422807,0.000557,0,7.689314,51.541214,0.007571,27,234.8,2453547.93164,5.335827,5.335987,-1,-9999999,0.000319,-0.052707,0.856559,-0.118779,0.981176,0.48,420,-4.412685,3.77049,2005-06-26T10:14:34.663,-9999999,G2,072.C-0488(E),Mayor,-9999999,HARPS_ech_obs_all,HARPS_ech_obs_thosimult,STAR_WAVE_G2,7.76181343818039e-06,4.25900244126427e-07,0,0
7341,GJ4340,353.32993,-77.38256,2453550.9186391,5.929317,0.97566,26576.601583,1.050119,5.668567,0.467152,26576.507562,0.374245,9.948489,0.468211,-0.656935,4.575508,3.578278,1.199858,0.409582,0.00041,0.312781,0.000571,0.431547,0.000752,0,7.687856,51.537835,0.007261,27,174.6,2453550.91863,4.700446,4.700619,1,-9999999,0.00032,-0.048622,0.856552,-0.094341,0.981168,0.52,420,-0.641508,4.591804,2005-06-29T09:55:30.144,-9999999,G2,072.C-0488(E),Mayor,-9999999,HARPS_ech_obs_all,HARPS_ech_obs_thosimult,STAR_WAVE_G2,8.69187569199125e-06,4.83634636556569e-07,0,0
7342,GJ4340,353.32993,-77.38256,2453550.9239037,1.229096,0.973794,26572.566484,1.048786,0.966692,0.463238,26572.462568,0.370479,5.069301,0.464717,-0.153421,3.869789,1.725998,1.196621,0.411151,0.000407,0.311836,0.000566,0.432904,0.000747,0,7.685899,51.544993,0.010082,27,176.1,2453550.9239,4.696366,4.696539,1,-9999999,0.00032,-0.050276,0.856555,-0.104236,0.981171,0.53,420,-0.135371,3.881676,2005-06-29T10:03:00.797,-9999999,G2,072.C-0488(E),Mayor,-9999999,HARPS_ech_obs_all,HARPS_ech_obs_thosimult,STAR_WAVE_G2,7.51202699535666e-06,5.9267732429294e-07,0,0
7343,GJ4340,353.32993,-77.38256,2453551.9250883,5.895119,0.928364,26577.17647,1.021803,5.614047,0.358012,26577.128109,0.285279,9.751455,0.35933,0.418135,3.356943,0.148272,0.900412,0.411738,0.000312,0.307538,0.000433,0.42312,0.00057,0,7.68228,51.549526,0.006292,27,229.5,2453551.92508,4.476892,4.477068,1,-9999999,0.000321,-0.068944,0.856555,-0.048682,0.981172,0.5,420,0.431531,3.378889,2005-06-30T10:04:54.425,-9999999,G2,072.C-0488(E),Mayor,-9999999,HARPS_ech_obs_all,HARPS_ech_obs_thosimult,STAR_WAVE_G2,7.46269947019388e-06,4.57318269900322e-07,0,0
7344,GJ4340,353.32993,-77.38256,2453551.9302818,2.503245,0.932823,26573.720713,1.024594,2.220542,0.369414,26573.662591,0.295109,6.508999,0.371055,-5.623995,3.254776,0.122062,1.001433,0.412466,0.00032,0.308123,0.000447,0.422962,0.000588,0,7.683323,51.558473,0.009416,27,222.7,2453551.93028,4.472875,4.47305,0,-9999999,0.000321,-0.070575,0.856558,-0.058443,0.981175,0.49,420,-5.613141,3.275256,2005-06-30T10:12:27.329,-9999999,G2,072.C-0488(E),Mayor,-9999999,HARPS_ech_obs_all,HARPS_ech_obs_thosimult,STAR_WAVE_G2,8.10455645174318e-06,4.78262498863467e-07,0,0
7345,GJ4340,353.32993,-77.38256,2453574.8172736,-1.567343,0.812225,26570.073476,0.726176,-3.174536,0.263463,26568.444342,0.205468,1.096683,0.266998,-0.129747,2.882371,-0.874104,0.870817,0.410886,0.000219,0.316321,0.000308,0.433178,0.000405,0,7.68839,51.548392,0.006109,27,322.2,2453574.81727,-0.694911,-0.694737,0,-9999999,0.000333,-1.395065,0.768308,-1.629467,0.696501,0.5,450,-0.093159,2.886515,2005-07-23T07:29:11.647,-9999999,G2,072.C-0488(E),Mayor,-9999999,HARPS_ech_obs_all,HARPS_ech_obs_thosimult,STAR_WAVE_G2,7.96102047147735e-06,2.90198068579306e-07,0,0
7346,GJ4340,353.32993,-77.38256,2453574.8228842,1.638833,0.811843,26573.413656,0.725954,0.029878,0.262275,26571.773977,0.204675,4.281241,0.265941,-5.477112,2.887481,-3.263018,0.896821,0.410812,0.00022,0.316534,0.000308,0.4332,0.000405,0,7.686283,51.560032,0.00749,27,322.8,2453574.82288,-0.699303,-0.699136,0,-9999999,0.000333,-1.396828,0.76831,-1.640012,0.696504,0.51,450,-5.43918,2.899294,2005-07-23T07:37:11.905,-9999999,G2,072.C-0488(E),Mayor,-9999999,HARPS_ech_obs_all,HARPS_ech_obs_thosimult,STAR_WAVE_G2,7.00822519133833e-06,3.52738249346268e-07,0,0
7347,GJ4340,353.32993,-77.38256,2453575.8155128,0.234709,0.654173,26571.410524,0.58191,-1.025449,0.302386,26570.588217,0.240023,3.212936,0.305795,2.734555,3.588047,-2.483737,0.971262,0.411528,0.000261,0.317198,0.000364,0.42346,0.000477,0,7.686246,51.555948,0.007918,27,273.7,2453575.8155,-0.924251,-0.924072,1,-9999999,0.000333,-1.04803,0.58009,-0.82264,0.530102,0.5,450,2.765948,3.598825,2005-07-24T07:26:39.757,-9999999,G2,072.C-0488(E),Mayor,-9999999,HARPS_ech_obs_all,HARPS_ech_obs_thosimult,STAR_WAVE_G2,7.93150572658938e-06,3.45618964289896e-07,0,0
7348,GJ4340,353.32993,-77.38256,2453575.8210257,2.555146,0.643532,26573.707955,0.573362,1.293257,0.278614,26572.875286,0.218477,5.5294,0.282062,1.554036,3.349567,-2.902593,0.902982,0.411171,0.000237,0.31669,0.00033,0.423338,0.000434,0,7.686843,51.558971,0.007271,27,301.1,2453575.82102,-0.92857,-0.928402,2,-9999999,0.000333,-1.049762,0.580093,-0.833002,0.530105,0.49,450,1.579193,3.366637,2005-07-24T07:34:40.565,-9999999,G2,072.C-0488(E),Mayor,-9999999,HARPS_ech_obs_all,HARPS_ech_obs_thosimult,STAR_WAVE_G2,7.20128963096392e-06,3.20895268905382e-07,0,0
7349,GJ4340,353.32993,-77.38256,2453576.8472121,7.556338,0.937057,26578.966205,0.983543,4.50637,0.499944,26576.464444,0.407812,8.785673,0.503656,2.223747,4.876927,2.983104,1.298521,0.41582,0.000447,0.308453,0.000623,0.433682,0.00082,0,7.687499,51.53693,0.008094,27,160.0,2453576.8472,-1.180096,-1.179916,0,-9999999,0.000334,-2.83784,0.792547,-2.502095,0.895012,0.51,450,2.255866,4.890257,2005-07-25T08:12:14.386,-9999999,G2,072.C-0488(E),Mayor,-9999999,HARPS_ech_obs_all,HARPS_ech_obs_thosimult,STAR_WAVE_G2,6.60634600621087e-06,5.03750729750001e-07,0,0
7350,GJ4340,353.32993,-77.38256,2453576.8525205,3.901412,0.957474,26574.434925,0.996684,0.849777,0.537235,26571.923187,0.438552,4.995052,0.540894,-2.399017,5.266417,2.954406,1.454385,0.41569,0.000485,0.309428,0.000675,0.433333,0.000886,0,7.687317,51.538682,0.006799,27,148.2,2453576.85251,-1.184281,-1.184102,0,-9999999,0.000334,-2.839508,0.79255,-2.512072,0.895015,0.46,450,-2.382286,5.27655,2005-07-25T08:20:15.533,-9999999,G2,072.C-0488(E),Mayor,-9999999,HARPS_ech_obs_all,HARPS_ech_obs_thosimult,STAR_WAVE_G2,3.98003807156549e-06,7.43781073418972e-07,0,0
7351,GJ4340,353.32993,-77.38256,2453579.8046758,1.821247,0.913314,26572.809036,0.928567,0.713417,0.317085,26572.198584,0.253243,4.989605,0.319739,3.97522,3.034603,-4.105703,0.910868,0.409184,0.000274,0.308864,0.000385,0.432292,0.000505,0,7.682798,51.557576,0.00858,27,259.1,2453579.80468,-1.839692,-1.839506,0,-9999999,0.000335,-0.895702,0.856505,-0.610787,0.893367,0.51,300,3.990266,3.050002,2005-07-28T07:12:17.041,-9999999,G2,072.C-0488(E),Mayor,-9999999,HARPS_ech_obs_all,HARPS_ech_obs_thosimult,STAR_WAVE_G2,6.92728090576319e-06,3.88414566584148e-07,0,0
7352,GJ4340,353.32993,-77.38256,2453579.8084086,4.436245,0.90694,26575.747872,0.924013,3.327243,0.298226,26575.130404,0.235992,7.623134,0.301442,3.50559,2.900908,-6.498964,0.871674,0.40969,0.000254,0.309891,0.000358,0.432215,0.000469,0,7.68143,51.575189,0.009561,27,279.1,2453579.8084,-1.842616,-1.842426,0,-9999999,0.000335,-0.896875,0.856506,-0.617803,0.893368,0.48,300,3.530872,2.926377,2005-07-28T07:17:48.553,-9999999,G2,072.C-0488(E),Mayor,-9999999,HARPS_ech_obs_all,HARPS_ech_obs_thosimult,STAR_WAVE_G2,7.98369323171737e-06,3.84588008521163e-07,0,0
7353,GJ4340,353.32993,-77.38256,2453579.812272,4.184569,0.906714,26574.882832,0.924344,3.074353,0.297534,26574.258103,0.237283,7.260427,0.300735,3.06112,3.365624,-3.449885,0.860085,0.409348,0.000256,0.309575,0.00036,0.433243,0.000473,0,7.685046,51.554917,0.00823,27,277.1,2453579.81227,-1.84565,-1.845462,0,-9999999,0.000335,-0.898088,0.856507,-0.625064,0.89337,0.49,300,3.080548,3.383205,2005-07-28T07:23:19.356,-9999999,G2,072.C-0488(E),Mayor,-9999999,HARPS_ech_obs_all,HARPS_ech_obs_thosimult,STAR_WAVE_G2,7.72402296437772e-06,3.40061625167084e-07,0,0
7354,GJ4340,353.32993,-77.38256,2453869.9177386,-5.283347,0.913394,26565.456408,1.012175,-5.965956,0.31719,26564.936285,0.248614,-1.721498,0.318612,-3.099274,3.647764,-6.108078,1.121458,0.413602,0.000271,0.305799,0.000373,0.430832,0.00049,0,7.684881,51.572864,0.008797,27,265.8,2453869.91785,12.486103,12.48613,1,-9999999,0.000487,-0.470481,0.856551,-0.52061,0.981167,0.48,270,-3.076058,3.645731,2006-05-14T09:57:41.881,-9999999,G2,072.C-0488(E),Mayor,-9999999,HARPS_ech_obs_all,HARPS_ech_obs_thosimult,STAR_WAVE_G2,8.10978128697453e-06,3.08298450382756e-07,0,0
7355,GJ4340,353.32993,-77.38256,2453869.9212038,-5.501973,0.914622,26565.824515,1.012853,-6.18567,0.320703,26565.297879,0.251352,-1.865239,0.322247,-1.026796,3.470128,-6.137757,1.056892,0.413479,0.000273,0.305297,0.000376,0.431473,0.000495,0,7.686571,51.573298,0.010192,27,263.3,2453869.92131,12.484305,12.484332,0,-9999999,0.000487,-0.47157,0.856553,-0.527123,0.981169,0.46,270,-1.008001,3.463918,2006-05-14T10:02:46.662,-9999999,G2,072.C-0488(E),Mayor,-9999999,HARPS_ech_obs_all,HARPS_ech_obs_thosimult,STAR_WAVE_G2,6.92352743390523e-06,3.07853108827647e-07,0,0
7356,GJ4340,353.32993,-77.38256,2453869.9247491,-4.420021,0.914543,26566.249805,1.012611,-5.104832,0.320471,26565.716506,0.250366,-0.8725,0.321756,-1.427742,3.479858,-6.771869,0.958658,0.413524,0.000272,0.306192,0.000375,0.431248,0.000493,0,7.682557,51.578055,0.007762,27,264.4,2453869.92486,12.482436,12.482457,1,-9999999,0.000487,-0.472683,0.856555,-0.533786,0.981171,0.46,270,-1.407267,3.480571,2006-05-14T10:07:52.963,-9999999,G2,072.C-0488(E),Mayor,-9999999,HARPS_ech_obs_all,HARPS_ech_obs_thosimult,STAR_WAVE_G2,7.01816910015499e-06,3.79418373282785e-07,0,0
7357,GJ4340,353.32993,-77.38256,2454314.7789201,-17.847234,0.958647,26554.879153,1.082663,-16.639019,0.555801,26555.465313,0.457801,-12.361148,0.557485,1.783771,4.321147,4.763045,1.885667,0.409337,0.000514,0.307925,0.000702,0.431319,0.000923,0,7.691115,51.519756,0.009784,27,143.0,2454314.77903,-2.848979,-2.848875,0,-9999999,0.000719,1.420343,0.781082,0.585441,0.98111,0.44,270,1.80508,4.28353,2007-08-02T06:35:50.079,-9999999,G2,072.C-0488(E),Mayor,-9999999,HARPS_ech_obs_all,HARPS_ech_obs_thosimult,STAR_WAVE_G2,7.60814543975908e-06,5.70219278896848e-07,0,0
7358,GJ4340,353.32993,-77.38256,2454314.7824034,-20.300198,0.956537,26551.725518,1.081745,-19.093077,0.552153,26552.305131,0.455625,-14.892392,0.554725,-4.18447,5.373547,1.760375,1.814973,0.408484,0.000509,0.310371,0.000702,0.429176,0.000916,0,7.690664,51.537959,0.009132,27,143.7,2454314.78251,-2.851664,-2.851562,0,-9999999,0.000719,1.419249,0.781082,0.578894,0.981111,0.44,270,-4.178076,5.339702,2007-08-02T06:40:51.035,-9999999,G2,072.C-0488(E),Mayor,-9999999,HARPS_ech_obs_all,HARPS_ech_obs_thosimult,STAR_WAVE_G2,8.06126197928256e-06,6.05676102964012e-07,0,0
7359,GJ4340,353.32993,-77.38256,2454314.7858869,-17.419531,0.950949,26554.443294,1.078353,-16.213504,0.542414,26555.01636,0.44751,-11.912684,0.54445,-4.876841,5.211819,4.174961,1.758111,0.409379,0.000498,0.309375,0.000685,0.431079,0.000898,0,7.691573,51.529375,0.007029,27,146.8,2454314.78599,-2.854359,-2.854258,0,-9999999,0.000719,1.418154,0.781083,0.572347,0.981112,0.44,270,-4.873847,5.181152,2007-08-02T06:45:52.009,-9999999,G2,072.C-0488(E),Mayor,-9999999,HARPS_ech_obs_all,HARPS_ech_obs_thosimult,STAR_WAVE_G2,7.63585879835454e-06,4.81834894907039e-07,0,0
7360,GJ4340,353.32993,-77.38256,2454316.8191354,-17.859339,0.808536,26552.899466,0.901044,-17.558886,0.402342,26553.590946,0.32232,-13.369678,0.404346,-2.259635,4.287459,4.582209,1.420035,0.41176,0.000347,0.317327,0.000479,0.433835,0.000631,0,7.693868,51.509227,0.006971,27,208.1,2454316.81924,-3.334133,-3.334034,0,-9999999,0.00072,0.512581,0.701321,0.69076,0.841422,0.45,270,-2.23623,4.254733,2007-08-04T07:33:43.806,-9999999,G2,072.C-0488(E),Mayor,-9999999,HARPS_ech_obs_all,HARPS_ech_obs_thosimult,STAR_WAVE_G2,8.40463700976851e-06,4.39831439815954e-07,0,0
7361,GJ4340,353.32993,-77.38256,2454316.8226217,-18.178627,0.794078,26552.811519,0.892488,-17.879269,0.372434,26553.496446,0.29756,-13.622449,0.374449,-5.946826,3.960926,1.012533,1.281553,0.412059,0.000321,0.31676,0.000442,0.433199,0.000582,0,7.690153,51.527362,0.0074,27,225.5,2454316.82273,-3.33687,-3.336779,0,-9999999,0.00072,0.511485,0.701322,0.684207,0.841423,0.45,270,-5.924591,3.923886,2007-08-04T07:38:45.023,-9999999,G2,072.C-0488(E),Mayor,-9999999,HARPS_ech_obs_all,HARPS_ech_obs_thosimult,STAR_WAVE_G2,7.93392128305963e-06,3.77673740660036e-07,0,0
7362,GJ4340,353.32993,-77.38256,2454316.8260715,-18.568351,0.795753,26552.477915,0.893369,-18.270077,0.37599,26553.156358,0.300187,-14.082815,0.377923,-5.254052,3.891948,7.194765,1.213513,0.412421,0.000327,0.316747,0.000447,0.432946,0.000589,0,7.695104,51.498165,0.008235,27,222.7,2454316.82618,-3.339576,-3.339485,0,-9999999,0.00072,0.510402,0.701323,0.677723,0.841425,0.44,270,-5.230049,3.853571,2007-08-04T07:43:45.789,-9999999,G2,072.C-0488(E),Mayor,-9999999,HARPS_ech_obs_all,HARPS_ech_obs_thosimult,STAR_WAVE_G2,8.30258622537277e-06,3.55413413994048e-07,0,0
7363,GJ4340,353.32993,-77.38256,2454319.8383068,-19.350866,0.954582,26552.639665,1.047692,-18.966668,0.45419,26553.11421,0.367487,-14.786116,0.456031,-9.594212,4.480998,3.918539,1.510765,0.410585,0.000398,0.318008,0.00055,0.42181,0.000721,0,7.693658,51.521607,0.009375,27,182.1,2454319.83842,-4.025968,-4.02587,0,-9999999,0.000722,0.596326,0.839606,0.473823,0.981128,0.5,270,-9.578637,4.452676,2007-08-07T08:01:09.906,-9999999,G2,072.C-0488(E),Mayor,-9999999,HARPS_ech_obs_all,HARPS_ech_obs_thosimult,STAR_WAVE_G2,8.6399138912666e-06,5.42549364610802e-07,0,0
7364,GJ4340,353.32993,-77.38256,2454319.8416971,-18.305039,0.968439,26553.481903,1.057015,-17.921906,0.482632,26553.950076,0.393276,-13.648997,0.484293,-13.104705,4.62388,6.023483,1.434787,0.411012,0.000433,0.317573,0.000593,0.421112,0.000778,0,7.693886,51.518913,0.007618,27,169.0,2454319.8418,-4.028579,-4.028473,0,-9999999,0.000722,0.595261,0.839607,0.467451,0.981129,0.47,270,-13.080109,4.590958,2007-08-07T08:06:10.932,-9999999,G2,072.C-0488(E),Mayor,-9999999,HARPS_ech_obs_all,HARPS_ech_obs_thosimult,STAR_WAVE_G2,5.84107609609243e-06,5.48837238954806e-07,0,0
7365,GJ4340,353.32993,-77.38256,2454319.8452253,-21.265443,0.945297,26550.44018,1.042427,-20.883418,0.434332,26550.901722,0.352187,-16.659027,0.435717,-7.56426,4.195016,6.49204,1.566998,0.41049,0.000387,0.318266,0.000531,0.422068,0.000696,0,7.695769,51.505532,0.006873,27,188.8,2454319.84533,-4.031286,-4.031183,0,-9999999,0.000722,0.594153,0.839609,0.46082,0.981131,0.48,270,-7.530551,4.153539,2007-08-07T08:11:13.069,-9999999,G2,072.C-0488(E),Mayor,-9999999,HARPS_ech_obs_all,HARPS_ech_obs_thosimult,STAR_WAVE_G2,8.24870505729174e-06,4.39521385726194e-07,0,0
7366,GJ4340,353.32993,-77.38256,2456621.5106676,-42.304761,0.666562,26529.217241,0.756071,-41.695621,0.489476,26530.506966,0.402341,-37.505185,0.486327,-4.286314,4.371065,15.04969,2.493884,0.410343,0.000427,0.310917,0.000574,0.426286,0.000748,0,7.705109,51.459828,0.005251,27,176.4,2456621.51067,-11.430687,-11.430746,0,-9999999,0.001924,0.821267,0.452458,1.287801,0.64013,0.42,400,-4.274485,4.26461,2013-11-25T00:14:44.129,-9999999,G2,192.C-0852(A),Udry,-9999999,HARPS_ech_obs_all,HARPS_ech_obs_wavesimult,STAR_WAVE_G2,4.74803178938072e-06,6.28070483285019e-07,0,0
7367,GJ4340,353.32993,-77.38256,2456621.5162029,-42.205427,0.725174,26529.560702,0.79005,-41.598026,0.566713,26530.840023,0.463053,-37.288904,0.563506,4.457657,6.078017,14.580294,2.835705,0.410214,0.000493,0.312484,0.000663,0.424964,0.000861,0,7.706094,51.472145,0.009127,27,153.2,2456621.5162,-11.433018,-11.433073,0,-9999999,0.001924,0.819529,0.452453,1.277397,0.640125,0.54,400,4.473115,6.012151,2013-11-25T00:21:54.405,-9999999,G2,192.C-0852(A),Udry,-9999999,HARPS_ech_obs_all,HARPS_ech_obs_wavesimult,STAR_WAVE_G2,7.60450637004568e-06,6.38232347041859e-07,0,0
7368,GJ4340,353.32993,-77.38256,2457336.6870197,-10.787541,0.506539,26566.900836,0.551662,-0.423738,0.208357,26568.842363,0.193238,-1.409015,0.24994,17.565969,11.81178,36.529964,2.979894,0.415524,0.000208,0.310813,0.00027,0.42456,0.00035,0,7.723057,51.340298,0.016098,-99999,367.5,2457336.68701,-13.204233,-13.204272,0,-9999999,0.002297,2.092404,0.461702,1.93923,0.516711,0.51,900,17.586235,11.807423,2015-11-10T04:22:55.726,-9999999,G2,096.C-0499(A),UNKNOWN,-9999999,HARPS_ech_obs_all,HARPS_ech_obs_thosimult,STAR_WAVE_G2,6.34755894650006e-06,3.17302255632671e-07,0,0
7369,GJ4340,353.32993,-77.38256,2457338.73313,-8.267873,0.673324,26568.751909,0.914984,3.297064,0.357037,26572.188143,0.316709,2.670064,0.381832,19.346457,13.439974,43.387097,3.018296,0.417012,0.000347,0.317395,0.000451,0.428342,0.000589,0,7.720867,51.324854,0.015592,-99999,219.6,2457338.73313,-13.043799,-13.043821,0,-9999999,0.002298,3.293538,0.570868,3.433936,0.858424,0.5,900,19.35456,13.441906,2015-11-12T05:29:36.354,-9999999,G2,096.C-0499(A),UNKNOWN,-9999999,HARPS_ech_obs_all,HARPS_ech_obs_thosimult,STAR_WAVE_G2,8.56101214583116e-06,3.79447521058412e-07,0,0
7370,GJ4340,353.32993,-77.38256,2457339.6610126,-9.774191,0.571377,26567.022321,0.727909,-0.429952,0.262855,26568.709493,0.238659,-1.345247,0.296518,8.321404,11.175351,38.988944,3.002795,0.412206,0.000262,0.317147,0.000337,0.426092,0.000439,0,7.721484,51.339319,0.015252,-99999,293.6,2457339.661,-12.938729,-12.938749,0,-9999999,0.002299,1.072841,0.507326,1.684873,0.687672,0.5,900,8.302513,11.172877,2015-11-13T03:45:48.859,-9999999,G2,096.C-0499(A),UNKNOWN,-9999999,HARPS_ech_obs_all,HARPS_ech_obs_thosimult,STAR_WAVE_G2,6.85598839682672e-06,3.00232096505736e-07,0,0
7371,GJ4340,353.32993,-77.38256,2457340.6363225,-8.038339,0.616803,26568.893988,0.679709,1.015177,0.237327,26569.959014,0.166714,-0.435611,0.23146,3.220344,7.589789,44.959818,3.130287,0.411454,0.000176,0.318469,0.000229,0.423495,0.000296,128,7.721363,51.344459,0.016608,-99999,434.2,2457340.63632,-12.836511,-12.836538,0,-9999999,0.002299,0.782118,0.569317,1.062727,0.658947,0.52,900,3.205199,7.588599,2015-11-14T03:10:01.241,-9999999,G2,096.C-0499(A),UNKNOWN,-9999999,HARPS_ech_obs_all,HARPS_ech_obs_thosimult,STAR_WAVE_G2,7.20802036497098e-06,3.19034909458777e-07,0,0
7372,GJ4340,353.32993,-77.38256,2457360.541164,-9.064882,0.455718,26568.258077,0.580603,-0.406086,0.223814,26568.572601,0.151112,-2.111612,0.216914,3.260748,11.25757,44.048156,3.045733,0.408418,0.000165,0.312584,0.000213,0.416057,0.000271,128,7.721182,51.350333,0.018238,-99999,470.7,2457360.54115,-10.148819,-10.148888,0,-9999999,0.002309,0.387397,0.396971,0.312215,0.560593,0.48,900,3.241134,11.251679,2015-12-04T00:54:41.878,-9999999,G2,096.C-0499(A),UNKNOWN,-9999999,HARPS_ech_obs_all,HARPS_ech_obs_thosimult,STAR_WAVE_G2,6.97240892117038e-06,2.51079086846941e-07,0,0
7373,GJ4340,353.32993,-77.38256,2457361.5431478,-7.972764,0.616801,26570.554332,0.998844,-1.010053,0.227345,26568.120179,0.151667,-2.19854,0.21992,-1.813793,9.871834,46.085089,3.111295,0.407204,0.000158,0.313414,0.000207,0.411254,0.000262,128,7.721792,51.329963,0.016665,-99999,483.8,2457361.54315,-9.981072,-9.981148,0,-9999999,0.00231,-1.308687,0.573374,-2.436463,0.987262,0.59,900,-1.832908,9.866182,2015-12-05T00:55:57.179,-9999999,G2,096.C-0499(A),UNKNOWN,-9999999,HARPS_ech_obs_all,HARPS_ech_obs_thosimult,STAR_WAVE_G2,6.93337461951406e-06,2.44954023281913e-07,0,0
7374,GJ4340,353.32993,-77.38256,2458419.7613384,29.15157,0.858842,26607.863221,1.265519,38.048188,0.447312,26607.58067,0.385824,37.806811,0.469115,10.589981,8.542407,40.111414,3.198241,0.412544,0.000428,0.322293,0.000584,0.418159,0.000744,0,7.715202,51.341581,0.014912,-99999,173.0,2458419.76134,-13.900997,-13.901044,0,-9999999,0.002863,0.625219,0.733159,-0.285414,1.205271,0.47,600,10.590636,8.556893,2018-10-28T06:12:06.104,-9999999,G2,0102.C-0525(A),UNKNOWN,-9999999,HARPS_ech_obs_all,HARPS_ech_obs_thosimult,STAR_WAVE_G2,6.6301663234789e-06,4.99393969479462e-07,0,0
7375,GJ4340,353.32993,-77.38256,2458429.5369513,27.637298,0.65776,26606.103446,0.749519,36.371716,0.191661,26605.568793,0.18679,35.464884,0.248176,-2.580828,7.904769,33.159899,2.905433,0.4113,0.000217,0.311224,0.000282,0.412643,0.000364,0,7.720401,51.346364,0.016394,-99999,353.9,2458429.53695,-13.346593,-13.346657,0,-9999999,0.002868,0.463019,0.629217,-0.537521,0.725871,0.51,600,-2.574813,7.937491,2018-11-07T00:49:13.432,-9999999,G2,0102.C-0525(A),UNKNOWN,-9999999,HARPS_ech_obs_all,HARPS_ech_obs_thosimult,STAR_WAVE_G2,7.59903791441222e-06,2.98305110958716e-07,0,0
7376,GJ4340,353.32993,-77.38256,2458430.5801343,32.738464,0.671747,26610.08931,0.857042,41.837301,0.188851,26610.902874,0.185483,40.449385,0.246909,5.180091,11.164609,35.220968,2.861064,0.411532,0.000223,0.310658,0.000283,0.415676,0.000367,0,7.720244,51.339836,0.017056,-99999,352.2,2458430.58013,-13.298086,-13.298154,-1,-9999999,0.002868,0.827438,0.644655,0.810696,0.83673,0.5,600,5.18456,11.171757,2018-11-08T01:51:34.445,-9999999,G2,0102.C-0525(A),UNKNOWN,-9999999,HARPS_ech_obs_all,HARPS_ech_obs_thosimult,STAR_WAVE_G2,6.82219099476408e-06,2.96253619265426e-07,0,0
