,target,ra,dec,BJD,RV_mlc_nzp,e_RV_mlc_nzp,RV_drs_nzp,e_RV_drs_nzp,RV_mlc,e_RV_mlc,RV_drs,e_RV_drs,RV_mlc_j,e_RV_mlc_j,CRX,e_CRX,dLW,e_dLW,Halpha,e_Halpha,NaD1,e_NaD1,NaD2,e_NaD2,f_RV,FWHM_DRS,CONTRAST_DRS,BIS,RVGUESS,SNR_DRS,BJD_DRS,BERV,BERV_DRS,DRIFT,e_DRIFT,SA,NZP_mlc,dNZP_mlc,NZP_drs,dNZP_drs,TMMEAN,EXPTIME,MLCRX,E_MLCRX,TIMEID,DRIFT_LAMP,MASK,PROGID,PROGPI,AIRMASS,OBHAB,THAR_FP,DPR_TYPE,RHKp,dRHKp,vsinflag,metflag
81905,GJ208,84.12756,11.32559,2453358.715274,-20.094451,1.593225,21747.675881,1.918266,-29.25207,1.343425,21745.997252,1.648388,-4.193635,1.426728,-6.340945,11.105653,-2.886632,1.933178,1.014368,0.002082,0.276641,0.002724,0.298678,0.003008,0,6.615651,34.649111,0.069991,22,49.0,2453358.71527,-1.974978,-1.974622,0,-9999999,0.0,-0.484994,0.856491,-1.678629,0.981102,0.49,143,-6.164134,11.09813,2004-12-19T05:00:50.404,-9999999,K5,074.C-0364(A),Robichon,-9999999,HARPS_ech_obs_all,HARPS_ech_obs_objA,STAR_DARK_K7,0.000182870793774,4.87208203543709e-05,0,0
81906,GJ208,84.12756,11.32559,2453359.7281281,-4.318467,1.56899,21763.329963,1.719374,-13.480124,1.314592,21761.627176,1.411979,9.308291,1.411738,-15.158203,12.066791,-12.309563,1.83439,1.035446,0.001878,0.289842,0.002417,0.300516,0.002697,0,6.638308,34.625821,0.064832,22,54.1,2453359.72812,-2.535676,-2.535289,0,-9999999,2e-06,-0.489032,0.856492,-1.702789,0.981103,0.5,142,-15.386262,12.012564,2004-12-20T05:19:20.609,-9999999,K5,074.C-0364(A),Robichon,-9999999,HARPS_ech_obs_all,HARPS_ech_obs_objA,STAR_DARK_K7,0.000275133794064,7.93180932606132e-05,0,0
81907,GJ208,84.12756,11.32559,2453360.7261807,0.405627,1.708137,21777.383057,1.930579,-6.905948,1.490613,21776.127226,1.6627,19.288815,1.588902,-22.88534,12.770784,-8.393904,1.646523,1.015881,0.002058,0.284686,0.002726,0.298079,0.003021,0,6.657941,34.48456,0.055788,22,48.6,2453360.72618,-3.05117,-3.050793,0,-9999999,5e-06,1.36105,0.83415,-1.255836,0.981103,0.48,143,-22.814581,12.791891,2004-12-21T05:16:35.570,-9999999,K5,074.C-0364(A),Robichon,-9999999,HARPS_ech_obs_all,HARPS_ech_obs_objA,STAR_DARK_K7,0.000131505122897,2.42369055842294e-05,0,0
81908,GJ208,84.12756,11.32559,2453361.7127179,5.691546,1.609936,21775.41923,1.77573,-3.552623,1.363201,21774.228871,1.480086,19.970502,1.464428,-11.072374,12.278732,-13.073372,1.58966,1.015259,0.001885,0.276644,0.002474,0.299406,0.002743,0,6.655356,34.454776,0.068788,22,52.8,2453361.71271,-3.531354,-3.530971,0,-9999999,7e-06,-0.571544,0.856491,-1.190366,0.981102,0.5,143,-11.102079,12.222264,2004-12-22T04:57:10.445,-9999999,K5,074.C-0364(A),Robichon,-9999999,HARPS_ech_obs_all,HARPS_ech_obs_objA,STAR_DARK_K7,0.00011482770982,2.34691639394168e-05,0,0
81909,GJ208,84.12756,11.32559,2453362.5861116,-1.690648,1.633217,21769.951175,1.800101,-11.03806,1.390609,21769.249685,1.509228,14.186556,1.495305,-4.820977,13.245445,-10.762078,1.875037,1.058426,0.001957,0.299449,0.002608,0.311748,0.002834,0,6.649846,34.345631,0.068755,22,52.0,2453362.5861,-3.681813,-3.681408,0,-9999999,9e-06,-0.674788,0.856507,-0.701499,0.98112,0.49,143,-4.771691,13.26784,2004-12-23T01:54:54.009,-9999999,K5,074.C-0364(A),Robichon,-9999999,HARPS_ech_obs_all,HARPS_ech_obs_objA,STAR_DARK_K7,0.000177474606164,4.41966919259003e-05,0,0
81910,GJ208,84.12756,11.32559,2453362.7929319,2.104574,1.593104,21771.753376,1.715447,-7.307805,1.343274,21770.663165,1.407187,16.907123,1.444861,-6.783995,11.145492,-12.095774,1.742782,1.030657,0.001815,0.285599,0.002409,0.301401,0.002636,0,6.67269,34.42127,0.058162,22,54.6,2453362.79293,-4.269839,-4.269461,0,-9999999,9e-06,-0.739754,0.856502,-1.09022,0.981114,0.49,143,-6.83007,11.02848,2004-12-23T06:52:43.523,-9999999,K5,074.C-0364(A),Robichon,-9999999,HARPS_ech_obs_all,HARPS_ech_obs_objA,STAR_DARK_K7,0.000380849718576,0.000129326345406,0,0
81911,GJ208,84.12756,11.32559,2453363.7139773,16.428194,1.640659,21788.957086,1.826688,6.82768,1.399352,21788.207666,1.540853,29.44569,1.510442,-22.823187,14.125934,-11.019594,1.861833,1.115859,0.002098,0.307851,0.002678,0.322289,0.002924,0,6.671431,34.201138,0.049006,22,51.2,2453363.71397,-4.571264,-4.570875,0,-9999999,1.1e-05,-0.927889,0.856491,-0.749431,0.981102,0.48,142,-22.856116,14.092164,2004-12-24T04:59:04.785,-9999999,K5,074.C-0364(A),Robichon,-9999999,HARPS_ech_obs_all,HARPS_ech_obs_objA,STAR_DARK_K7,0.000212720873086,4.6494533075663e-05,0,0
81912,GJ208,84.12756,11.32559,2453364.5672466,13.558945,1.472158,21781.470332,1.582086,3.988058,1.197345,21781.052548,1.241124,29.651107,1.304293,-1.479696,12.179285,-6.625953,1.547561,1.071242,0.001688,0.298802,0.002174,0.320942,0.00242,0,6.670797,34.139193,0.056945,22,60.2,2453364.56724,-4.665453,-4.665077,0,-9999999,1.3e-05,-0.898262,0.856513,-0.417797,0.981126,0.49,143,-1.425691,12.20101,2004-12-25T01:27:46.598,-9999999,K5,074.C-0364(A),Robichon,-9999999,HARPS_ech_obs_all,HARPS_ech_obs_objA,STAR_DARK_K7,0.000168505121891,3.81862057377927e-05,0,0
81913,GJ208,84.12756,11.32559,2453364.801562,22.112663,2.248195,21782.165073,2.540955,12.468172,2.078649,21781.306892,2.343899,35.204839,2.212845,-5.990294,16.027558,-12.922562,2.23526,1.039541,0.002707,0.28421,0.003862,0.312641,0.004315,0,6.692341,34.355231,0.053275,22,37.0,2453364.80155,-5.31969,-5.319312,0,-9999999,1.4e-05,-0.971866,0.856504,-0.858195,0.981116,0.51,143,-5.996128,15.948073,2004-12-25T07:05:08.933,-9999999,K5,074.C-0364(A),Robichon,-9999999,HARPS_ech_obs_all,HARPS_ech_obs_objA,STAR_DARK_K7,0.000204942713315,4.4016265075112e-05,0,0
81914,GJ208,84.12756,11.32559,2453365.5852594,4.892112,1.37345,21776.11109,1.490587,-4.585702,1.073667,21775.70839,1.122165,20.904462,1.183976,3.536359,8.338892,-5.327539,1.600484,1.042187,0.001586,0.28632,0.001995,0.305251,0.002185,0,6.700114,34.053203,0.049869,22,64.6,2453365.58526,-5.225155,-5.224794,0,-9999999,1.6e-05,-0.80519,0.856507,-0.402716,0.98112,0.5,143,3.423553,8.104583,2004-12-26T01:53:42.889,-9999999,K5,074.C-0364(A),Robichon,-9999999,HARPS_ech_obs_all,HARPS_ech_obs_objA,STAR_DARK_K7,0.000168033192931,3.05002665554091e-05,0,0
81915,GJ208,84.12756,11.32559,2453365.7929163,4.941916,1.54645,21776.247016,1.623596,-4.601128,1.2876,21775.454023,1.29363,19.043278,1.390713,-26.702711,12.797435,-1.100807,1.634198,1.075094,0.001704,0.297085,0.002255,0.3176,0.002481,0,6.701529,33.974139,0.058214,22,58.4,2453365.79291,-5.812374,-5.812022,0,-9999999,1.6e-05,-0.870419,0.856502,-0.793009,0.981114,0.52,143,-26.668629,12.800918,2004-12-26T06:52:42.030,-9999999,K5,074.C-0364(A),Robichon,-9999999,HARPS_ech_obs_all,HARPS_ech_obs_objA,STAR_DARK_K7,0.000177788463157,3.21899164570493e-05,0,0
81916,GJ208,84.12756,11.32559,2453987.8996636,-10179.023739,91.80404,11540.781348,8.255126,-10188.170599,91.800044,11539.799629,8.196611,-10275.654692,102.87149,-24949.307542,7667.723052,-42.714368,47.139328,0.249133,0.057379,0.288833,0.18742,0.040964,0.188262,64,9.008224,32.093483,0.26524,22,1.1,2453987.89975,28.870863,28.859765,0,-9999999,0.00144,-0.474235,0.856542,-0.983159,0.981157,0.36,60,966.905644,3063.614544,2006-09-09T09:36:12.684,-9999999,G2,078.C-0044(A),UNKNOWN,-9999999,HARPS_ech_obs_all,HARPS_ech_obs_thosimult,STAR,2.385693567238e-05,5.42715239390264e-06,0,0
81917,GJ208,84.12756,11.32559,2454058.6532225,-25.165134,4.845042,21755.127318,5.049607,-33.686079,4.768737,21755.510614,4.953379,-1.388469,4.905347,113.002855,41.87449,19.640689,4.731426,1.177341,0.005468,0.305708,0.008923,0.326362,0.010202,0,6.990775,32.253351,0.04822,22,19.2,2454058.65331,13.608665,13.608779,0,-9999999,0.001602,0.15168,0.856493,0.381694,0.981105,0.36,60,114.581748,41.887477,2006-11-19T03:33:07.044,-9999999,K5,078.C-0044(A),UNKNOWN,-9999999,HARPS_ech_obs_all,HARPS_ech_obs_objA,STAR_DARK_K7,0.001875785912399,0.069605062444077,0,0
81918,GJ208,84.12756,11.32559,2454067.7110085,6.915018,2.138129,21772.872713,2.350963,-1.663895,1.959086,21773.451355,2.136461,21.857043,2.070824,-13.947928,17.931456,-0.773573,2.6038,1.15736,0.002706,0.319131,0.00358,0.323036,0.003906,0,6.788899,33.244044,0.066806,22,40.7,2454067.71109,9.128381,9.128495,0,-9999999,0.001622,0.093712,0.856491,0.57702,0.981102,0.36,60,-14.017106,17.87099,2006-11-28T04:55:50.497,-9999999,K5,078.C-0044(A),UNKNOWN,-9999999,HARPS_ech_obs_all,HARPS_ech_obs_objA,STAR_DARK_K7,0.000217937256031,5.48822664439037e-05,0,0
81919,GJ208,84.12756,11.32559,2454075.7829759,-18.350245,2.548497,21744.722901,2.781428,-27.250442,2.425883,21744.845979,2.602645,-3.467714,2.537203,5.775499,20.599566,10.745934,2.664005,1.175592,0.003183,0.325492,0.004302,0.343014,0.004789,0,6.873,32.710231,0.09553,22,34.8,2454075.78306,4.880163,4.880275,0,-9999999,0.001641,-0.227572,0.78098,0.121437,0.981111,0.36,60,5.801381,20.617121,2006-12-06T06:39:12.115,-9999999,K5,078.C-0044(A),UNKNOWN,-9999999,HARPS_ech_obs_all,HARPS_ech_obs_objA,STAR_DARK_K7,0.000130385582057,2.3666140392507e-05,0,0
81920,GJ208,84.12756,11.32559,2454098.6491564,-17.944388,4.501412,21766.550063,4.785622,-25.999765,4.419177,21767.537472,4.683974,7.0737,4.631568,-5.928801,41.211216,18.730126,3.950206,1.125563,0.005094,0.314989,0.008494,0.320331,0.009331,0,6.909476,32.666852,0.112412,22,20.7,2454098.64923,-6.703548,-6.703423,0,-9999999,0.001693,0.617248,0.856494,0.985716,0.981105,0.35,60,-6.869932,41.324374,2006-12-29T03:26:36.406,-9999999,K5,078.C-0044(A),UNKNOWN,-9999999,HARPS_ech_obs_all,HARPS_ech_obs_objA,STAR_DARK_K7,0.000351656199707,0.000982439413239,0,0
81921,GJ208,84.12756,11.32559,2454100.6961296,-24.284016,4.039767,21740.3441,4.396041,-32.354149,3.947929,21741.663954,4.329809,-8.917246,4.155215,-2.317696,36.095372,19.339629,4.356876,1.238345,0.005025,0.362375,0.007759,0.339492,0.008403,0,6.962253,32.496957,0.052348,22,22.7,2454100.69621,-7.85902,-7.8589,0,-9999999,0.001698,0.602492,0.856491,1.318156,0.760216,0.35,60,-1.396832,36.178915,2006-12-31T04:34:19.173,-9999999,K5,078.C-0044(A),UNKNOWN,-9999999,HARPS_ech_obs_all,HARPS_ech_obs_objA,STAR_DARK_K7,0.00011424375433,2.19310376560853e-05,0,0
81922,GJ208,84.12756,11.32559,2454125.6255304,-31.858121,2.399137,21730.200624,2.614176,-40.623378,2.241042,21730.248987,2.423085,-17.732034,2.362808,27.133773,18.120575,9.271261,2.475323,1.179187,0.002976,0.361285,0.004199,0.348001,0.004537,0,6.868025,32.74171,0.074769,22,37.1,2454125.62561,-19.187811,-19.187769,0,-9999999,0.001755,-0.092632,0.856498,0.046608,0.981109,0.35,60,27.089304,18.183022,2007-01-25T02:54:17.463,-9999999,K5,078.C-0044(A),UNKNOWN,-9999999,HARPS_ech_obs_all,HARPS_ech_obs_objA,STAR_DARK_K7,0.000172907775788,3.25033682495962e-05,0,0
81923,GJ208,84.12756,11.32559,2454161.6233287,-35.788827,3.627603,21738.044844,4.043182,-44.781913,3.525041,21737.939653,3.922339,-17.053815,3.654726,5.3036,31.229941,17.22655,4.101169,1.188679,0.004384,0.343685,0.006629,0.3363,0.007451,0,6.90041,32.441785,0.035296,22,24.7,2454161.62341,-28.825605,-28.8257,0,-9999999,0.001837,-0.320461,0.856498,-0.107028,0.98111,0.37,60,5.201448,31.228972,2007-03-02T02:55:21.814,-9999999,K5,078.C-0044(A),UNKNOWN,-9999999,HARPS_ech_obs_all,HARPS_ech_obs_objA,STAR_DARK_K7,7.72598556620877e-05,1.39642590425888e-05,0,0
81924,GJ208,84.12756,11.32559,2454189.5255271,-4.263055,11.303402,21733.97869,7.146637,-12.468257,11.270903,21733.921693,7.078967,12.615037,11.329887,319.819713,117.916441,52.771769,9.215495,1.128763,0.0106,0.304232,0.022579,0.316768,0.026041,64,6.78139,33.690207,0.250091,22,9.4,2454189.52552,-28.589604,-28.589722,0,-9999999,0.001901,0.467423,0.856529,-0.058898,0.981144,0.5,60,125.26459,111.142676,2007-03-30T00:38:17.209,-9999999,K5,078.C-0044(A),UNKNOWN,-9999999,HARPS_ech_obs_all,HARPS_ech_obs_objA,STAR_DARK_K7,-9999999.0,-9999999.0,-9999999,-9999999
81925,GJ208,84.12756,11.32559,2457334.7397055,-0.109434,1.242376,21750.198167,2.806576,-5.150725,0.149138,21751.941484,2.462794,-5.257765,0.553004,3.688158,5.491168,6.358763,1.486062,1.068877,0.000907,0.296259,0.000981,0.309192,0.001079,0,6.770366,33.642288,0.092326,22,123.7,2457334.7397,18.298118,18.298233,0,-9999999,0.009098,1.877491,1.233392,1.734219,1.345925,0.51,900,3.667367,5.645079,2015-11-08T05:31:14.127,-9999999,K5,192.C-0224(C),Lagrange,-9999999,HARPS_ech_obs_all,HARPS_ech_obs_objAB,STAR_SKY_K7,0.000187853214291,3.95692189187632e-05,0,0
81926,GJ208,84.12756,11.32559,2457334.7504839,0.109641,1.243551,21749.128121,2.862887,-4.911854,0.158606,21750.871758,2.526776,-6.051831,0.572705,6.139389,6.139082,6.341838,1.606191,1.064909,0.000928,0.2924,0.001001,0.308114,0.001106,0,6.762476,33.706105,0.094899,22,120.7,2457334.75048,18.268636,18.268771,0,-9999999,0.009098,1.897287,1.233395,1.734539,1.345929,0.51,900,6.197868,6.205805,2015-11-08T05:46:45.326,-9999999,K5,192.C-0224(C),Lagrange,-9999999,HARPS_ech_obs_all,HARPS_ech_obs_objAB,STAR_SKY_K7,0.000165409498966,3.04318562588811e-05,0,0
