,target,ra,dec,BJD,RV_mlc_nzp,e_RV_mlc_nzp,RV_drs_nzp,e_RV_drs_nzp,RV_mlc,e_RV_mlc,RV_drs,e_RV_drs,RV_mlc_j,e_RV_mlc_j,CRX,e_CRX,dLW,e_dLW,Halpha,e_Halpha,NaD1,e_NaD1,NaD2,e_NaD2,f_RV,FWHM_DRS,CONTRAST_DRS,BIS,RVGUESS,SNR_DRS,BJD_DRS,BERV,BERV_DRS,DRIFT,e_DRIFT,SA,NZP_mlc,dNZP_mlc,NZP_drs,dNZP_drs,TMMEAN,EXPTIME,MLCRX,E_MLCRX,TIMEID,DRIFT_LAMP,MASK,PROGID,PROGPI,AIRMASS,OBHAB,THAR_FP,DPR_TYPE,RHKp,dRHKp,vsinflag,metflag
9083,GJ884,345.062395,-22.52484,2453920.9104577,6.037561,0.96177,16141.515577,1.574208,7.256839,0.437411,16140.477314,1.313537,7.377027,1.179253,0.654773,9.911704,6.307938,0.944024,0.762594,0.001626,0.232708,0.002172,0.266083,0.002444,0,6.302603,37.546551,0.067241,16,55.5,2453920.91055,23.15635,23.156324,0,-9999999,0.0,-0.454276,0.856547,-1.038263,0.867613,0.37,60,0.762719,10.012448,2006-07-04T09:46:00.874,-9999999,K5,072.C-0488(E),Mayor,-9999999,HARPS_ech_obs_all,HARPS_ech_obs_objA,STAR_DARK_K5,8.78400504759937e-05,1.57780995172644e-05,0,0
9084,GJ884,345.062395,-22.52484,2456646.5452514,-4.819992,0.859337,16127.515089,1.09924,-1.033247,0.069512,16131.044685,0.495684,-1.217873,0.303635,-1.688212,2.467963,-4.339501,0.435609,0.718246,0.000661,0.216699,0.000803,0.252668,0.000918,0,6.199579,38.136048,0.04385,16,133.0,2456646.54525,-27.599295,-27.59935,0,-9999999,1.153527,2.113192,0.856521,2.376069,0.981135,0.5,567,-1.649106,3.429771,2013-12-20T01:03:12.662,-9999999,K5,092.C-0721(A),LoCurto,-9999999,HARPS_ech_obs_all,HARPS_ech_obs_thosimult,STAR_WAVE_K5,7.74061060678607e-05,1.31244901469115e-05,0,0
9085,GJ884,345.062395,-22.52484,2457298.7002777,25.557412,1.068405,16151.159214,1.687562,17.300336,0.181809,16153.485953,1.313347,18.956669,1.246896,6.165569,12.77635,7.11466,1.408303,0.725254,0.001682,0.22664,0.002206,0.248716,0.00244,0,6.241539,37.827104,0.068017,16,54.3,2457298.70027,-15.805802,-15.805677,0,-9999999,1.429528,0.945969,1.052822,0.897211,1.05971,0.51,68,6.060043,12.690215,2015-10-03T04:40:58.654,-9999999,K5,096.C-0460(A),LoCurto,-9999999,HARPS_ech_obs_all,HARPS_ech_obs_objA,STAR_DARK_K5,0.001303482997358,0.007153036905726,0,0
9086,GJ884,345.062395,-22.52484,2458107.5280781,8.683094,0.626411,16130.992253,1.594518,-1.950301,0.115839,16131.8355,1.07042,-2.686617,1.047573,17.627026,8.271459,9.105028,1.192084,0.755037,0.001385,0.231989,0.001805,0.251744,0.002014,0,6.29037,37.35719,0.081956,16,64.5,2458107.52807,-27.614882,-27.614921,0,-9999999,1.771835,-1.43035,0.615607,-0.928588,1.181815,0.5,120,17.534779,8.343392,2017-12-20T00:42:13.428,-9999999,K5,0100.C-0097(A),LoCurto,-9999999,HARPS_ech_obs_all,HARPS_ech_obs_objA,STAR_DARK_K5,6.71979274235771e-05,1.08192107779237e-05,0,0
9087,GJ884,345.062395,-22.52484,2458390.7629721,-315.854805,1.408475,16116.624913,4.190923,-325.060156,0.680093,16116.453749,4.010492,-16.742634,3.566539,-18.226956,36.527536,91.519248,2.402267,0.736881,0.004299,0.22094,0.007154,0.23913,0.007999,0,6.277749,37.785299,0.074947,16,22.3,2458390.76296,-14.335775,-14.335647,0,-9999999,1.891704,-0.002305,1.2334,-2.062868,1.216465,0.39,120,-22.999671,35.582604,2018-09-29T06:10:50.199,-9999999,K5,0101.C-0379(A),LoCurto,-9999999,HARPS_ech_obs_all,HARPS_ech_obs_objA,STAR_DARK_K5,0.000104721357465,2.54229732443525e-05,0,0
9088,GJ884,345.062395,-22.52484,2458443.6167211,306.409128,1.278655,16138.669699,1.590079,299.268285,0.337133,16142.93671,0.846721,-2.489651,1.10525,42.877377,15.058536,90.756235,1.186197,0.751531,0.001174,0.235429,0.001503,0.257446,0.001682,0,6.270849,37.613449,0.084426,16,75.5,2458443.61672,-29.102557,-29.102556,0,-9999999,1.914073,2.062203,1.23341,2.352938,1.345888,0.49,120,43.310362,15.058969,2018-11-21T02:45:53.213,-9999999,K5,0102.C-0558(A),LoCurto,-9999999,HARPS_ech_obs_all,HARPS_ech_obs_objA,STAR_DARK_K5,0.000104354330698,2.03000013755704e-05,0,0
9089,GJ884,345.062395,-22.52484,2458699.7292974,24.06258,1.303869,16143.815064,1.705399,13.597772,0.422879,16144.675296,1.047398,0.837507,1.293802,4.728309,13.567841,90.362271,1.198874,0.748061,0.001501,0.228224,0.001755,0.258852,0.001963,0,6.295885,37.482243,0.086454,16,65.8,2458699.72929,12.416829,12.417007,0,-9999999,2.022463,-1.261763,1.233389,-1.162231,1.345862,0.49,120,5.937198,13.609215,2019-08-04T05:21:55.675,-9999999,K5,0103.C-0432(A),LoCurto,-9999999,HARPS_ech_obs_all,HARPS_ech_obs_objA,STAR_DARK_K5,9.43726291226863e-05,1.88518081027941e-05,0,0
9090,GJ884,345.062395,-22.52484,2458717.8013157,-319.334675,1.294966,16146.901125,1.685746,-327.920858,0.394473,16149.261733,1.01503,9.594209,1.277867,-3.058816,15.227132,87.594188,1.349513,0.738477,0.00144,0.22767,0.00169,0.260476,0.001924,0,6.260947,37.766968,0.069509,16,67.4,2458717.80131,3.868954,3.869111,0,-9999999,2.030111,0.616863,1.233421,0.330497,1.345902,0.49,120,-3.462918,15.164856,2019-08-22T07:04:55.354,-9999999,K5,0103.C-0432(A),LoCurto,-9999999,HARPS_ech_obs_all,HARPS_ech_obs_objA,STAR_DARK_K5,7.50360621181218e-05,1.12402053124129e-05,0,0
9091,GJ884,345.062395,-22.52484,2458741.6518522,169.414426,1.279017,16140.317749,1.393525,160.6274,0.338562,16142.337669,0.904437,2.94105,1.162331,1.323469,16.67031,85.844439,1.227656,0.730544,0.001331,0.228363,0.001533,0.254778,0.001754,0,6.248393,37.785922,0.069886,16,73.4,2458741.65184,-7.454932,-7.454754,0,-9999999,2.040205,0.41602,1.233394,-0.020285,1.060144,0.51,120,-0.251777,16.458274,2019-09-15T03:29:51.507,-9999999,K5,0103.C-0432(A),LoCurto,-9999999,HARPS_ech_obs_all,HARPS_ech_obs_objA,STAR_DARK_K5,0.000101592681881,2.49375203478169e-05,0,0
