,target,ra,dec,BJD,RV_mlc_nzp,e_RV_mlc_nzp,RV_drs_nzp,e_RV_drs_nzp,RV_mlc,e_RV_mlc,RV_drs,e_RV_drs,RV_mlc_j,e_RV_mlc_j,CRX,e_CRX,dLW,e_dLW,Halpha,e_Halpha,NaD1,e_NaD1,NaD2,e_NaD2,f_RV,FWHM_DRS,CONTRAST_DRS,BIS,RVGUESS,SNR_DRS,BJD_DRS,BERV,BERV_DRS,DRIFT,e_DRIFT,SA,NZP_mlc,dNZP_mlc,NZP_drs,dNZP_drs,TMMEAN,EXPTIME,MLCRX,E_MLCRX,TIMEID,DRIFT_LAMP,MASK,PROGID,PROGPI,AIRMASS,OBHAB,THAR_FP,DPR_TYPE,RHKp,dRHKp,vsinflag,metflag
85370,GJ9803,343.9598335,-7.82231,2452940.6074069,-0.999796,0.957175,-27615.913704,0.918038,-6.063394,0.648875,-27616.265191,0.554309,-6.099902,0.648919,-5.63245,6.865912,-6.891604,1.503651,0.424722,0.000548,0.329348,0.000761,0.464654,0.001004,0,6.597299,41.425675,-0.03342,-28,133.9,2452940.60771,-24.031834,-24.033652,0,-9999999,0.0,-0.137638,0.703665,-0.351487,0.731803,0.47,900,-5.622761,6.846033,2003-10-28T02:22:29.645,-9999999,G2,072.C-0488(E),M. Mayor,-9999999,HARPS_ech_obs_all,HARPS_ech_obs_thosimult,STAR_WAVE_G6V,4.63222816046052e-06,5.71950432635074e-07,0,0
85371,GJ9803,343.9598335,-7.82231,2453338.5741755,-0.923191,0.97245,-27617.195508,0.940684,-6.673385,0.459978,-27614.90184,0.393823,-6.693996,0.460007,6.966884,3.759001,-10.125857,1.124297,0.423468,0.000369,0.339753,0.000533,0.465585,0.000696,0,6.602175,41.468291,-0.035734,-28,193.5,2453338.57416,-30.34503,-30.344997,0,-9999999,0.276745,-0.824234,0.856785,2.016923,0.854277,0.49,900,6.967163,3.706983,2004-11-29T01:38:41.911,-9999999,G2,072.C-0488(E),Mayor,-9999999,HARPS_ech_obs_all,HARPS_ech_obs_thosimult,STAR_WAVE_G6,5.98023444342948e-06,4.92971499297839e-07,0,0
85372,GJ9803,343.9598335,-7.82231,2453945.8336193,-0.904722,0.67873,-27615.013177,0.635517,-5.343453,0.428338,-27614.112559,0.346224,-5.3819,0.42832,7.021648,4.373014,-3.304052,0.659835,0.426847,0.00037,0.344989,0.000512,0.46362,0.000656,0,6.607554,41.384407,-0.036411,-28,202.5,2453945.83373,17.092732,17.092704,0,-9999999,0.699033,0.487228,0.526499,0.201585,0.532926,0.5,821,7.039762,4.343421,2006-07-29T07:46:44.699,-9999999,G2,077.C-0364(E),Mayor,-9999999,HARPS_ech_obs_all,HARPS_ech_obs_thosimult,STAR_WAVE_G6,6.60744698644251e-06,3.15510411271074e-07,0,0
85373,GJ9803,343.9598335,-7.82231,2454048.5850985,-1.050369,0.91855,-27615.292971,0.855728,-4.779494,0.602071,-27612.949317,0.478767,-4.83006,0.602069,-5.106058,6.163408,-7.244246,0.925192,0.424566,0.000511,0.339072,0.00071,0.472351,0.000923,0,6.606379,41.411481,-0.034601,-28,145.8,2454048.5852,-27.402797,-27.402914,0,-9999999,0.770486,1.196834,0.693718,1.573168,0.709262,0.47,821,-5.105456,6.14858,2006-11-09T01:52:31.047,-9999999,G2,072.C-0488(E),Mayor,-9999999,HARPS_ech_obs_all,HARPS_ech_obs_thosimult,STAR_WAVE_G6,6.05390515318481e-06,5.03785599404549e-07,0,0
85374,GJ9803,343.9598335,-7.82231,2454050.5633687,-2.963346,0.697364,-27616.701668,0.660446,-6.452151,0.479482,-27614.023883,0.384647,-6.478743,0.479499,13.814861,5.274901,-11.443622,0.857456,0.421293,0.000428,0.343705,0.000581,0.464517,0.000763,0,6.597607,41.434455,-0.036196,-28,177.5,2454050.56348,-27.80104,-27.801206,1,-9999999,0.771862,1.437155,0.506373,1.905923,0.536876,0.48,821,13.784468,5.239497,2006-11-11T01:21:21.050,-9999999,G2,072.C-0488(E),Mayor,-9999999,HARPS_ech_obs_all,HARPS_ech_obs_thosimult,STAR_WAVE_G6,6.98032209452774e-06,3.84860114821713e-07,0,0
85375,GJ9803,343.9598335,-7.82231,2454052.5615463,-0.137799,0.674112,-27613.589966,0.651413,-4.788574,0.468563,-27612.234561,0.377387,-4.810529,0.468542,11.967605,4.380618,-6.208719,0.884286,0.425814,0.000399,0.338683,0.000552,0.473458,0.00072,0,6.604447,41.40088,-0.038036,-28,186.9,2454052.56165,-28.219682,-28.219814,1,-9999999,0.773251,0.275184,0.484639,0.582154,0.53096,0.48,821,11.956485,4.365181,2006-11-13T01:18:59.653,-9999999,G2,072.C-0488(E),Mayor,-9999999,HARPS_ech_obs_all,HARPS_ech_obs_thosimult,STAR_WAVE_G6,7.47184943012141e-06,3.54494285930121e-07,0,0
85376,GJ9803,343.9598335,-7.82231,2455817.64267,1.558555,0.747373,-27612.216856,0.778453,-4.38774,0.581249,-27611.238018,0.475641,-4.416345,0.58122,14.757884,5.5491,3.538201,1.15267,0.425652,0.000481,0.350496,0.000654,0.472581,0.000844,0,6.616227,41.342817,-0.039803,-28,158.9,2455817.64266,-4.27205,-4.27185,0,-9999999,2.000686,-1.020336,0.469804,-1.021848,0.616243,0.5,900,14.746847,5.537912,2011-09-13T03:09:40.655,-9999999,G2,183.C-0972(A),Udry,-9999999,HARPS_ech_obs_all,HARPS_ech_obs_thosimult,STAR_WAVE_G6,7.27821094788598e-06,5.2734069719967e-07,0,0
85377,GJ9803,343.9598335,-7.82231,2455890.5734103,1.749773,0.929124,-27611.613933,1.047388,-2.952042,0.501227,-27609.555226,0.417091,-2.981627,0.501204,-13.983465,4.510746,1.578507,0.772016,0.424627,0.000432,0.346423,0.000574,0.472848,0.000749,0,6.619219,41.33113,-0.035698,-28,180.7,2455890.5734,-29.99772,-29.997692,0,-9999999,2.051402,0.224145,0.782332,0.007305,0.960759,0.51,900,-13.96207,4.510811,2011-11-25T01:36:39.883,-9999999,G2,183.C-0972(A),Udry,-9999999,HARPS_ech_obs_all,HARPS_ech_obs_thosimult,STAR_WAVE_G6,7.0829554461057e-06,3.9553964984492e-07,0,0
85378,GJ9803,343.9598335,-7.82231,2455900.5705336,0.056432,0.926108,-27614.680087,0.927483,-4.018405,0.565339,-27611.345618,0.461931,-4.046968,0.565415,2.418494,6.035752,1.745061,0.876987,0.423904,0.000442,0.339065,0.000607,0.472328,0.00079,0,6.61818,41.32934,-0.039718,-28,170.8,2455900.57052,-30.477643,-30.477637,0,-9999999,2.058354,0.851122,0.733531,1.276115,0.804267,0.49,900,2.418086,6.0289,2011-12-05T01:34:15.962,-9999999,G2,183.C-0972(A),Udry,-9999999,HARPS_ech_obs_all,HARPS_ech_obs_thosimult,STAR_WAVE_G6,-9999999.0,-9999999.0,-9999999,-9999999
85379,GJ9803,343.9598335,-7.82231,2456058.9186288,1.45693,1.268854,-27613.449056,1.121323,-3.001242,0.992492,-27611.5752,0.759208,-3.009501,0.992528,2.981255,7.819343,4.910414,1.70115,0.423632,0.000791,0.344914,0.001083,0.464135,0.001387,0,6.620776,41.333429,-0.039991,-28,97.3,2456058.91862,27.553061,27.552961,0,-9999999,2.168469,0.467788,0.790538,-0.294613,0.825207,0.41,900,2.986991,7.816603,2012-05-11T09:59:44.387,-9999999,G2,183.C-0972(A),Udry,-9999999,HARPS_ech_obs_all,HARPS_ech_obs_thosimult,STAR_WAVE_G6,2.0205807341413e-06,9.01719777697972e-07,0,0
85380,GJ9803,343.9598335,-7.82231,2456085.8625637,-1.814056,1.004957,-27615.049759,1.152301,-6.388533,0.765514,-27613.249891,0.602873,-6.395862,0.765471,9.713533,6.007082,8.293978,1.258023,0.424147,0.0006,0.344823,0.000823,0.47075,0.00105,0,6.6242,41.3055,-0.036867,-28,126.7,2456085.86256,29.453133,29.453159,0,-9999999,2.187206,0.351483,0.651097,-0.387338,0.982008,0.45,900,9.727718,5.987117,2012-06-07T08:34:40.701,-9999999,G2,183.C-0972(A),Udry,-9999999,HARPS_ech_obs_all,HARPS_ech_obs_thosimult,STAR_WAVE_G6,7.58440690361572e-06,6.57915841579425e-07,0,0
85381,GJ9803,343.9598335,-7.82231,2456116.8941199,0.741351,0.985281,-27614.124141,1.065376,-5.238572,0.50454,-27612.980587,0.413105,-5.270185,0.504492,-3.62257,5.075202,6.560795,0.809174,0.423042,0.000416,0.344841,0.000557,0.462888,0.000714,0,6.62074,41.320158,-0.036232,-28,186.5,2456116.89411,24.123702,24.123809,0,-9999999,2.208785,-1.053964,0.846297,-1.065231,0.982024,0.5,900,-3.620715,5.06188,2012-07-08T09:15:17.485,-9999999,G2,183.C-0972(A),Udry,-9999999,HARPS_ech_obs_all,HARPS_ech_obs_thosimult,STAR_WAVE_G6,6.92167029691695e-06,4.5926503391456e-07,0,0
85382,GJ9803,343.9598335,-7.82231,2456120.8389034,0.200071,1.148349,-27612.501493,1.153603,-4.706863,0.764603,-27611.251661,0.605374,-4.720977,0.764561,-6.622629,7.608794,6.284093,0.986269,0.423978,0.000627,0.352245,0.000846,0.472669,0.001084,0,6.61967,41.31849,-0.033083,-28,123.4,2456120.83889,23.093374,23.093516,0,-9999999,2.211528,0.019025,0.856789,-0.961696,0.981999,0.52,900,-6.629882,7.598184,2012-07-12T07:55:01.893,-9999999,G2,183.C-0972(A),Udry,-9999999,HARPS_ech_obs_all,HARPS_ech_obs_thosimult,STAR_WAVE_G6,7.28384887738787e-06,6.60025474413296e-07,0,0
85383,GJ9803,343.9598335,-7.82231,2456171.678866,0.991612,0.899366,-27613.57669,0.874688,-1.960135,0.600695,-27608.652323,0.49191,-2.009864,0.600724,0.826656,6.17581,9.603303,0.852064,0.427905,0.00049,0.347627,0.000664,0.473279,0.000861,0,6.622176,41.277753,-0.037906,-28,156.6,2456171.67885,1.36217,1.362395,-1,-9999999,2.246882,1.974212,0.669346,2.677485,0.723258,0.49,900,0.799728,6.173862,2012-09-01T04:01:50.969,-9999999,G2,183.C-0972(A),Udry,-9999999,HARPS_ech_obs_all,HARPS_ech_obs_thosimult,STAR_WAVE_G6,6.47094100362224e-06,5.80245910193094e-07,0,0
85384,GJ9803,343.9598335,-7.82231,2456186.7250444,1.062472,1.001191,-27615.790994,1.054673,-3.051053,0.518012,-27610.864304,0.430822,-3.08698,0.51802,-12.795761,6.431049,4.094468,0.80555,0.423963,0.000442,0.34095,0.000588,0.473813,0.000761,0,6.620451,41.346857,-0.038588,-28,176.8,2456186.72504,-6.417438,-6.41722,0,-9999999,2.257345,0.812434,0.856765,2.669345,0.962667,0.5,900,-12.765108,6.428321,2012-09-16T05:08:22.618,-9999999,G2,183.C-0972(A),Udry,-9999999,HARPS_ech_obs_all,HARPS_ech_obs_thosimult,STAR_WAVE_G6,8.464652194012e-06,4.66989268771647e-07,0,0
85385,GJ9803,343.9598335,-7.82231,2456190.7534366,-0.315108,0.964926,-27612.987996,0.859025,-4.323943,0.823528,-27610.731857,0.650552,-4.352248,0.823521,5.940313,8.346422,4.729645,1.338737,0.427967,0.000647,0.341112,0.000887,0.46594,0.001151,0,6.617453,41.342419,-0.035761,-28,117.8,2456190.75343,-8.504282,-8.5041,0,-9999999,2.260147,0.917124,0.502875,-0.004008,0.560986,0.53,900,5.913572,8.339757,2012-09-20T05:48:57.162,-9999999,G2,183.C-0972(A),Udry,-9999999,HARPS_ech_obs_all,HARPS_ech_obs_thosimult,STAR_WAVE_G6,6.38558026453534e-06,6.06563509201859e-07,0,0
85386,GJ9803,343.9598335,-7.82231,2456192.6559951,-2.180671,1.080634,-27617.119787,1.118573,-6.040574,0.658575,-27614.174854,0.53566,-6.079733,0.658595,-0.626239,5.117388,3.895018,1.048382,0.428028,0.00054,0.348764,0.000731,0.464194,0.000949,0,6.622206,41.336092,-0.038897,-28,142.2,2456192.65599,-9.213906,-9.213723,0,-9999999,2.26147,1.066056,0.856767,0.683463,0.981975,0.51,900,-0.59742,5.10152,2012-09-22T03:29:01.010,-9999999,G2,183.C-0972(A),Udry,-9999999,HARPS_ech_obs_all,HARPS_ech_obs_thosimult,STAR_WAVE_G6,6.78432366232778e-06,6.36866789323226e-07,0,0
85387,GJ9803,343.9598335,-7.82231,2456200.7183532,0.748386,0.804353,-27613.784687,0.733434,-3.251163,0.641927,-27610.974905,0.520597,-3.264519,0.641917,-3.990951,6.891524,8.001226,0.942829,0.42715,0.000525,0.347592,0.000707,0.475228,0.000921,0,6.623995,41.293344,-0.036158,-28,147.0,2456200.71835,-13.231241,-13.231075,0,-9999999,2.267076,0.926411,0.484678,0.542706,0.516628,0.54,900,-3.971312,6.887976,2012-09-30T04:58:47.619,-9999999,G2,183.C-0972(A),Udry,-9999999,HARPS_ech_obs_all,HARPS_ech_obs_thosimult,STAR_WAVE_G6,5.37905785998916e-06,6.19559089194766e-07,0,0
85388,GJ9803,343.9598335,-7.82231,2456202.6836152,-0.538446,0.757645,-27613.833284,0.697853,-4.344197,0.66563,-27611.038752,0.540634,-4.362765,0.66563,-2.824315,6.461507,4.323504,0.974268,0.42594,0.000531,0.347353,0.000723,0.473133,0.000941,0,6.622398,41.308195,-0.037508,-28,143.3,2456202.6836,-14.063557,-14.063392,0,-9999999,2.268443,1.120209,0.361887,0.526089,0.441264,0.54,900,-2.791392,6.45253,2012-10-02T04:08:53.885,-9999999,G2,183.C-0972(A),Udry,-9999999,HARPS_ech_obs_all,HARPS_ech_obs_thosimult,STAR_WAVE_G6,5.32400829280465e-06,7.14437395142024e-07,0,0
85389,GJ9803,343.9598335,-7.82231,2456204.6610126,0.9831,1.122637,-27612.099318,1.141371,-2.793563,0.725442,-27608.98979,0.581768,-2.838907,0.725375,-14.095708,6.785406,-0.786697,1.10301,0.426498,0.000594,0.340497,0.000802,0.475088,0.001043,0,6.618399,41.356085,-0.034265,-28,130.0,2456204.66101,-14.913889,-14.913726,0,-9999999,2.269818,1.149297,0.856766,0.83971,0.981974,0.52,900,-14.051537,6.786484,2012-10-04T03:36:47.211,-9999999,G2,183.C-0972(A),Udry,-9999999,HARPS_ech_obs_all,HARPS_ech_obs_thosimult,STAR_WAVE_G6,7.68697744166684e-06,5.56488849886243e-07,0,0
85390,GJ9803,343.9598335,-7.82231,2456205.6604758,-0.580585,1.010614,-27614.563099,1.077309,-4.319106,0.535997,-27611.45876,0.443081,-4.335014,0.535975,-12.552198,6.091819,0.467441,0.841264,0.427279,0.000476,0.339423,0.000626,0.465545,0.000818,0,6.618823,41.369217,-0.037644,-28,166.1,2456205.66047,-15.364865,-15.364719,1,-9999999,2.270513,1.187438,0.856766,0.833826,0.981974,0.5,900,-12.541602,6.08618,2012-10-05T03:36:23.167,-9999999,G2,183.C-0972(A),Udry,-9999999,HARPS_ech_obs_all,HARPS_ech_obs_thosimult,STAR_WAVE_G6,6.11490078145956e-06,5.17637598358664e-07,0,0
85391,GJ9803,343.9598335,-7.82231,2456209.6389929,4.289509,1.156042,-27608.456123,1.245452,0.791034,0.992109,-27606.004796,0.766076,0.759106,0.991991,6.470568,9.836245,4.69893,2.018038,0.420559,0.000823,0.349186,0.001114,0.463461,0.001446,0,6.626548,41.37394,-0.037861,-28,94.3,2456209.63899,-17.075447,-17.075285,0,-9999999,2.27328,1.427485,0.593425,0.178047,0.981977,0.49,900,6.417524,9.844312,2012-10-09T03:05:54.536,-9999999,G2,183.C-0972(A),Udry,-9999999,HARPS_ech_obs_all,HARPS_ech_obs_thosimult,STAR_WAVE_G6,3.45015605004893e-06,9.58808884180364e-07,0,0
85392,GJ9803,343.9598335,-7.82231,2456210.6152964,2.869537,0.970624,-27609.499072,1.076098,-0.997308,0.732548,-27607.554296,0.588693,-1.02978,0.732471,0.1333,7.240906,4.476777,1.226766,0.42762,0.000595,0.339268,0.000806,0.473382,0.001049,0,6.625621,41.339785,-0.035867,-28,128.8,2456210.6153,-17.439162,-17.439015,0,-9999999,2.273958,1.059114,0.636777,-0.329182,0.900793,0.49,900,0.153826,7.243814,2012-10-10T02:31:52.002,-9999999,G2,183.C-0972(A),Udry,-9999999,HARPS_ech_obs_all,HARPS_ech_obs_thosimult,STAR_WAVE_G6,5.7826483763119e-06,5.85032816302502e-07,0,0
