,target,ra,dec,BJD,RV_mlc_nzp,e_RV_mlc_nzp,RV_drs_nzp,e_RV_drs_nzp,RV_mlc,e_RV_mlc,RV_drs,e_RV_drs,RV_mlc_j,e_RV_mlc_j,CRX,e_CRX,dLW,e_dLW,Halpha,e_Halpha,NaD1,e_NaD1,NaD2,e_NaD2,f_RV,FWHM_DRS,CONTRAST_DRS,BIS,RVGUESS,SNR_DRS,BJD_DRS,BERV,BERV_DRS,DRIFT,e_DRIFT,SA,NZP_mlc,dNZP_mlc,NZP_drs,dNZP_drs,TMMEAN,EXPTIME,MLCRX,E_MLCRX,TIMEID,DRIFT_LAMP,MASK,PROGID,PROGPI,AIRMASS,OBHAB,THAR_FP,DPR_TYPE,RHKp,dRHKp,vsinflag,metflag
126252,HIP108095,328.51515,-17.161305,2452943.57661,-454.321208,3.964027,-35859.41439,2.902464,-698.45542,3.923863,-35859.221279,2.840708,-699.503306,3.939987,-34.410808,29.866846,-0.945802,3.179451,0.491772,0.001954,0.403947,0.002774,0.546451,0.003563,0,8.904746,26.080353,0.020642,-37,40.7,2452943.57656,-28.830746,-28.830517,0,-9999999,0.0,0.267681,0.562861,0.193111,0.595547,0.54,90,-34.186396,29.869165,2003-10-31T01:46:59.056,-9999999,G2,072.C-0488(E),M. Mayor,-9999999,HARPS_ech_obs_all,HARPS_ech_obs_objA,STAR_DARK_G1/G2V,3.30296359524349e-05,1.62253369694213e-06,0,0
126253,HIP108095,328.51515,-17.161305,2453217.7765105,-412.208589,3.490418,-35819.211752,2.424269,-658.489922,3.383701,-35821.598259,2.216868,-659.203758,3.401353,-38.113775,24.484231,-20.563062,3.086499,0.46933,0.001723,0.413216,0.00249,0.539422,0.003126,0,8.775721,26.15736,0.013161,-37,46.7,2453217.7765,8.02192,8.022305,0,-9999999,0.017623,-1.87944,0.856498,-2.40413,0.98111,0.51,150,-38.075172,24.343389,2004-07-31T06:28:47.451,-9999999,G2,072.C-0488(E),Mayor,-9999999,HARPS_ech_obs_all,HARPS_ech_obs_objA,STAR_DARK_G1,2.789898833289e-05,1.62150972835649e-06,0,0
126254,HIP108095,328.51515,-17.161305,2453263.7196955,-439.154528,2.990754,-35844.460666,2.191014,-684.884831,2.86549,-35845.874294,1.959076,-685.600351,2.88007,27.376472,23.794657,6.376347,2.476029,0.468826,0.001495,0.405911,0.002171,0.537792,0.002757,0,8.814426,26.229335,0.022221,-37,53.4,2453263.71969,-14.437208,-14.436864,0,-9999999,0.020576,-1.32841,0.856491,-1.434204,0.981102,0.51,120,27.171594,23.783964,2004-09-15T05:07:56.033,-9999999,G2,072.C-0488(E),Mayor,-9999999,HARPS_ech_obs_all,HARPS_ech_obs_objA,STAR_DARK_G1,2.55340287245274e-05,1.48302230108961e-06,0,0
126255,HIP108095,328.51515,-17.161305,2453264.6267874,-438.216201,2.744588,-35846.919524,2.028552,-684.038556,2.607523,-35848.178532,1.775513,-684.787844,2.619482,53.461133,23.288978,5.52722,2.057284,0.459876,0.001396,0.407555,0.002051,0.547096,0.002591,0,8.766965,26.224913,0.037544,-37,56.4,2453264.62678,-14.634026,-14.633681,0,-9999999,0.020634,-1.420462,0.856497,-1.279642,0.981109,0.51,112,53.432022,23.27842,2004-09-16T02:54:16.524,-9999999,G2,072.C-0488(E),Mayor,-9999999,HARPS_ech_obs_all,HARPS_ech_obs_objA,STAR_DARK_G1,2.75671524648028e-05,1.33516377996821e-06,0,0
126256,HIP108095,328.51515,-17.161305,2453272.6494554,-434.714968,4.825957,-35847.676436,3.209045,-680.703364,4.749345,-35850.049709,3.083082,-680.571453,4.774764,24.660682,37.464428,3.744835,3.515799,0.45874,0.002169,0.412533,0.00327,0.545098,0.004143,0,8.778933,26.268376,0.028081,-37,36.3,2453272.64945,-18.157849,-18.15753,0,-9999999,0.02115,-1.586502,0.856494,-2.394423,0.890268,0.49,112,25.110115,37.567468,2004-09-24T03:27:35.135,-9999999,G2,072.C-0488(E),Mayor,-9999999,HARPS_ech_obs_all,HARPS_ech_obs_objA,STAR_DARK_G1,3.56195922798579e-05,1.37683607233006e-06,0,0
126257,HIP108095,328.51515,-17.161305,2453291.5820535,-410.211076,3.358498,-35820.26558,2.372288,-654.611801,3.247445,-35820.020332,2.159896,-655.425955,3.262439,81.981604,30.89877,3.944321,2.919001,0.468176,0.001659,0.41192,0.002421,0.544326,0.003078,0,8.79137,26.308576,0.012234,-37,48.0,2453291.58205,-24.826619,-24.826372,0,-9999999,0.022366,0.001168,0.856508,0.222882,0.981121,0.51,120,82.232978,30.770389,2004-10-13T01:52:23.098,-9999999,G2,072.C-0488(E),Mayor,-9999999,HARPS_ech_obs_all,HARPS_ech_obs_objA,STAR_DARK_G1,2.99027017433082e-05,1.26786089575669e-06,0,0
126258,HIP108095,328.51515,-17.161305,2453294.5122784,-391.462518,2.866368,-35804.44699,1.988301,-635.818956,2.763884,-35804.301313,1.811542,-636.450877,2.774846,28.424831,21.075519,4.510207,2.267438,0.464948,0.001453,0.411659,0.002097,0.546155,0.002676,0,8.82863,26.16593,0.025184,-37,54.9,2453294.51227,-25.508536,-25.508315,0,-9999999,0.022555,0.045456,0.759613,0.123122,0.819546,0.49,200,28.340069,21.165292,2004-10-16T00:11:38.993,-9999999,G2,072.C-0488(E),Mayor,-9999999,HARPS_ech_obs_all,HARPS_ech_obs_objA,STAR_DARK_G1,2.62243093459758e-05,1.41873217006551e-06,0,0
126259,HIP108095,328.51515,-17.161305,2453296.5766106,-429.609981,3.524957,-35837.484384,2.73775,-676.094488,3.422747,-35837.228585,2.555909,-676.225812,3.440219,26.394242,29.176083,8.633652,2.78367,0.453007,0.001945,0.414298,0.002867,0.534607,0.003648,0,8.759389,26.309716,0.049502,-37,41.3,2453296.5766,-26.221939,-26.221727,0,-9999999,0.022687,-2.082613,0.84269,0.233112,0.981123,0.51,112,26.281167,29.211455,2004-10-18T01:45:13.464,-9999999,G2,072.C-0488(E),Mayor,-9999999,HARPS_ech_obs_all,HARPS_ech_obs_objA,STAR_DARK_G1,3.34021727253339e-05,1.32937700688719e-06,0,0
126260,HIP108095,328.51515,-17.161305,2453339.5274895,-427.667886,1.748512,-35831.98178,1.465939,-672.892569,1.524353,-35831.762062,1.08919,-672.897174,1.53263,21.446864,10.060196,7.21917,1.275892,0.470235,0.000805,0.406118,0.001157,0.548461,0.001495,0,8.806113,26.112037,0.060684,-37,97.2,2453339.52749,-29.493586,-29.493694,0,-9999999,0.025448,-0.82279,0.856529,0.19427,0.981143,0.5,300,21.480594,9.813716,2004-11-30T00:38:56.182,-9999999,G2,072.C-0488(E),Mayor,-9999999,HARPS_ech_obs_all,HARPS_ech_obs_objA,STAR_DARK_G1,3.10150949790144e-05,9.67743766549711e-07,0,0
126261,HIP108095,328.51515,-17.161305,2453341.5684469,-394.638641,2.292968,-35797.795598,1.668041,-639.456554,2.163083,-35797.652729,1.348982,-639.790267,2.172724,-22.725624,16.582834,0.069458,1.474842,0.470843,0.001046,0.390057,0.001533,0.539649,0.002002,0,8.861192,26.06572,0.022228,-37,73.2,2453341.56845,-29.307411,-29.307537,0,-9999999,0.025579,-0.41602,0.760772,0.11729,0.981126,0.5,300,-22.870083,16.597574,2004-12-02T01:38:12.027,-9999999,G2,072.C-0488(E),Mayor,-9999999,HARPS_ech_obs_all,HARPS_ech_obs_objA,STAR_DARK_G1,3.07230386201922e-05,9.45928915596102e-07,0,0
126262,HIP108095,328.51515,-17.161305,2453342.5749338,-414.798925,2.247583,-35820.924419,1.637487,-660.016993,2.077984,-35820.805726,1.311015,-660.359329,2.088478,20.26618,17.229336,-4.484813,1.572504,0.469122,0.00103,0.386564,0.001495,0.539716,0.00196,0,8.788133,26.210786,0.045585,-37,74.9,2453342.57492,-29.1769,-29.177019,0,-9999999,0.025644,-0.816175,0.856511,0.093049,0.981123,0.55,300,20.112021,17.121969,2004-12-03T01:47:25.882,-9999999,G2,072.C-0488(E),Mayor,-9999999,HARPS_ech_obs_all,HARPS_ech_obs_objA,STAR_DARK_G1,3.00312643816881e-05,1.01679301258749e-06,0,0
126263,HIP108095,328.51515,-17.161305,2453343.5616846,-379.701608,2.822942,-35789.056381,1.93656,-624.915514,2.689867,-35788.912723,1.669626,-625.453799,2.706531,21.686161,23.693396,-6.55067,1.966373,0.467502,0.001329,0.39392,0.001948,0.544177,0.002536,0,8.78212,26.286878,0.006491,-37,58.6,2453343.56168,-29.015346,-29.015484,0,-9999999,0.025707,-0.812013,0.856515,0.117951,0.981128,0.51,300,21.560499,23.609042,2004-12-04T01:28:41.322,-9999999,G2,072.C-0488(E),Mayor,-9999999,HARPS_ech_obs_all,HARPS_ech_obs_objA,STAR_DARK_G1,2.99308628377881e-05,1.08241953284556e-06,0,0
126264,HIP108095,328.51515,-17.161305,2453344.5402618,-352.087835,1.964858,-35758.495165,1.585495,-597.295012,1.768343,-35758.31118,1.245458,-598.140788,1.778198,2.230504,16.2128,12.443099,1.456072,0.47242,0.001004,0.384223,0.001427,0.55056,0.001877,0,8.811675,26.244183,-0.015018,-37,78.4,2453344.54026,-28.832563,-28.832694,0,-9999999,0.02577,-0.805283,0.856523,0.158215,0.981137,0.5,300,2.092301,16.244553,2004-12-05T00:58:01.473,-9999999,G2,072.C-0488(E),Mayor,-9999999,HARPS_ech_obs_all,HARPS_ech_obs_objA,STAR_DARK_G1,3.0125229306571e-05,1.0199813775046e-06,0,0
126265,HIP108095,328.51515,-17.161305,2453345.5326523,-379.744551,2.259027,-35784.244354,1.755683,-624.966864,2.090351,-35784.030044,1.455949,-625.477836,2.099239,-9.959418,16.075338,16.854511,1.957099,0.477297,0.001172,0.388497,0.001662,0.549564,0.002195,0,8.862907,26.191876,0.043594,-37,67.4,2453345.53265,-28.658249,-28.658398,0,-9999999,0.025834,-0.82042,0.856526,0.188476,0.98114,0.52,300,-9.867583,16.027864,2004-12-06T00:47:06.154,-9999999,G2,072.C-0488(E),Mayor,-9999999,HARPS_ech_obs_all,HARPS_ech_obs_objA,STAR_DARK_G1,3.49382815363365e-05,9.65233155899355e-07,0,0
126266,HIP108095,328.51515,-17.161305,2453492.9090942,-357.982657,3.640331,-35777.832551,2.405518,-603.858861,3.566757,-35780.202054,2.28342,-604.422929,3.584553,23.295861,26.383636,1.425994,2.342597,0.484781,0.001845,0.410446,0.002629,0.536835,0.003284,0,8.856757,26.06935,0.039307,-37,44.6,2453492.90908,28.839622,28.839572,0,-9999999,0.035306,-1.474311,0.728187,-2.404809,0.756644,0.49,90,23.501793,26.466276,2005-05-02T09:50:10.940,-9999999,G2,072.C-0488(E),Mayor,-9999999,HARPS_ech_obs_all,HARPS_ech_obs_objA,STAR_DARK_G1,3.57383250395177e-05,1.4060697870008e-06,0,0
126267,HIP108095,328.51515,-17.161305,2456149.7241709,226.099671,2.477664,-35185.203907,1.729464,-18.692765,2.359677,-35185.982129,1.439412,-19.03591,2.372658,34.107089,20.684583,4.521037,1.839548,0.493734,0.00126,0.409322,0.001693,0.531827,0.002133,0,8.985482,25.95012,0.031803,-37,68.5,2456149.72416,3.308393,3.308621,0,-9999999,0.20606,-0.390543,0.755475,-0.984282,0.958717,0.46,600,34.077446,20.632663,2012-08-10T05:09:51.869,-9999999,G2,089.C-0732(A),LoCurto,-9999999,HARPS_ech_obs_all,HARPS_ech_obs_objA,STAR_DARK_G1,3.38711844314852e-05,1.33566191170451e-06,0,0
126268,HIP108095,328.51515,-17.161305,2456151.8195166,280.879625,2.918643,-35125.987203,1.835728,35.288765,2.790138,-35125.351681,1.644056,35.20514,2.804941,2.778714,24.58008,-2.691023,2.100911,0.489068,0.001408,0.40706,0.001908,0.530494,0.002407,0,8.86503,26.179849,-0.017944,-37,60.8,2456151.81952,2.038131,2.038343,0,-9999999,0.206195,-1.188967,0.856509,0.429327,0.816687,0.52,300,2.689014,24.579896,2012-08-12T07:29:08.061,-9999999,G2,089.C-0732(A),LoCurto,-9999999,HARPS_ech_obs_all,HARPS_ech_obs_objA,STAR_DARK_G1,3.66674694714895e-05,1.10642974107787e-06,0,0
126269,HIP108095,328.51515,-17.161305,2456157.7003126,217.649437,6.417854,-35191.416439,4.00736,-27.012926,6.360446,-35190.958352,3.885405,-26.268425,6.391755,-30.000947,52.463887,28.711769,4.652862,0.488143,0.003458,0.418242,0.004782,0.538874,0.005987,0,8.999233,25.770984,0.020503,-37,27.4,2456157.70031,-0.664064,-0.663833,0,-9999999,0.206573,-0.26047,0.856491,0.251514,0.981102,0.48,180,-29.802578,52.495941,2012-08-18T04:38:37.093,-9999999,G2,089.C-0732(A),LoCurto,-9999999,HARPS_ech_obs_all,HARPS_ech_obs_objA,STAR_DARK_G1,4.61949953093236e-05,1.54482602806464e-06,0,0
126270,HIP108095,328.51515,-17.161305,2456159.7209648,257.207945,3.641443,-35156.132499,2.222443,12.518865,3.539284,-35154.609507,2.160247,12.401771,3.560861,-21.056923,26.099842,-1.507576,2.850048,0.485204,0.001872,0.409339,0.002549,0.52531,0.003187,0,8.860896,26.094834,-0.002772,-37,46.6,2456159.72096,-1.741108,-1.740885,0,-9999999,0.206702,-0.287187,0.856491,1.31629,0.522099,0.5,337,-21.174513,26.101128,2012-08-20T05:07:00.184,-9999999,G2,089.C-0732(A),LoCurto,-9999999,HARPS_ech_obs_all,HARPS_ech_obs_objA,STAR_DARK_G1,3.83052839470156e-05,1.52645828894276e-06,0,0
126271,HIP108095,328.51515,-17.161305,2456161.7173991,246.484355,4.049789,-35160.26715,2.518512,2.117013,4.008887,-35159.609583,2.454428,1.133852,4.029524,19.424833,30.979986,4.243451,3.351868,0.488086,0.002146,0.407145,0.002872,0.534333,0.003638,0,8.865732,26.005015,0.067961,-37,41.6,2456161.71739,-2.744599,-2.74439,0,-9999999,0.206831,0.034551,0.574119,0.450736,0.564521,0.52,180,19.527297,30.919772,2012-08-22T05:03:08.114,-9999999,G2,089.C-0732(A),LoCurto,-9999999,HARPS_ech_obs_all,HARPS_ech_obs_objA,STAR_DARK_G1,3.96406091733613e-05,1.36961389593849e-06,0,0
126272,HIP108095,328.51515,-17.161305,2456197.6724395,230.168446,3.498191,-35178.514621,2.268996,-13.23136,3.39172,-35177.755118,2.045918,-13.332699,3.408548,-8.231309,24.075596,0.110914,2.592769,0.490681,0.001769,0.399947,0.002364,0.546002,0.003023,0,8.916183,25.990238,0.030841,-37,49.4,2456197.67243,-19.396984,-19.396823,0,-9999999,0.209142,1.002087,0.856491,0.550361,0.981103,0.47,268,-8.371332,24.044692,2012-09-27T03:59:47.937,-9999999,G2,089.C-0732(A),LoCurto,-9999999,HARPS_ech_obs_all,HARPS_ech_obs_objA,STAR_DARK_G1,3.29789845662148e-05,1.55342248295647e-06,0,0
126273,HIP108095,328.51515,-17.161305,2456204.6283195,265.749828,2.56606,-35139.559043,1.798893,22.507486,2.4189,-35138.439561,1.507794,21.727578,2.431494,-28.641768,17.27554,-3.188485,1.41185,0.489687,0.001381,0.402437,0.001803,0.545317,0.002305,0,8.896307,26.098281,8.9e-05,-37,64.1,2456204.62832,-21.925939,-21.925834,0,-9999999,0.209589,1.159551,0.856497,0.909893,0.981109,0.51,236,-28.862075,17.256844,2012-10-04T02:57:02.686,-9999999,G2,090.C-0421(A),LoCurto,-9999999,HARPS_ech_obs_all,HARPS_ech_obs_objA,STAR_DARK_G1,3.35162001059639e-05,1.09514521851573e-06,0,0
126274,HIP108095,328.51515,-17.161305,2456209.6081251,235.918791,4.822552,-35167.08441,3.103689,-6.879309,4.786496,-35166.59565,2.944538,-5.934088,4.811914,-24.590556,35.057442,-5.925572,3.609096,0.490066,0.002499,0.405564,0.003401,0.523782,0.004282,0,8.846404,26.013884,0.021395,-37,35.6,2456209.60811,-23.595535,-23.59541,0,-9999999,0.209909,1.603793,0.588609,0.278851,0.981113,0.49,236,-24.972536,35.074759,2012-10-09T02:28:35.140,-9999999,G2,090.C-0421(A),LoCurto,-9999999,HARPS_ech_obs_all,HARPS_ech_obs_objA,STAR_DARK_G1,3.20542199794727e-05,1.36938228094477e-06,0,0
126275,HIP108095,328.51515,-17.161305,2456212.5778598,268.000408,2.216806,-35140.80539,1.639863,23.404899,2.064112,-35140.782238,1.313982,22.717087,2.075231,-71.499464,17.897832,-0.03128,1.641602,0.488835,0.001162,0.401628,0.001527,0.528329,0.001948,0,8.896917,26.101189,0.009981,-37,75.1,2456212.57785,-24.47362,-24.473516,0,-9999999,0.2101,-0.193616,0.808498,-0.186948,0.981122,0.51,236,-71.616716,17.821269,2012-10-12T01:45:15.994,-9999999,G2,090.C-0421(A),LoCurto,-9999999,HARPS_ech_obs_all,HARPS_ech_obs_objA,STAR_DARK_G1,3.69988686602052e-05,1.08788622522676e-06,0,0
126276,HIP108095,328.51515,-17.161305,2456218.6724843,252.20561,2.030122,-35153.947815,1.354276,8.051159,1.91396,-35154.50377,1.196962,7.50421,1.925761,-7.942543,17.859122,-6.300653,1.626229,0.479597,0.000999,0.410266,0.00134,0.543003,0.001715,0,8.832092,26.240493,0.01295,-37,84.9,2456218.67248,-26.414671,-26.414598,0,-9999999,0.210491,0.247443,0.67687,-0.766446,0.633519,0.5,600,-7.968388,17.887754,2012-10-18T03:59:16.476,-9999999,G2,072.C-0488(E),Mayor,-9999999,HARPS_ech_obs_all,HARPS_ech_obs_thosimult,STAR_WAVE_G1,3.28585398175062e-05,9.42016141705884e-07,0,0
126277,HIP108095,328.51515,-17.161305,2456220.6642983,242.151658,1.414806,-35164.361387,1.314981,-2.472435,1.231772,-35164.592848,0.90106,-2.962733,1.240852,-9.448097,11.076219,-1.096996,0.828992,0.487274,0.000668,0.398169,0.00089,0.533286,0.001147,0,8.925769,26.035377,0.035197,-37,126.4,2456220.66429,-26.902278,-26.90223,0,-9999999,0.210619,-0.2222,0.695999,-0.44208,0.95774,0.5,900,-9.292375,11.158755,2012-10-20T03:45:14.341,-9999999,G2,090.C-0421(A),LoCurto,-9999999,HARPS_ech_obs_all,HARPS_ech_obs_objA,STAR_DARK_G1,3.5510704100479e-05,8.37032335160004e-07,0,0
126278,HIP108095,328.51515,-17.161305,2456502.792704,299.478028,3.752558,-35109.17576,2.393676,56.201532,3.653505,-35108.078851,2.201243,56.022775,3.669997,12.769823,33.902834,-5.618406,2.694246,0.482303,0.00194,0.423402,0.002626,0.531382,0.003284,0,8.833976,26.095696,0.013232,-37,45.7,2456502.7927,9.110893,9.111022,0,-9999999,0.228752,1.125397,0.856502,0.868157,0.940327,0.52,900,12.737033,33.907945,2013-07-29T06:45:42.101,-9999999,G2,091.C-0034(A),LoCurto,-9999999,HARPS_ech_obs_all,HARPS_ech_obs_objA,STAR_DARK_G1,3.19890748964478e-05,1.20968869968766e-06,0,0
126279,HIP108095,328.51515,-17.161305,2456522.8064996,290.247803,1.530723,-35121.916846,1.33796,46.680577,1.268666,-35121.261271,0.909696,45.884378,1.278717,9.941566,10.603796,-3.941378,0.987856,0.486437,0.00071,0.405787,0.000939,0.542383,0.00119,0,8.909901,26.087021,0.015804,-37,120.9,2456522.8065,-0.839341,-0.839194,0,-9999999,0.230038,0.834668,0.856505,0.425537,0.981117,0.51,900,9.945743,10.191104,2013-08-18T07:05:18.050,-9999999,G2,091.C-0034(A),LoCurto,-9999999,HARPS_ech_obs_all,HARPS_ech_obs_thosimult,STAR_WAVE_G1,3.43342903971279e-05,1.02854303992846e-06,0,0
126280,HIP108095,328.51515,-17.161305,2456530.7300778,272.046081,5.675394,-35130.16308,3.405212,28.147437,5.610394,-35129.540465,3.260814,27.958501,5.640072,44.282087,53.30512,4.412047,4.128418,0.486045,0.002743,0.414999,0.003799,0.54232,0.004772,0,8.893987,26.079747,0.012516,-37,32.3,2456530.73008,-4.644826,-4.644714,0,-9999999,0.230547,0.503249,0.856492,0.392068,0.981103,0.51,160,42.885094,53.567964,2013-08-26T05:21:38.448,-9999999,G2,091.C-0034(A),LoCurto,-9999999,HARPS_ech_obs_all,HARPS_ech_obs_objA,STAR_DARK_G1,3.34200200091825e-05,2.08372816331788e-06,0,0
126281,HIP108095,328.51515,-17.161305,2456556.66188,296.154897,1.956788,-35111.96455,1.505246,52.798954,1.759386,-35110.294885,1.141578,52.419098,1.77132,-9.001103,15.755853,-2.329102,1.290265,0.475151,0.000917,0.413679,0.001255,0.533266,0.001599,0,8.85563,26.136674,0.010561,-37,90.9,2456556.66188,-16.767067,-16.766941,0,-9999999,0.232214,1.04595,0.856492,1.437451,0.981104,0.48,900,-9.008665,15.647996,2013-09-21T03:38:56.233,-9999999,G2,091.C-0034(A),LoCurto,-9999999,HARPS_ech_obs_all,HARPS_ech_obs_thosimult,STAR_WAVE_G1,3.3605097555101e-05,9.37271003858813e-07,0,0
126282,HIP108095,328.51515,-17.161305,2456847.8163205,289.200483,1.675986,-35115.425299,1.403361,46.417564,1.440598,-35114.00159,1.003407,46.238473,1.450071,9.137253,11.574605,-2.722837,1.065215,0.482403,0.000784,0.40877,0.001048,0.541463,0.001317,0,8.869751,26.085243,0.067426,-37,108.7,2456847.81631,17.931748,17.931921,0,-9999999,0.250927,1.618974,0.856508,1.172782,0.98112,0.5,900,9.199329,11.278172,2014-07-09T07:21:19.772,-9999999,G2,093.C-0409(A),LoCurto,-9999999,HARPS_ech_obs_all,HARPS_ech_obs_thosimult,STAR_WAVE_G1,3.25375446978391e-05,9.58885574684411e-07,0,0
126283,HIP108095,328.51515,-17.161305,2456848.924232,305.319878,1.791005,-35099.86433,1.444806,62.571303,1.5729,-35098.588999,1.060551,61.825615,1.582037,-4.712191,13.018359,-5.815476,1.183709,0.473235,0.000833,0.416142,0.001116,0.545449,0.001412,0,8.844904,26.171346,0.037729,-37,101.9,2456848.92422,17.248341,17.24851,0,-9999999,0.250998,1.653318,0.856555,1.024333,0.981171,0.53,900,-4.778892,12.905777,2014-07-10T09:56:10.677,-9999999,G2,093.C-0409(A),LoCurto,-9999999,HARPS_ech_obs_all,HARPS_ech_obs_thosimult,STAR_WAVE_G1,3.17384823143753e-05,1.16365157348226e-06,0,0
126284,HIP108095,328.51515,-17.161305,2457353.5566875,0.095899,0.316608,-34950.773908,5.311087,-4.803379,0.067641,-34951.151296,5.300436,212.570821,1.929938,-24.20732,19.892957,2.65416,1.697726,0.490704,0.001037,0.399056,0.001368,0.528516,0.001743,0,8.916296,25.996674,0.025007,-37,82.0,2457353.55668,-29.914164,-29.914205,0,-9999999,0.283431,-1.111781,0.309298,-0.660819,0.336188,0.54,755,-23.814327,19.900018,2015-11-27T01:16:09.587,-9999999,G2,096.C-0460(A),LoCurto,-9999999,HARPS_ech_obs_all,HARPS_ech_obs_objAB,STAR_SKY_G1,3.52134039389527e-05,1.09690012804158e-06,0,0
126285,HIP108095,328.51515,-17.161305,2457528.9115581,-1.732616,1.345752,-34944.625606,3.372414,-4.974741,0.537987,-34944.446272,3.092114,210.615951,5.847179,28.69961,48.646275,-7.349452,4.320505,0.501529,0.003063,0.423023,0.00392,0.517444,0.004712,0,8.939598,25.746903,0.040605,-37,32.1,2457528.91155,29.342921,29.342945,0,-9999999,0.294701,0.545373,1.233539,-0.115367,1.346109,0.5,123,28.99408,48.748692,2016-05-20T09:50:54.074,-9999999,G2,196.C-1006(A),Udry,-9999999,HARPS_ech_obs_all,HARPS_ech_obs_objA,STAR_DARK_G1,2.63321641630436e-05,1.97410902059458e-06,0,0
