,target,ra,dec,BJD,RV_mlc_nzp,e_RV_mlc_nzp,RV_drs_nzp,e_RV_drs_nzp,RV_mlc,e_RV_mlc,RV_drs,e_RV_drs,RV_mlc_j,e_RV_mlc_j,CRX,e_CRX,dLW,e_dLW,Halpha,e_Halpha,NaD1,e_NaD1,NaD2,e_NaD2,f_RV,FWHM_DRS,CONTRAST_DRS,BIS,RVGUESS,SNR_DRS,BJD_DRS,BERV,BERV_DRS,DRIFT,e_DRIFT,SA,NZP_mlc,dNZP_mlc,NZP_drs,dNZP_drs,TMMEAN,EXPTIME,MLCRX,E_MLCRX,TIMEID,DRIFT_LAMP,MASK,PROGID,PROGPI,AIRMASS,OBHAB,THAR_FP,DPR_TYPE,RHKp,dRHKp,vsinflag,metflag
129057,GJ239.1,99.171799,-19.25707,2458384.8192643,-3.128253,1.260352,2630.231731,1.679352,-3.30418,0.258751,2629.13598,1.004183,-3.30418,0.258751,3.116345,3.573417,-1.243772,0.45675,0.489923,0.000378,0.166639,0.000349,0.240485,0.00046,0,6.894704,53.484349,0.060242,-99999,211.5,2458384.81926,21.857812,21.857954,0,-9999999,0.0,0.443044,1.233505,-1.095751,1.346046,0.52,30,3.069559,3.567029,2018-09-23T07:40:41.667,-9999999,K5,101.C-0232(A),Trifonov,-9999999,HARPS_ech_obs_all,HARPS_ech_obs_objAB,STAR_SKY_K1III,6.01082816285486e-06,3.6633670105258e-07,0,0
129058,GJ239.1,99.171799,-19.25707,2458384.819987,-3.124254,1.260924,2629.782939,1.686475,-3.298853,0.261521,2628.687209,1.01605,-3.298853,0.261521,2.743826,3.336366,-0.732758,0.459928,0.490276,0.000389,0.166613,0.000357,0.23974,0.000469,0,6.894545,53.483933,0.059753,-99999,207.3,2458384.81998,21.856807,21.856959,0,-9999999,0.0,0.444371,1.233505,-1.09573,1.346046,0.51,30,2.702876,3.326983,2018-09-23T07:41:44.400,-9999999,K5,101.C-0232(A),Trifonov,-9999999,HARPS_ech_obs_all,HARPS_ech_obs_objAB,STAR_SKY_K1III,5.39718227361975e-06,4.2305777432952e-07,0,0
129059,GJ239.1,99.171799,-19.25707,2458384.8207024,-2.480586,1.256548,2631.071244,1.638259,-2.653871,0.239532,2629.975534,0.933836,-2.653871,0.239532,6.228322,3.730011,-0.961754,0.418243,0.49054,0.00036,0.16597,0.000328,0.240801,0.000434,0,6.893469,53.481779,0.059595,-99999,224.5,2458384.8207,21.855806,21.855958,0,-9999999,0.0,0.445685,1.233506,-1.09571,1.346047,0.51,30,6.15845,3.723121,2018-09-23T07:42:46.204,-9999999,K5,101.C-0232(A),Trifonov,-9999999,HARPS_ech_obs_all,HARPS_ech_obs_objAB,STAR_SKY_K1III,5.74311780746552e-06,4.40978744191761e-07,0,0
129060,GJ239.1,99.171799,-19.25707,2458384.8214241,-3.235108,1.258899,2630.325182,1.665739,-3.407067,0.251573,2629.229493,0.981245,-3.407067,0.251573,3.89953,3.459615,-1.147292,0.492446,0.489549,0.000371,0.166558,0.000342,0.240472,0.000451,0,6.893908,53.491387,0.058815,-99999,216.0,2458384.82141,21.854789,21.85495,0,-9999999,0.0,0.447011,1.233507,-1.095689,1.346048,0.52,30,3.840917,3.447877,2018-09-23T07:43:48.257,-9999999,K5,101.C-0232(A),Trifonov,-9999999,HARPS_ech_obs_all,HARPS_ech_obs_objAB,STAR_SKY_K1III,5.7866328530778e-06,4.68432395428922e-07,0,0
129061,GJ239.1,99.171799,-19.25707,2458384.8221412,-2.701828,1.257514,2630.524001,1.650775,-2.87247,0.244545,2629.428333,0.955621,-2.87247,0.244545,2.379202,3.312632,-1.240245,0.446353,0.490666,0.000368,0.166398,0.000336,0.240202,0.000443,0,6.893911,53.492243,0.058903,-99999,219.9,2458384.82213,21.853774,21.853919,0,-9999999,0.0,0.448328,1.233507,-1.095668,1.346049,0.52,30,2.307712,3.301011,2018-09-23T07:44:50.210,-9999999,K5,101.C-0232(A),Trifonov,-9999999,HARPS_ech_obs_all,HARPS_ech_obs_objAB,STAR_SKY_K1III,6.03823986417913e-06,4.23518045804872e-07,0,0
129062,GJ239.1,99.171799,-19.25707,2458384.8228898,-2.480542,1.260546,2630.653608,1.685606,-2.649809,0.259682,2629.557961,1.014603,-2.649809,0.259682,2.393369,2.815677,-0.717088,0.409501,0.490415,0.000411,0.166737,0.00037,0.240825,0.000488,0,6.89479,53.488293,0.05974,-99999,200.4,2458384.82288,21.852707,21.85285,0,-9999999,0.0,0.449703,1.233508,-1.095647,1.346049,0.58,30,2.314916,2.802989,2018-09-23T07:45:53.084,-9999999,K5,101.C-0232(A),Trifonov,-9999999,HARPS_ech_obs_all,HARPS_ech_obs_objAB,STAR_SKY_K1III,5.77360528217224e-06,4.6263905366144e-07,0,0
129063,GJ239.1,99.171799,-19.25707,2458384.8235878,-2.921841,1.256813,2630.301564,1.639996,-3.089826,0.240906,2629.205937,0.936875,-3.089826,0.240906,3.734657,3.031288,-1.638822,0.432623,0.489658,0.000355,0.166579,0.000327,0.240914,0.000432,0,6.894445,53.495356,0.060956,-99999,225.4,2458384.82358,21.851706,21.851857,0,-9999999,0.0,0.450985,1.233508,-1.095627,1.34605,0.52,30,3.640115,3.014839,2018-09-23T07:46:55.187,-9999999,K5,101.C-0232(A),Trifonov,-9999999,HARPS_ech_obs_all,HARPS_ech_obs_objAB,STAR_SKY_K1III,5.54931797534509e-06,3.42159472366679e-07,0,0
129064,GJ239.1,99.171799,-19.25707,2458384.8242991,-2.604362,1.256548,2630.722448,1.635384,-2.771041,0.239514,2629.626842,0.928777,-2.771041,0.239514,6.811324,3.761955,-1.208606,0.474157,0.490721,0.000348,0.166431,0.000322,0.241101,0.000425,0,6.896264,53.489792,0.059483,-99999,229.0,2458384.8243,21.85068,21.850825,0,-9999999,0.0,0.452292,1.233509,-1.095606,1.346051,0.5,30,6.699289,3.750913,2018-09-23T07:47:57.240,-9999999,K5,101.C-0232(A),Trifonov,-9999999,HARPS_ech_obs_all,HARPS_ech_obs_objAB,STAR_SKY_K1III,5.70599998272733e-06,4.3080785742636e-07,0,0
129065,GJ239.1,99.171799,-19.25707,2458384.8250228,-2.434501,1.25719,2630.783475,1.645417,-2.59985,0.242857,2629.68789,0.946331,-2.59985,0.242857,4.253712,3.81727,-1.189659,0.339222,0.489029,0.000356,0.166458,0.000328,0.239912,0.000433,0,6.895018,53.486066,0.059451,-99999,224.5,2458384.82501,21.84963,21.849787,0,-9999999,0.0,0.453621,1.23351,-1.095585,1.346052,0.52,30,4.123057,3.803575,2018-09-23T07:48:59.164,-9999999,K5,101.C-0232(A),Trifonov,-9999999,HARPS_ech_obs_all,HARPS_ech_obs_objAB,STAR_SKY_K1III,5.82107218072021e-06,4.56572212722667e-07,0,0
129066,GJ239.1,99.171799,-19.25707,2458384.8257587,-1.939095,1.257922,2631.258178,1.651602,-2.103093,0.246618,2630.162614,0.957043,-2.103093,0.246618,3.716698,3.675534,-1.108091,0.49954,0.489638,0.000361,0.16643,0.000333,0.240221,0.000438,0,6.894879,53.494189,0.059006,-99999,221.7,2458384.82575,21.848556,21.848709,0,-9999999,0.0,0.454973,1.23351,-1.095564,1.346052,0.54,30,3.586207,3.664857,2018-09-23T07:50:02.139,-9999999,K5,101.C-0232(A),Trifonov,-9999999,HARPS_ech_obs_all,HARPS_ech_obs_objAB,STAR_SKY_K1III,5.82719775958042e-06,5.28897688559943e-07,0,0
129067,GJ239.1,99.171799,-19.25707,2458384.8264468,-1.729065,1.268006,2631.471205,1.768507,-1.891799,0.293752,2630.375661,1.147065,-1.891799,0.293752,-2.708604,3.777857,-1.122334,0.566687,0.490238,0.000429,0.165561,0.000397,0.240605,0.000524,0,6.89413,53.49141,0.060283,-99999,186.0,2458384.82644,21.847546,21.847691,0,-9999999,0.0,0.456236,1.233511,-1.095544,1.346053,0.49,30,-2.831515,3.76576,2018-09-23T07:51:03.091,-9999999,K5,101.C-0232(A),Trifonov,-9999999,HARPS_ech_obs_all,HARPS_ech_obs_objAB,STAR_SKY_K1III,5.10245268729086e-06,4.74579057046206e-07,0,0
129068,GJ239.1,99.171799,-19.25707,2458384.8271686,-1.574083,1.256723,2632.341773,1.637632,-1.735491,0.240419,2631.246249,0.932726,-1.735491,0.240419,2.084363,3.177743,-1.343867,0.436952,0.489298,0.000351,0.166675,0.000324,0.241807,0.000428,0,6.895282,53.49099,0.05996,-99999,227.5,2458384.82717,21.84648,21.846618,0,-9999999,0.0,0.457562,1.233512,-1.095524,1.346054,0.53,30,1.930912,3.170165,2018-09-23T07:52:04.244,-9999999,K5,101.C-0232(A),Trifonov,-9999999,HARPS_ech_obs_all,HARPS_ech_obs_objAB,STAR_SKY_K1III,5.65121049518314e-06,4.61027418002024e-07,0,0
129069,GJ239.1,99.171799,-19.25707,2458384.8278712,-1.172409,1.257324,2631.899771,1.643804,-1.332526,0.243538,2630.804268,0.94352,-1.332526,0.243538,5.277163,3.592743,-0.979268,0.4243,0.489712,0.000358,0.166816,0.00033,0.241045,0.000435,0,6.893149,53.493707,0.059014,-99999,223.7,2458384.82786,21.845437,21.84559,0,-9999999,0.0,0.458853,1.233512,-1.095503,1.346055,0.48,30,5.112012,3.591834,2018-09-23T07:53:06.447,-9999999,K5,101.C-0232(A),Trifonov,-9999999,HARPS_ech_obs_all,HARPS_ech_obs_objAB,STAR_SKY_K1III,5.81485443751136e-06,4.05518880465874e-07,0,0
129070,GJ239.1,99.171799,-19.25707,2458384.8286101,-1.504154,1.257651,2631.90926,1.647731,-1.662914,0.24522,2630.813778,0.950343,-1.662914,0.24522,0.412414,3.460941,-1.090239,0.435657,0.490207,0.000356,0.166597,0.000329,0.240602,0.000434,0,6.894087,53.489847,0.058492,-99999,223.9,2458384.8286,21.844334,21.844487,0,-9999999,0.0,0.46021,1.233513,-1.095482,1.346055,0.55,30,0.238197,3.448209,2018-09-23T07:54:08.181,-9999999,K5,101.C-0232(A),Trifonov,-9999999,HARPS_ech_obs_all,HARPS_ech_obs_objAB,STAR_SKY_K1III,5.3472589143205e-06,3.58217487187683e-07,0,0
129071,GJ239.1,99.171799,-19.25707,2458384.8293276,-1.474507,1.255282,2631.716235,1.620658,-1.631949,0.232763,2630.620774,0.902588,-1.631949,0.232763,-0.870624,3.555639,-0.858092,0.456197,0.489459,0.000343,0.166865,0.000315,0.24095,0.000416,0,6.896331,53.487125,0.058642,-99999,234.1,2458384.82932,21.843257,21.843413,0,-9999999,0.0,0.461528,1.233513,-1.095461,1.346056,0.55,30,-1.04619,3.541706,2018-09-23T07:55:10.174,-9999999,K5,101.C-0232(A),Trifonov,-9999999,HARPS_ech_obs_all,HARPS_ech_obs_objAB,STAR_SKY_K1III,6.02109220596988e-06,4.9597863310896e-07,0,0
129072,GJ239.1,99.171799,-19.25707,2458384.8300258,-0.960105,1.257528,2632.686618,1.64648,-1.116265,0.244582,2631.591177,0.948171,-1.116265,0.244582,0.533465,3.297933,-1.126491,0.396307,0.489904,0.000355,0.1656,0.000327,0.239717,0.000432,0,6.893576,53.48834,0.060561,-99999,224.4,2458384.83001,21.842204,21.842368,0,-9999999,0.0,0.46281,1.233514,-1.095441,1.346057,0.49,30,0.34479,3.291049,2018-09-23T07:56:12.287,-9999999,K5,101.C-0232(A),Trifonov,-9999999,HARPS_ech_obs_all,HARPS_ech_obs_objAB,STAR_SKY_K1III,5.65532594989072e-06,4.74599450120813e-07,0,0
129073,GJ239.1,99.171799,-19.25707,2458384.8307598,-0.268599,1.256698,2633.358171,1.636304,-0.423411,0.240271,2632.262751,0.930386,-0.423411,0.240271,-0.390215,3.273107,-0.081141,0.480128,0.489799,0.000348,0.166581,0.000323,0.241254,0.000426,0,6.894494,53.485669,0.057674,-99999,228.5,2458384.83076,21.84109,21.841229,0,-9999999,0.0,0.464159,1.233515,-1.09542,1.346058,0.54,30,-0.610215,3.278281,2018-09-23T07:57:14.200,-9999999,K5,101.C-0232(A),Trifonov,-9999999,HARPS_ech_obs_all,HARPS_ech_obs_objAB,STAR_SKY_K1III,5.87724815469264e-06,4.35239167721464e-07,0,0
129074,GJ239.1,99.171799,-19.25707,2458384.8314702,-0.212882,1.254823,2633.345731,1.617228,-0.366389,0.230262,2632.250331,0.89641,-0.366389,0.230262,3.779736,3.23039,-0.234514,0.408594,0.489704,0.000336,0.166605,0.00031,0.234387,0.000408,0,6.894778,53.486255,0.057692,-99999,237.7,2458384.83146,21.840006,21.840154,0,-9999999,0.0,0.465463,1.233515,-1.0954,1.346059,0.52,30,3.544585,3.238043,2018-09-23T07:58:16.174,-9999999,K5,101.C-0232(A),Trifonov,-9999999,HARPS_ech_obs_all,HARPS_ech_obs_objAB,STAR_SKY_K1III,5.80155797839499e-06,3.82301667111401e-07,0,0
129075,GJ239.1,99.171799,-19.25707,2458384.8321861,-0.319575,1.256111,2633.24603,1.632279,-0.471767,0.237177,2632.150651,0.923287,-0.471767,0.237177,2.809465,3.053168,0.577412,0.409587,0.489756,0.000344,0.166593,0.000318,0.234469,0.000419,0,6.896328,53.481203,0.058304,-99999,231.7,2458384.83218,21.838908,21.839057,0,-9999999,0.0,0.466778,1.233516,-1.095379,1.346059,0.5,30,2.57323,3.057974,2018-09-23T07:59:18.627,-9999999,K5,101.C-0232(A),Trifonov,-9999999,HARPS_ech_obs_all,HARPS_ech_obs_objAB,STAR_SKY_K1III,5.6610998404025e-06,4.14400610314405e-07,0,0
129076,GJ239.1,99.171799,-19.25707,2458384.8328987,-0.346256,1.254845,2633.05165,1.613343,-0.497139,0.230374,2631.956291,0.88938,-0.497139,0.230374,1.136688,3.848125,-0.694107,0.414765,0.48992,0.000334,0.166796,0.000308,0.233865,0.000405,0,6.895417,53.485243,0.058587,-99999,239.2,2458384.8329,21.837809,21.837953,0,-9999999,0.0,0.468087,1.233517,-1.095359,1.34606,0.5,30,0.891039,3.847517,2018-09-23T08:00:20.190,-9999999,K5,101.C-0232(A),Trifonov,-9999999,HARPS_ech_obs_all,HARPS_ech_obs_objAB,STAR_SKY_K1III,6.33352456000566e-06,7.27782275995695e-07,0,0
129077,GJ239.1,99.171799,-19.25707,2458384.8336376,0.2827,1.277117,2633.624055,1.867558,0.133174,0.330853,2632.528718,1.294563,0.133174,0.330853,-1.178854,4.144688,-1.567598,0.703061,0.490265,0.000548,0.167277,0.000489,0.234451,0.000642,0,6.896843,53.493445,0.060342,-99999,153.3,2458384.83364,21.836664,21.836808,0,-9999999,0.0,0.469444,1.233517,-1.095337,1.346061,0.56,30,-1.425905,4.149816,2018-09-23T08:01:22.224,-9999999,K5,101.C-0232(A),Trifonov,-9999999,HARPS_ech_obs_all,HARPS_ech_obs_objAB,STAR_SKY_K1III,-9999999.0,-9999999.0,-9999999,-9999999
129078,GJ239.1,99.171799,-19.25707,2458384.8343468,0.328954,1.25469,2634.034092,1.611552,0.180731,0.229524,2632.938775,0.886124,0.180731,0.229524,2.843619,3.217951,0.888439,0.45174,0.490473,0.000332,0.167125,0.000307,0.234225,0.000403,0,6.896311,53.48393,0.059576,-99999,240.6,2458384.83434,21.835559,21.835692,0,-9999999,0.0,0.470747,1.233518,-1.095317,1.346062,0.51,30,2.57459,3.238622,2018-09-23T08:02:24.997,-9999999,K5,101.C-0232(A),Trifonov,-9999999,HARPS_ech_obs_all,HARPS_ech_obs_objAB,STAR_SKY_K1III,5.26567849309795e-06,4.92329964912073e-07,0,0
129079,GJ239.1,99.171799,-19.25707,2458384.8350601,0.334207,1.255959,2634.101236,1.632834,0.187294,0.23636,2633.00594,0.924263,0.187294,0.23636,2.037471,2.98981,0.810965,0.326526,0.489388,0.000357,0.166919,0.000325,0.233311,0.000427,0,6.896919,53.470631,0.058188,-99999,227.0,2458384.83505,21.834441,21.83459,0,-9999999,0.0,0.472057,1.233519,-1.095296,1.346063,0.49,30,1.754002,3.006081,2018-09-23T08:03:27.220,-9999999,K5,101.C-0232(A),Trifonov,-9999999,HARPS_ech_obs_all,HARPS_ech_obs_objAB,STAR_SKY_K1III,6.20024367770351e-06,4.0924010974168e-07,0,0
129080,GJ239.1,99.171799,-19.25707,2458384.8357443,0.472956,1.345034,2634.247574,2.455693,0.3273,0.536233,2633.152297,2.053909,0.3273,0.536233,7.851742,6.025629,-5.131009,1.00422,0.490419,0.001146,0.167378,0.000966,0.235035,0.001265,0,6.896307,53.511328,0.058293,-99999,81.6,2458384.83574,21.833364,21.833499,0,-9999999,0.0,0.473314,1.233519,-1.095277,1.346064,0.38,30,7.618177,6.035702,2018-09-23T08:04:29.634,-9999999,K5,101.C-0232(A),Trifonov,-9999999,HARPS_ech_obs_all,HARPS_ech_obs_objAB,STAR_SKY_K1III,6.73388549297246e-06,5.2872702157749e-07,0,0
129081,GJ239.1,99.171799,-19.25707,2458384.8365952,0.601512,1.299789,2633.696308,2.086363,0.457419,0.40973,2632.601056,1.594058,0.457419,0.40973,1.621214,3.679986,-1.351083,0.747379,0.490717,0.00062,0.166521,0.000575,0.233457,0.000755,0,6.895907,53.489409,0.056649,-99999,130.2,2458384.83659,21.832018,21.832166,0,-9999999,0.0,0.474877,1.23352,-1.095252,1.346065,0.78,30,1.315231,3.696635,2018-09-23T08:05:31.147,-9999999,K5,101.C-0232(A),Trifonov,-9999999,HARPS_ech_obs_all,HARPS_ech_obs_objAB,STAR_SKY_K1III,5.20721683838306e-06,3.55893297348912e-07,0,0
129082,GJ239.1,99.171799,-19.25707,2458384.8372336,0.482989,1.258842,2634.399991,1.665983,0.340068,0.251216,2633.304757,0.981635,0.340068,0.251216,-3.239844,3.286518,0.986617,0.467022,0.490183,0.000364,0.167074,0.000338,0.234542,0.000444,0,6.894469,53.477553,0.058696,-99999,218.6,2458384.83723,21.831002,21.831156,0,-9999999,0.0,0.47605,1.233521,-1.095234,1.346065,0.55,30,-3.557255,3.29523,2018-09-23T08:06:33.200,-9999999,K5,101.C-0232(A),Trifonov,-9999999,HARPS_ech_obs_all,HARPS_ech_obs_objAB,STAR_SKY_K1III,5.85433290825515e-06,5.53993422702669e-07,0,0
129083,GJ239.1,99.171799,-19.25707,2458384.8379513,0.15885,1.257749,2634.184164,1.650782,0.017248,0.245677,2633.088951,0.955608,0.017248,0.245677,-0.322418,3.502089,1.17528,0.396846,0.490205,0.000366,0.167695,0.000337,0.235004,0.000443,0,6.894702,53.475347,0.05894,-99999,219.7,2458384.83794,21.829855,21.830013,0,-9999999,0.0,0.477368,1.233521,-1.095213,1.346066,0.55,30,-0.662345,3.507689,2018-09-23T08:07:35.204,-9999999,K5,101.C-0232(A),Trifonov,-9999999,HARPS_ech_obs_all,HARPS_ech_obs_objAB,STAR_SKY_K1III,6.02625404066848e-06,5.46791572401787e-07,0,0
129084,GJ239.1,99.171799,-19.25707,2458384.8386608,0.370122,1.256696,2634.772162,1.637202,0.229823,0.240226,2633.676969,0.931951,0.229823,0.240226,-0.988901,3.045178,2.167925,0.413369,0.490394,0.000347,0.166663,0.000321,0.23409,0.000423,0,6.89589,53.471479,0.060406,-99999,229.6,2458384.83865,21.828716,21.828862,0,-9999999,0.0,0.478671,1.233522,-1.095193,1.346067,0.51,30,-1.323624,3.061756,2018-09-23T08:08:37.697,-9999999,K5,101.C-0232(A),Trifonov,-9999999,HARPS_ech_obs_all,HARPS_ech_obs_objAB,STAR_SKY_K1III,5.87666948146512e-06,5.04186239474376e-07,0,0
129085,GJ239.1,99.171799,-19.25707,2458384.8393874,0.299448,1.257043,2634.067175,1.642501,0.160484,0.242029,2632.972003,0.941228,0.160484,0.242029,-1.965927,3.402812,1.200153,0.41574,0.490292,0.000355,0.166973,0.000327,0.234708,0.000431,0,6.895291,53.476072,0.059674,-99999,225.7,2458384.83938,21.827543,21.827689,0,-9999999,0.0,0.480006,1.233523,-1.095172,1.346068,0.52,30,-2.329041,3.408497,2018-09-23T08:09:40.170,-9999999,K5,101.C-0232(A),Trifonov,-9999999,HARPS_ech_obs_all,HARPS_ech_obs_objAB,STAR_SKY_K1III,5.84709839876802e-06,4.35617276854708e-07,0,0
129086,GJ239.1,99.171799,-19.25707,2458384.8401165,0.34432,1.257161,2634.532684,1.643633,0.206695,0.242637,2633.437533,0.943201,0.206695,0.242637,-4.703346,3.594313,2.688467,0.46385,0.489727,0.00035,0.166689,0.000325,0.234579,0.000428,0,6.896694,53.467213,0.05809,-99999,226.7,2458384.84011,21.826361,21.82651,0,-9999999,0.0,0.481345,1.233523,-1.095151,1.346069,0.51,30,-5.06227,3.595036,2018-09-23T08:10:43.464,-9999999,K5,101.C-0232(A),Trifonov,-9999999,HARPS_ech_obs_all,HARPS_ech_obs_objAB,STAR_SKY_K1III,5.5811470815226e-06,4.15920671451935e-07,0,0
129087,GJ239.1,99.171799,-19.25707,2458385.818494,-1.082241,1.256822,2631.870657,1.641149,-1.671476,0.240975,2630.956272,0.9389,-1.671476,0.240975,-2.412611,3.103981,-1.013912,0.451436,0.491235,0.000353,0.167023,0.000327,0.241126,0.000431,0,6.895242,53.498398,0.060105,-99999,226.5,2458385.81849,21.927741,21.927894,0,-9999999,1.1e-05,0.029735,1.233504,-0.914396,1.346045,0.5,30,-1.978864,3.164509,2018-09-24T07:39:29.495,-9999999,K5,101.C-0232(A),Trifonov,-9999999,HARPS_ech_obs_all,HARPS_ech_obs_objAB,STAR_SKY_K1III,5.72301923255088e-06,4.45293643163384e-07,0,0
129088,GJ239.1,99.171799,-19.25707,2458385.8191987,-0.177713,1.257035,2633.194682,1.642606,-0.765653,0.242078,2632.280317,0.941444,-0.765653,0.242078,2.238678,3.41913,-0.471391,0.484485,0.491607,0.000356,0.166127,0.000328,0.240808,0.000433,0,6.894545,53.496983,0.060171,-99999,224.9,2458385.81919,21.926741,21.926895,0,-9999999,1.1e-05,0.03103,1.233505,-0.914376,1.346046,0.51,30,2.635114,3.444861,2018-09-24T07:40:30.078,-9999999,K5,101.C-0232(A),Trifonov,-9999999,HARPS_ech_obs_all,HARPS_ech_obs_objAB,STAR_SKY_K1III,5.59188352077022e-06,5.51982985115797e-07,0,0
129089,GJ239.1,99.171799,-19.25707,2458385.819902,-0.591455,1.257049,2632.543226,1.641286,-1.178103,0.242149,2631.628881,0.939138,-1.178103,0.242149,0.486428,3.289271,-0.436319,0.447141,0.491486,0.000352,0.165847,0.000325,0.240403,0.00043,0,6.895844,53.489831,0.059612,-99999,226.6,2458385.8199,21.925737,21.925873,0,-9999999,1.1e-05,0.032322,1.233505,-0.914356,1.346046,0.5,30,0.898455,3.327641,2018-09-24T07:41:31.131,-9999999,K5,101.C-0232(A),Trifonov,-9999999,HARPS_ech_obs_all,HARPS_ech_obs_objAB,STAR_SKY_K1III,5.76391142580824e-06,4.15098011732411e-07,0,0
129090,GJ239.1,99.171799,-19.25707,2458385.8206114,-1.035365,1.258145,2631.920751,1.654689,-1.62071,0.247775,2631.006427,0.962369,-1.62071,0.247775,0.21734,3.225526,-0.552662,0.573165,0.492049,0.000364,0.166862,0.000336,0.241157,0.000444,0,6.896278,53.489963,0.060135,-99999,219.9,2458385.82061,21.924719,21.924861,0,-9999999,1.1e-05,0.033625,1.233506,-0.914335,1.346047,0.51,30,0.619016,3.274893,2018-09-24T07:42:32.125,-9999999,K5,101.C-0232(A),Trifonov,-9999999,HARPS_ech_obs_all,HARPS_ech_obs_objAB,STAR_SKY_K1III,5.65566072397588e-06,4.5452956385641e-07,0,0
129091,GJ239.1,99.171799,-19.25707,2458385.8213139,-0.147031,1.256693,2632.993032,1.638689,-0.731086,0.240287,2632.078728,0.934589,-0.731086,0.240287,-2.488074,3.554725,-0.481487,0.417967,0.491695,0.000353,0.166309,0.000326,0.240221,0.000429,0,6.89668,53.49356,0.058801,-99999,226.6,2458385.82131,21.923704,21.923844,0,-9999999,1.1e-05,0.034915,1.233507,-0.914315,1.346048,0.5,30,-2.09348,3.589043,2018-09-24T07:43:33.118,-9999999,K5,101.C-0232(A),Trifonov,-9999999,HARPS_ech_obs_all,HARPS_ech_obs_objAB,STAR_SKY_K1III,5.85221565530271e-06,3.33842975805394e-07,0,0
129092,GJ239.1,99.171799,-19.25707,2458385.8220227,-0.026419,1.257795,2633.18466,1.650192,-0.609172,0.245986,2632.270376,0.954614,-0.609172,0.245986,0.114074,3.239046,-0.593788,0.437529,0.492126,0.000357,0.166676,0.000331,0.241372,0.000438,0,6.89694,53.489019,0.059909,-99999,222.8,2458385.82202,21.922674,21.922822,0,-9999999,1.1e-05,0.036217,1.233507,-0.914295,1.346048,0.51,30,0.489345,3.268429,2018-09-24T07:44:34.051,-9999999,K5,101.C-0232(A),Trifonov,-9999999,HARPS_ech_obs_all,HARPS_ech_obs_objAB,STAR_SKY_K1III,5.92162059501717e-06,4.03322936773366e-07,0,0
129093,GJ239.1,99.171799,-19.25707,2458385.822729,0.581246,1.257459,2633.161583,1.645436,-0.00021,0.244255,2632.24732,0.946367,-0.00021,0.244255,2.10902,3.377242,-0.069115,0.507591,0.491799,0.000357,0.165908,0.000329,0.241244,0.000435,0,6.897126,53.479827,0.059663,-99999,224.0,2458385.82272,21.921642,21.921793,0,-9999999,1.1e-05,0.037514,1.233508,-0.914274,1.346049,0.51,30,2.469046,3.390287,2018-09-24T07:45:35.075,-9999999,K5,101.C-0232(A),Trifonov,-9999999,HARPS_ech_obs_all,HARPS_ech_obs_objAB,STAR_SKY_K1III,5.67336784431729e-06,3.39472034726394e-07,0,0
129094,GJ239.1,99.171799,-19.25707,2458385.8234323,0.985974,1.260356,2634.189711,1.681378,0.40581,0.258756,2633.275468,1.007563,0.40581,0.258756,-0.426421,2.969724,0.174892,0.480064,0.492039,0.000381,0.166694,0.000352,0.241682,0.000465,0,6.897096,53.486166,0.059176,-99999,209.9,2458385.82343,21.920609,21.920758,0,-9999999,1.1e-05,0.038806,1.233508,-0.914254,1.34605,0.5,30,-0.07401,2.984039,2018-09-24T07:46:36.128,-9999999,K5,101.C-0232(A),Trifonov,-9999999,HARPS_ech_obs_all,HARPS_ech_obs_objAB,STAR_SKY_K1III,5.80463260185053e-06,4.50707138868902e-07,0,0
129095,GJ239.1,99.171799,-19.25707,2458385.8241377,0.590693,1.258089,2634.270142,1.654153,0.011825,0.247473,2633.355919,0.961442,0.011825,0.247473,-0.634828,3.210302,-0.560741,0.52987,0.491505,0.000363,0.165589,0.000334,0.24148,0.000443,0,6.896224,53.488191,0.060284,-99999,220.4,2458385.82414,21.919566,21.9197,0,-9999999,1.1e-05,0.040102,1.233509,-0.914234,1.346051,0.5,30,-0.305015,3.229719,2018-09-24T07:47:37.071,-9999999,K5,101.C-0232(A),Trifonov,-9999999,HARPS_ech_obs_all,HARPS_ech_obs_objAB,STAR_SKY_K1III,5.91417916477588e-06,4.10687742368009e-07,0,0
129096,GJ239.1,99.171799,-19.25707,2458385.824844,0.643552,1.259384,2633.935294,1.668082,0.065981,0.253971,2633.021092,0.985213,0.065981,0.253971,-0.865642,3.406942,-0.000347,0.488585,0.491718,0.000371,0.166363,0.000343,0.241562,0.000453,0,6.898489,53.485672,0.059888,-99999,215.3,2458385.82484,21.918517,21.918654,0,-9999999,1.1e-05,0.041399,1.23351,-0.914213,1.346051,0.5,30,-0.527478,3.424824,2018-09-24T07:48:38.094,-9999999,K5,101.C-0232(A),Trifonov,-9999999,HARPS_ech_obs_all,HARPS_ech_obs_objAB,STAR_SKY_K1III,5.77941690621781e-06,4.47125591951828e-07,0,0
129097,GJ239.1,99.171799,-19.25707,2458385.8255495,1.194656,1.259791,2634.325179,1.67193,0.618381,0.255983,2633.410997,0.991713,0.618381,0.255983,0.454821,2.942395,-1.005426,0.457848,0.491641,0.000376,0.166919,0.000348,0.241642,0.000459,0,6.896682,53.483458,0.058872,-99999,212.7,2458385.82555,21.917463,21.917602,0,-9999999,1.1e-05,0.042695,1.23351,-0.914193,1.346052,0.5,30,0.768144,2.950704,2018-09-24T07:49:39.048,-9999999,K5,101.C-0232(A),Trifonov,-9999999,HARPS_ech_obs_all,HARPS_ech_obs_objAB,STAR_SKY_K1III,5.78349655757944e-06,4.16280795042696e-07,0,0
129098,GJ239.1,99.171799,-19.25707,2458385.8262594,1.41639,1.258157,2634.783193,1.656709,0.841419,0.247809,2633.869031,0.965829,0.841419,0.247809,-2.448709,3.551227,0.384174,0.508145,0.491503,0.000364,0.16624,0.000336,0.240894,0.000444,0,6.897935,53.484459,0.059431,-99999,219.9,2458385.82626,21.916396,21.916544,0,-9999999,1.1e-05,0.043999,1.233511,-0.914173,1.346053,0.51,30,-2.133471,3.560312,2018-09-24T07:50:40.071,-9999999,K5,101.C-0232(A),Trifonov,-9999999,HARPS_ech_obs_all,HARPS_ech_obs_objAB,STAR_SKY_K1III,5.77105444628259e-06,4.53468197445757e-07,0,0
129099,GJ239.1,99.171799,-19.25707,2458385.8269637,1.339205,1.259541,2634.923109,1.66966,0.765527,0.254743,2634.008968,0.987878,0.765527,0.254743,-0.181436,3.430548,0.31062,0.438726,0.490891,0.000373,0.165984,0.000345,0.241541,0.000456,0,6.897606,53.485809,0.060411,-99999,214.2,2458385.82696,21.915333,21.915481,0,-9999999,1.1e-05,0.045293,1.233511,-0.914152,1.346054,0.5,30,0.105863,3.436929,2018-09-24T07:51:41.224,-9999999,K5,101.C-0232(A),Trifonov,-9999999,HARPS_ech_obs_all,HARPS_ech_obs_objAB,STAR_SKY_K1III,5.24799594026676e-06,4.55226777587473e-07,0,0
129100,GJ239.1,99.171799,-19.25707,2458385.827668,1.093323,1.260264,2634.839043,1.678484,0.520939,0.258289,2633.924922,1.002719,0.520939,0.258289,-1.313056,3.618547,0.545961,0.45694,0.492026,0.000378,0.165783,0.000349,0.240935,0.000462,0,6.898157,53.483819,0.060602,-99999,211.3,2458385.82767,21.914263,21.914412,0,-9999999,1.1e-05,0.046586,1.233512,-0.914132,1.346054,0.5,30,-1.027437,3.628874,2018-09-24T07:52:42.067,-9999999,K5,101.C-0232(A),Trifonov,-9999999,HARPS_ech_obs_all,HARPS_ech_obs_objAB,STAR_SKY_K1III,5.5507958693554e-06,4.6580715269686e-07,0,0
129101,GJ239.1,99.171799,-19.25707,2458385.8283776,1.89004,1.260041,2635.056413,1.675717,1.318959,0.257197,2634.142312,0.998079,1.318959,0.257197,-2.576914,3.51534,1.005106,0.434144,0.491887,0.000378,0.166262,0.000349,0.241372,0.000461,0,6.898004,53.477546,0.059077,-99999,211.9,2458385.82837,21.91318,21.913318,0,-9999999,1.1e-05,0.04789,1.233513,-0.914112,1.346055,0.51,30,-2.317618,3.518654,2018-09-24T07:53:43.071,-9999999,K5,101.C-0232(A),Trifonov,-9999999,HARPS_ech_obs_all,HARPS_ech_obs_objAB,STAR_SKY_K1III,5.96304147433617e-06,5.83658564592633e-07,0,0
129102,GJ239.1,99.171799,-19.25707,2458385.829087,1.945455,1.259613,2635.100882,1.669996,1.375677,0.255089,2634.186802,0.988443,1.375677,0.255089,-0.008898,3.707602,0.328239,0.506514,0.491506,0.000373,0.167073,0.000346,0.240582,0.000455,0,6.898236,53.478394,0.059379,-99999,214.3,2458385.82908,21.912091,21.912238,0,-9999999,1.1e-05,0.049193,1.233513,-0.914091,1.346056,0.52,30,0.239382,3.706562,2018-09-24T07:54:44.064,-9999999,K5,101.C-0232(A),Trifonov,-9999999,HARPS_ech_obs_all,HARPS_ech_obs_objAB,STAR_SKY_K1III,6.13471000126538e-06,6.08259507486571e-07,0,0
129103,GJ239.1,99.171799,-19.25707,2458385.8297833,2.159091,1.25946,2635.513521,1.671162,1.590592,0.254327,2634.599461,0.990411,1.590592,0.254327,-3.391475,3.438393,-0.38248,0.570181,0.490988,0.000371,0.166904,0.000344,0.241229,0.000454,0,6.897557,53.491851,0.059181,-99999,214.9,2458385.82977,21.911017,21.911169,0,-9999999,1.1e-05,0.050472,1.233514,-0.914071,1.346057,0.49,30,-3.147977,3.442028,2018-09-24T07:55:45.117,-9999999,K5,101.C-0232(A),Trifonov,-9999999,HARPS_ech_obs_all,HARPS_ech_obs_objAB,STAR_SKY_K1III,5.846886149087e-06,4.66880662621958e-07,0,0
129104,GJ239.1,99.171799,-19.25707,2458385.8304965,2.277742,1.259718,2635.513626,1.672367,1.710553,0.255602,2634.599586,0.992441,1.710553,0.255602,-4.659349,3.253921,0.62686,0.46586,0.491278,0.000375,0.166358,0.000347,0.240764,0.000457,0,6.89681,53.481686,0.058313,-99999,213.2,2458385.83049,21.909911,21.91006,0,-9999999,1.1e-05,0.051782,1.233514,-0.914051,1.346058,0.51,30,-4.422153,3.258974,2018-09-24T07:56:46.130,-9999999,K5,101.C-0232(A),Trifonov,-9999999,HARPS_ech_obs_all,HARPS_ech_obs_objAB,STAR_SKY_K1III,5.73089752984868e-06,3.9999624447126e-07,0,0
129105,GJ239.1,99.171799,-19.25707,2458385.8312018,2.063368,1.263485,2635.843881,1.716393,1.497475,0.273561,2634.929862,1.064957,1.497475,0.273561,-1.979257,3.196697,1.216761,0.494698,0.491246,0.000401,0.166328,0.000371,0.242477,0.000491,0,6.898512,53.473116,0.059074,-99999,199.4,2458385.8312,21.908812,21.908962,0,-9999999,1.1e-05,0.053077,1.233515,-0.91403,1.346058,0.51,30,-1.758878,3.20103,2018-09-24T07:57:47.064,-9999999,K5,101.C-0232(A),Trifonov,-9999999,HARPS_ech_obs_all,HARPS_ech_obs_objAB,STAR_SKY_K1III,5.62130824108093e-06,4.31025119563372e-07,0,0
129106,GJ239.1,99.171799,-19.25707,2458385.8319077,1.993004,1.260714,2635.440746,1.682519,1.428408,0.260457,2634.526747,1.009453,1.428408,0.260457,-4.027769,3.433358,2.001426,0.434693,0.491674,0.000388,0.166821,0.000357,0.240721,0.000471,0,6.89777,53.478891,0.059124,-99999,207.3,2458385.8319,21.907706,21.907859,0,-9999999,1.1e-05,0.054374,1.233516,-0.91401,1.346059,0.51,30,-3.813209,3.440274,2018-09-24T07:58:48.057,-9999999,K5,101.C-0232(A),Trifonov,-9999999,HARPS_ech_obs_all,HARPS_ech_obs_objAB,STAR_SKY_K1III,5.7665348053486e-06,4.09724062843037e-07,0,0
129107,GJ239.1,99.171799,-19.25707,2458385.8326141,1.930932,1.261979,2635.596722,1.697759,1.367633,0.266513,2634.682743,1.034653,1.367633,0.266513,-0.494642,3.415367,0.231132,0.503896,0.491687,0.000393,0.166337,0.000363,0.241221,0.000479,0,6.896269,53.486185,0.059341,-99999,203.8,2458385.83261,21.906594,21.906732,0,-9999999,1.1e-05,0.055671,1.233516,-0.91399,1.34606,0.51,30,-0.291926,3.419368,2018-09-24T07:59:49.080,-9999999,K5,101.C-0232(A),Trifonov,-9999999,HARPS_ech_obs_all,HARPS_ech_obs_objAB,STAR_SKY_K1III,5.94624418484946e-06,4.97246357065655e-07,0,0
129108,GJ239.1,99.171799,-19.25707,2458385.8333166,1.682783,1.260186,2634.882168,1.67695,1.120774,0.257886,2633.96821,1.000141,1.120774,0.257886,-2.593041,3.451323,0.12727,0.478991,0.491737,0.000379,0.166003,0.00035,0.241154,0.000462,0,6.898046,53.478604,0.057885,-99999,211.1,2458385.83332,21.905482,21.905618,0,-9999999,1.1e-05,0.056962,1.233517,-0.913969,1.346061,0.5,30,-2.39785,3.460248,2018-09-24T08:00:50.074,-9999999,K5,101.C-0232(A),Trifonov,-9999999,HARPS_ech_obs_all,HARPS_ech_obs_objAB,STAR_SKY_K1III,5.67476212145267e-06,4.83256855690887e-07,0,0
129109,GJ239.1,99.171799,-19.25707,2458385.83403,2.704902,1.260662,2635.742301,1.682549,2.144204,0.260198,2634.828364,1.009499,2.144204,0.260198,-1.632884,3.884425,1.879356,0.42266,0.491607,0.000381,0.165691,0.000352,0.241597,0.000466,0,6.899449,53.471485,0.059411,-99999,209.7,2458385.83402,21.904347,21.904498,0,-9999999,1.2e-05,0.058272,1.233518,-0.913949,1.346062,0.52,30,-1.464385,3.884177,2018-09-24T08:01:51.107,-9999999,K5,101.C-0232(A),Trifonov,-9999999,HARPS_ech_obs_all,HARPS_ech_obs_objAB,STAR_SKY_K1III,5.71790662208654e-06,4.81951268745728e-07,0,0
129110,GJ239.1,99.171799,-19.25707,2458385.8347321,1.51808,1.260705,2635.079853,1.687203,0.958671,0.260402,2634.165936,1.017237,0.958671,0.260402,-6.424174,3.501588,1.502782,0.446747,0.49082,0.000382,0.16649,0.000354,0.240244,0.000466,0,6.897373,53.470915,0.058262,-99999,208.9,2458385.83473,21.903226,21.903373,0,-9999999,1.2e-05,0.059562,1.233518,-0.913929,1.346062,0.51,30,-6.246082,3.516131,2018-09-24T08:02:52.060,-9999999,K5,101.C-0232(A),Trifonov,-9999999,HARPS_ech_obs_all,HARPS_ech_obs_objAB,STAR_SKY_K1III,5.7093300985275e-06,5.46762804569711e-07,0,0
129111,GJ239.1,99.171799,-19.25707,2458385.8354694,1.664743,1.258312,2635.572,1.656471,1.106689,0.248558,2634.658104,0.965406,1.106689,0.248558,-2.812751,3.264766,1.666322,0.532651,0.491455,0.000364,0.16714,0.000337,0.24084,0.000444,0,6.898946,53.469144,0.058832,-99999,219.7,2458385.83547,21.902041,21.902186,0,-9999999,1.2e-05,0.060916,1.233519,-0.913908,1.346063,0.53,30,-2.657747,3.275604,2018-09-24T08:03:55.164,-9999999,K5,101.C-0232(A),Trifonov,-9999999,HARPS_ech_obs_all,HARPS_ech_obs_objAB,STAR_SKY_K1III,6.19526230400819e-06,5.21532177645585e-07,0,0
129112,GJ239.1,99.171799,-19.25707,2458385.8361649,1.429754,1.258001,2635.04823,1.654204,0.872977,0.246972,2634.134355,0.96151,0.872977,0.246972,-3.629011,3.577996,0.707277,0.452838,0.491967,0.000364,0.165922,0.000335,0.241513,0.000443,0,6.899022,53.471335,0.060079,-99999,220.3,2458385.83616,21.900919,21.901069,0,-9999999,1.2e-05,0.062193,1.23352,-0.913887,1.346064,0.5,30,-3.488495,3.589326,2018-09-24T08:04:56.147,-9999999,K5,101.C-0232(A),Trifonov,-9999999,HARPS_ech_obs_all,HARPS_ech_obs_objAB,STAR_SKY_K1III,5.81542654584558e-06,4.83515373425874e-07,0,0
129113,GJ239.1,99.171799,-19.25707,2458385.83687,1.068506,1.257889,2634.568789,1.652657,0.513024,0.246399,2633.654934,0.958845,0.513024,0.246399,-3.533427,3.346607,1.351447,0.334802,0.491957,0.000363,0.167119,0.000335,0.241573,0.000442,0,6.89836,53.472959,0.059378,-99999,221.0,2458385.83687,21.899776,21.899908,0,-9999999,1.2e-05,0.063488,1.23352,-0.913867,1.346065,0.5,30,-3.392007,3.361245,2018-09-24T08:05:57.060,-9999999,K5,101.C-0232(A),Trifonov,-9999999,HARPS_ech_obs_all,HARPS_ech_obs_objAB,STAR_SKY_K1III,5.99356004040616e-06,3.85724366734992e-07,0,0
129114,GJ239.1,99.171799,-19.25707,2458385.837583,1.546275,1.257995,2635.122109,1.65173,0.992103,0.246938,2634.208274,0.957245,0.992103,0.246938,-4.770278,3.137152,1.537205,0.452639,0.490815,0.000366,0.166003,0.000336,0.241209,0.000445,0,6.897478,53.469002,0.059448,-99999,219.6,2458385.83758,21.898614,21.898761,0,-9999999,1.2e-05,0.064798,1.233521,-0.913847,1.346066,0.52,30,-4.653099,3.150795,2018-09-24T08:06:58.063,-9999999,K5,101.C-0232(A),Trifonov,-9999999,HARPS_ech_obs_all,HARPS_ech_obs_objAB,STAR_SKY_K1III,5.56800049995809e-06,4.68729829228249e-07,0,0
129115,GJ239.1,99.171799,-19.25707,2458385.8382788,1.348276,1.260269,2634.829973,1.68009,0.795382,0.258267,2633.916158,1.00539,0.795382,0.258267,-2.742713,3.647902,1.632124,0.446485,0.491428,0.000385,0.166432,0.000355,0.241405,0.000469,0,6.897078,53.474522,0.060108,-99999,208.6,2458385.83827,21.897476,21.897627,0,-9999999,1.2e-05,0.066076,1.233522,-0.913827,1.346066,0.49,30,-2.618605,3.659006,2018-09-24T08:07:59.077,-9999999,K5,101.C-0232(A),Trifonov,-9999999,HARPS_ech_obs_all,HARPS_ech_obs_objAB,STAR_SKY_K1III,5.91883554910668e-06,5.00827815668429e-07,0,0
129116,GJ239.1,99.171799,-19.25707,2458385.8389956,1.11016,1.257787,2635.010692,1.648624,0.558583,0.24587,2634.096898,0.951873,0.558583,0.24587,-5.177553,3.158056,1.534844,0.562643,0.491382,0.000362,0.166171,0.000333,0.241011,0.00044,0,6.897073,53.468946,0.058887,-99999,221.4,2458385.83899,21.896297,21.896451,0,-9999999,1.2e-05,0.067393,1.233522,-0.913806,1.346067,0.52,30,-5.054563,3.174644,2018-09-24T08:09:00.100,-9999999,K5,101.C-0232(A),Trifonov,-9999999,HARPS_ech_obs_all,HARPS_ech_obs_objAB,STAR_SKY_K1III,5.46473799328725e-06,4.29679928986129e-07,0,0
