2452537.02960   3319.31   3.05  0.4312 -1.00000     83051   150
2452538.04678   3388.90   3.49  0.4339 -1.00000     81966   130
2452573.01505   3896.05   7.22  0.4624 -1.00000    100906   358
2452573.96234   3892.29   5.70  0.4694 -1.00000     92360   195
2452574.99494   3874.67   5.42  0.4350 -1.00000     93446   183
2452602.90575   3986.13   7.02  0.4895 -1.00000    105161   361
2452898.03331  -1294.45   3.36  0.4607 -1.00000     96489   149
2453302.04220 -11962.71   3.15  0.4678  0.04265     65151   100
2453984.12702    858.95   3.21  0.4459  0.04272     27842    55
2454492.82595 -12303.59   3.12  0.4921  0.04319     41288     0
2454548.82554 -13392.82   2.80  0.3906  0.04222     45143   126
2455196.84654      0.00   3.48  0.4862  0.04299     17876    41
2456531.13061  -3845.17   3.22  0.5051  0.04315     23470    62
2456584.98311  -5259.31   3.24  0.4995  0.04295     21972   350
2456585.97541  -5257.15   3.16  0.5169  0.04506     23731    43
2456614.02238  -5995.97   3.19  0.4997  0.04343     22793    50
2456709.74904  -8656.29   3.28  0.4807  0.04279     20677   500
2458396.94591   2498.64   3.25 -1.0000 -1.00000     23944    93
