2454779.02126     -7.98   1.42  0.6037  0.03850     30285   216
2454780.11097    -10.45   1.56  0.5954  0.03858     30041   208
2455163.95345    -14.55   1.76  0.6389  0.03918     30662   281
2455844.09194      5.26   1.32  0.8032  0.04016     29720   500
2455904.08352      0.00   1.32  0.7028  0.03962     41543   237
2455932.00583      4.92   1.39  0.7564  0.03972     42319   277
2455960.92199     -1.97   1.35  0.7178  0.03965     42037   262
2455992.77966      4.98   1.35  0.7307  0.03952     40763   240
2456018.79638      7.45   1.65  0.7679  0.04012     37775   500
2456266.12550     -0.09   1.56  0.7348  0.03920     26669   148
2456639.97287      9.46   1.51  0.7553  0.03955     31909   428
2458367.13853     -3.11   1.45 -1.0000 -1.00000     25918   226
2458370.14478      1.34   1.42 -1.0000 -1.00000     27048   192
2458384.11420     -0.89   1.22 -1.0000 -1.00000     27075   209
2458386.10242      1.04   1.25 -1.0000 -1.00000     27033   204
2458387.07115      5.90   1.27 -1.0000 -1.00000     27101   176
2458392.08972     -0.38   1.17 -1.0000 -1.00000     54754   402
