2454722.09177   3525.25   1.79  0.8013  0.04228     20267    53
2454723.00049   3550.60   1.51  0.8144  0.04244     49501   146
2456172.07186   5541.64   2.63  0.8579  0.04260      6645    18
2456883.11850    -24.21   2.13  0.8420  0.04311     13223    29
2456884.08498      0.00   2.11  0.8476  0.04261     12873    35
2457596.13244   4291.64   1.75  0.8315  0.04256     25125    56
2457653.91304     71.95   1.88  0.9885  0.04511     25255    74
2457672.88818  -2017.28   2.06  0.9756  0.04457     25578    61
2457697.80914  -4633.17   1.87  0.9186  0.04313     25019    79
2457703.75824  -5169.04   1.92  0.9199  0.04239     25798    61
2457712.00863  -5767.44   1.73  0.9000  0.04293     25916    77
2457713.81254  -5882.87   1.80  0.9166  0.04420     24999   428
2457715.00888  -5952.35   1.57  0.8795  0.04239     51747   487
2457715.98463  -6028.63   1.72  0.8710  0.04222     24863   197
2457716.87627  -6091.58   1.76  0.8804  0.04230     25127   299
2457717.82338  -6132.13   1.89  0.8588  0.04259     25784   243
2457745.89683  -7055.90   1.93  0.8991  0.04293     26379    88
2457746.87918  -7067.31   1.79  0.8783  0.04264     26548    74
2457763.80368  -7110.76   1.74  0.8618  0.04334     26612    74
2457791.70550  -6746.01   2.06  0.8670  0.04219     25919   114
2457970.13888  -2432.37   1.85  0.9758 -1.00000     25309    75
2458112.69400      1.83   1.87 -1.0000 -1.00000     25867    72
2458350.03785   2933.39   1.78 -1.0000 -1.00000     25706    76
2458387.99574   3344.14   1.77 -1.0000 -1.00000     26639    67
2458396.90257   3429.72   1.69 -1.0000 -1.00000     26755    89
2458414.91265   3628.65   1.68 -1.0000 -1.00000     26256    81
2458426.90840   3740.86   1.81 -1.0000 -1.00000     25044   157
2458438.99888   3859.94   2.20 -1.0000 -1.00000     26690   406
2458443.91345   3899.08   1.94 -1.0000 -1.00000     26257    76
2458462.79020   4107.83   1.81 -1.0000 -1.00000     26456    81
