2454722.02021      2.89   1.54  1.1614  0.04385     20235   436
2454722.92081     -4.55   1.54  1.0724  0.04366     20366   335
2455074.09154     -0.85   1.14  1.1372  0.04388     37140   500
2455076.09000     -1.44   0.94  1.1006  0.04379     52442   469
2455077.08331     -2.46   1.07  1.1336  0.04422     52071   485
2455078.09981     -2.93   1.03  1.0816  0.04388     48955   500
2455079.09434     -1.99   1.06  1.0608  0.04359     49805   500
2455080.09652     -0.53   1.06  1.0881  0.04368     52480   441
2455081.10234      1.00   1.05  1.0535  0.04394     51267   500
2455082.08773      2.28   1.04  1.0085  0.04375     51684   485
2455135.92250      2.00   1.15  1.0929  0.04405     49279   500
2455187.87397      0.32   1.43  1.0916  0.04446     22648   600
2455188.77178      0.00   1.12  1.0023  0.04429     37508   600
2455189.80043      2.29   1.01  1.1077  0.04450     52606   462
2455190.84200     -0.69   1.14  1.1022  0.04424     38917   600
2455196.76855      1.61   1.00  1.0492  0.04417     50897   500
2455198.79176      0.37   1.07  1.0282  0.04388     42060   500
2455470.03697     -1.03   1.12  1.0544  0.04416     46067   500
2455584.77825      8.02   1.24  1.3491  0.04516     41121   500
2455771.05844     -0.81   1.18  1.0572  0.04374     41308   600
2458390.04994      8.41   1.26 -1.0000 -1.00000     44606   500
