2452446.07779    -11.83   1.52  0.1503 -1.00000    106514   262
2452488.05371     -8.66   1.64  0.1409 -1.00000     86489   211
2452488.99448     -8.59   1.62  0.1482 -1.00000     90810   169
2452514.88118     -9.54   1.82  0.1423 -1.00000     97217   239
2452515.87905     -8.97   1.86  0.1530 -1.00000     85872   177
2452535.82219    -11.28   1.82  0.1460 -1.00000     86345   168
2452536.89034     -6.04   1.98  0.1455 -1.00000     85179   178
2452537.91762    -13.91   1.87  0.1454 -1.00000     85952   156
2452601.73045     -6.21   1.65  0.1468 -1.00000     99906   199
2452651.79709      3.74   2.71  0.0743 -1.00000     23970   225
2452805.11500     -9.81   1.72  0.1433 -1.00000     96574   199
2452851.08088     -4.20   1.72  0.1563 -1.00000    105961   339
2452924.77963     -1.19   1.84  0.1481 -1.00000    103051   473
2453197.03465     -2.89   1.85  0.1436 -1.00000     85303   208
2453603.06157     -1.03   1.63  0.1383  0.03054    105237   251
2456878.97079      5.98   1.84  0.1416  0.03066     48389   299
2457554.12081      6.41   1.88  0.1490  0.03035     24758    54
2457585.06950      9.65   1.95  0.1694  0.03039     24285    54
2457595.04328      5.00   2.27  0.1530  0.03060     25462    94
2457599.12052      3.94   2.29  0.1562  0.03056     24537    69
2458099.68243      7.47   2.11  0.1554  0.03007     23564    75
2458114.68696      3.77   1.94 -1.0000 -1.00000     23807   112
2458266.12873      0.81   2.07 -1.0000 -1.00000     24085    64
2458332.01142      7.83   1.94 -1.0000 -1.00000     24442   111
2458332.01322   1160.72   3.51 -1.0000 -1.00000     24756   106
2458414.71376      9.39   1.89 -1.0000 -1.00000     24050    65
2458436.79240      5.07   1.95 -1.0000 -1.00000     25444    82
2458647.11988      0.00   1.63 -1.0000 -1.00000     49926   125
2458869.72932     11.40   2.02 -1.0000 -1.00000     48195   206
