Name,JD,RVel,e_RVel,SNR,Dewar
GL526,2448847.6856,-6.4,16.68,81.0,8
GL526,2449114.7903,-21.16,21.36,86.0,8
GL526,2449171.7152,27.15,25.03,83.0,8
GL526,2449350.0217,0.0,16.67,125.0,8
GL526,2449351.0507,-25.48,22.26,63.0,8
GL526,2449375.0239,-33.49,15.22,132.0,8
GL526,2449464.8021,-46.31,28.16,57.0,8
GL526,2449469.8231,-0.88,17.74,129.0,8
GL526,2449770.0875,29.19,7.71,68.0,13
GL526,2449881.77246,22.4,3.02,76.0,13
GL526,2449914.68848,15.46,3.13,82.0,13
GL526,2450072.07324,2.16,4.66,46.0,13
GL526,2450144.96582,-4.28,3.28,68.0,13
GL526,2450180.78613,21.29,3.68,68.0,13
GL526,2450503.94922,2.92,5.9,37.0,13
GL526,2450504.94238,-1.58,4.51,49.0,13
